time,x,y,z
1739480400.0112476,16,110,17
1739480400.0562477,22,-84,-47
1739480400.1022477,32,30,39
1739480400.1482477,51,-76,-4
1739480400.1942475,72,-72,-5
1739480400.2392476,14,-139,22
1739480400.2852476,-18,-13,-3
1739480400.3312476,-34,-21,-39
1739480400.3762476,13,79,-67
1739480400.4222476,-27,-35,52
1739480400.4682477,-35,17,-17
1739480400.5142477,43,-65,-65
1739480400.5592475,-57,-23,10
1739480400.6052475,67,-24,51
1739480400.6512475,-110,-15,-111
1739480400.6962476,-11,73,-128
1739480400.7422476,77,-104,13
1739480400.7882476,47,-14,6
1739480400.8342476,-20,-147,-25
1739480400.8792477,96,-33,14
1739480400.9252477,19,-11,13
1739480400.9712474,65,-78,38
1739480401.0162475,-17,-8,-159
1739480401.0622475,-10,-4,-35
1739480401.1082475,-65,-177,-4
1739480401.1542475,64,17,-187
1739480401.1992476,-59,52,-46
1739480401.2452476,-37,-69,75
1739480401.2912476,58,27,-64
1739480401.3362474,49,73,-128
1739480401.3822474,32,-7,105
1739480401.4282477,-6,-10,-126
1739480401.4792476,-16,28,-102
1739480401.5252476,24,-115,10
1739480401.5712476,3,-150,-28
1739480401.6162477,-63,65,21
1739480401.6622477,-18,39,-133
1739480401.7082477,-84,-63,-3
1739480401.7542477,-84,-65,-27
1739480401.7992475,90,-6,66
1739480401.8452475,17,-72,-102
1739480401.8912475,33,-59,17
1739480401.9362476,-118,-40,-45
1739480401.9822476,26,-101,-49
1739480402.0282476,93,8,8
1739480402.0742476,-12,-7,-52
1739480402.1202476,-35,-73,-172
1739480402.1662476,-50,19,17
1739480402.2122476,-7,-75,-99
1739480402.2582476,61,-52,63
1739480402.3032477,0,39,1
1739480402.3492477,8,-74,-165
1739480402.3952477,-2,-51,104
1739480402.4402475,13,-64,51
1739480402.4862475,3,-22,-13
1739480402.5322475,-46,-87,-5
1739480402.5782475,-77,-33,-36
1739480402.6232476,-21,-84,-144
1739480402.6692476,7,-24,-89
1739480402.7152476,40,56,35
1739480402.7602477,-37,-29,26
1739480402.8062477,49,20,36
1739480402.8522477,6,-1,-63
1739480402.8982477,-16,-62,-67
1739480402.9432476,-33,-31,47
1739480402.9892476,-122,-43,8
1739480403.0352476,-56,7,-42
1739480403.0802476,-32,37,-35
1739480403.1262476,9,12,-24
1739480403.1722476,73,-14,-73
1739480403.2182477,-15,137,24
1739480403.2632475,2,-7,83
1739480403.3092475,-70,-111,40
1739480403.3552475,19,4,-131
1739480403.4002476,-18,-91,-227
1739480403.4462476,-1,-122,-16
1739480403.4922476,-47,-67,-122
1739480403.5382476,8,2,103
1739480403.5832477,14,10,-75
1739480403.6292477,5,-86,-17
1739480403.6752477,-12,-31,9
1739480403.7202475,-29,15,-1
1739480403.7662475,25,-2,-41
1739480403.8122475,-50,-31,-9
1739480403.8582475,6,-48,-30
1739480403.9032476,12,-7,-46
1739480403.9492476,-29,5,-78
1739480403.9952476,-76,-133,86
1739480404.0402474,32,58,-62
1739480404.0862474,124,-46,-63
1739480404.1322474,-11,5,-26
1739480404.1782477,-11,24,-112
1739480404.2232475,-1,13,-95
1739480404.2692475,58,-56,-28
1739480404.3152475,14,62,-17
1739480404.3602476,-51,31,1
1739480404.4062476,43,-8,-2
1739480404.4522476,-77,-4,-19
1739480404.4982476,-23,134,-60
1739480404.5432477,-38,-80,-21
1739480404.5892477,-8,-146,16
1739480404.6352477,-14,-66,41
1739480404.6802475,-1,-46,-106
1739480404.7262475,-7,10,-118
1739480404.7722476,44,112,-90
1739480404.8182476,37,-53,-29
1739480404.8632476,-10,13,-20
1739480404.9092476,-10,-72,-57
1739480404.9552476,61,-23,-146
1739480405.0002477,-17,56,0
1739480405.0462475,36,-75,-96
1739480405.0922475,-3,-21,-54
1739480405.1382475,-12,-78,-91
1739480405.1832476,82,-29,-98
1739480405.2292476,-14,16,-119
1739480405.2752476,-19,-14,-93
1739480405.3202477,-5,-78,83
1739480405.3662477,8,-46,-52
1739480405.4122477,-7,-9,3
1739480405.4582477,-82,-89,-47
1739480405.5032475,11,-20,-98
1739480405.5492475,-23,-73,15
1739480405.5952475,30,-22,0
1739480405.6402476,59,53,-12
1739480405.6862476,26,-37,42
1739480405.7322476,17,45,61
1739480405.7782476,-35,14,-44
1739480405.8232474,55,-134,40
1739480405.8692474,-98,-1,-14
1739480405.9152474,-12,79,19
1739480405.9602475,-1,-100,89
1739480406.0062475,8,-92,-79
1739480406.0522475,-63,137,-96
1739480406.0982475,-9,-71,-168
1739480406.1432476,-17,-40,-57
1739480406.1892476,102,89,79
1739480406.2352476,41,-5,-43
1739480406.2802474,-96,-178,-114
1739480406.3262477,-43,-116,31
1739480406.3722477,65,-53,130
1739480406.4182477,-31,-38,-45
1739480406.4632475,-107,0,-42
1739480406.5092475,13,-115,55
1739480406.5552475,-65,16,-16
1739480406.6002476,85,161,-120
1739480406.6462476,-41,-14,-72
1739480406.6922476,4,26,-95
1739480406.7382476,37,-127,43
1739480406.7832477,39,-81,-79
1739480406.8292477,5,-19,83
1739480406.8752477,-43,-16,-95
1739480406.9202476,-63,42,5
1739480406.9662476,-14,26,-119
1739480407.0122476,5,57,8
1739480407.0582476,7,-92,-93
1739480407.1032476,62,53,-7
1739480407.1492476,-32,8,-148
1739480407.1952477,4,-46,15
1739480407.2402475,41,67,-11
1739480407.2862475,38,-19,-26
1739480407.3322475,-17,10,-21
1739480407.3782475,-45,110,-58
1739480407.4232476,-27,70,-48
1739480407.4692476,-90,-18,-95
1739480407.5152476,34,-112,55
1739480407.5602477,22,-115,-95
1739480407.6062477,-4,-41,30
1739480407.6522477,-8,-87,-88
1739480407.6982474,-31,3,19
1739480407.7432475,42,-54,-57
1739480407.7892475,33,-98,-69
1739480407.8352475,17,-10,56
1739480407.8802476,-89,-77,-46
1739480407.9262476,-61,91,-6
1739480407.9722476,-64,-67,-49
1739480408.0182476,-10,111,-39
1739480408.0632474,70,-34,-53
1739480408.1092474,14,8,-61
1739480408.1552474,-10,-71,-67
1739480408.2002475,64,-76,-126
1739480408.2462475,-27,7,-91
1739480408.2922475,-92,-19,-93
1739480408.3382475,-64,-49,-48
1739480408.3832476,-13,29,66
1739480408.4292476,0,14,35
1739480408.4752476,-26,-9,-12
1739480408.5202477,38,50,-10
1739480408.5662477,-23,-103,-65
1739480408.6122477,-7,19,-21
1739480408.6582477,39,-120,-20
1739480408.7032475,-29,-91,94
1739480408.7492476,12,-96,-20
1739480408.7952476,60,-110,93
1739480408.8402476,89,-98,-87
1739480408.8862476,-15,-31,-112
1739480408.9322476,-1,-54,-1
1739480408.9782476,-7,51,-85
1739480409.0232477,-22,31,17
1739480409.0692475,-10,31,94
1739480409.1152475,-13,-53,23
1739480409.1602476,-20,-43,-111
1739480409.2062476,-11,-39,-27
1739480409.2522476,25,-40,-51
1739480409.2982476,-41,49,7
1739480409.3432477,21,-14,-85
1739480409.3892477,43,-96,-31
1739480409.4352477,-64,25,-27
1739480409.4802475,-9,-39,-139
1739480409.5262475,26,2,-128
1739480409.5722475,37,45,28
1739480409.6182475,93,-86,-98
1739480409.6632476,-1,-64,-77
1739480409.7092476,-23,61,7
1739480409.7552476,-34,-31,-65
1739480409.8002477,50,-50,-33
1739480409.8462474,34,-2,-36
1739480409.8922474,25,0,118
1739480409.9382474,17,-66,28
1739480409.9832475,2,-76,-66
1739480410.0292475,-13,-38,-84
1739480410.0752475,70,-33,-22
1739480410.1202476,94,-59,-131
1739480410.1662476,-30,-29,14
1739480410.2122476,14,-13,-15
1739480410.2582476,108,-37,-41
1739480410.3032477,52,-15,-148
1739480410.3492477,-4,-164,18
1739480410.3952477,57,-25,96
1739480410.4402475,-27,48,61
1739480410.4862475,30,23,-204
1739480410.5322475,10,-104,-29
1739480410.5782475,32,-44,-96
1739480410.6232476,-17,-38,-35
1739480410.6692476,-10,86,85
1739480410.7152476,-22,-16,-64
1739480410.7602477,-16,44,-56
1739480410.8062477,19,-163,-65
1739480410.8522477,65,103,-164
1739480410.8982477,-46,0,104
1739480410.9432476,-6,-6,-48
1739480410.9892476,-31,12,-30
1739480411.0352476,43,-15,-52
1739480411.0802476,-21,-30,-26
1739480411.1262476,30,-29,-42
1739480411.1722476,27,10,-93
1739480411.2182477,33,122,-123
1739480411.2632475,69,20,1
1739480411.3092475,-1,-61,-29
1739480411.3552475,17,-68,-55
1739480411.4002476,18,-29,-2
1739480411.4462476,-9,-106,-105
1739480411.4982476,-35,-107,-63
1739480411.5432477,-18,-92,-64
1739480411.5892477,-2,-30,-100
1739480411.6352477,-30,-48,-21
1739480411.6802475,18,69,51
1739480411.7252476,-56,-32,-49
1739480411.7712476,69,-35,-70
1739480411.8162477,25,-15,-112
1739480411.8622477,-12,-86,-32
1739480411.9082477,59,-41,43
1739480411.9532475,29,-13,-162
1739480411.9992476,36,-99,-143
1739480412.0452476,-46,-44,-54
1739480412.0912476,1,75,-57
1739480412.1362476,55,-1,-33
1739480412.1822476,-8,-52,-38
1739480412.2282476,-10,-17,-86
1739480412.2732477,0,-104,26
1739480412.3192475,1,8,-53
1739480412.3652475,-51,-116,-67
1739480412.4112475,-69,28,-133
1739480412.4562476,93,-141,55
1739480412.5022476,62,-45,-46
1739480412.5482476,55,-63,34
1739480412.5932477,-40,-97,-126
1739480412.6392477,10,50,-119
1739480412.6852477,2,-60,10
1739480412.7312477,-20,9,-54
1739480412.7762475,89,38,-28
1739480412.8222475,89,-2,25
1739480412.8682475,-40,-101,-5
1739480412.9132476,-14,-138,-27
1739480412.9592476,46,-18,-96
1739480413.0052476,9,-79,-10
1739480413.0512476,31,-50,-26
1739480413.0962474,-65,-43,15
1739480413.1422474,-42,-14,13
1739480413.1882474,17,-29,38
1739480413.2332475,-17,-96,-83
1739480413.2792475,-50,26,-20
1739480413.3252475,35,-11,-121
1739480413.3712475,-12,53,-82
1739480413.4162476,22,59,-53
1739480413.4622476,-3,-30,-19
1739480413.5082476,-32,-22,35
1739480413.5532477,84,-83,-18
1739480413.5992477,-72,-72,57
1739480413.6452477,90,-145,0
1739480413.6912477,-8,-74,-49
1739480413.7362475,-31,-4,-105
1739480413.7822475,24,-103,-141
1739480413.8282475,-32,-52,0
1739480413.8732476,-19,-2,0
1739480413.9192476,-5,24,55
1739480413.9652476,-32,-2,-114
1739480414.0112476,88,35,-92
1739480414.0562477,58,-95,-62
1739480414.1022477,7,-89,44
1739480414.1482477,-24,30,-24
1739480414.1932476,-57,-22,-98
1739480414.2392476,-15,-62,6
1739480414.2852476,35,-55,-134
1739480414.3312476,41,-8,-104
1739480414.3762476,-28,-102,-118
1739480414.4222476,-26,-92,-37
1739480414.4682477,-41,-97,-35
1739480414.5132475,-5,-80,-28
1739480414.5592475,63,-147,-133
1739480414.6052475,-11,-86,-84
1739480414.6512475,-34,-73,-26
1739480414.6962476,-15,-118,-36
1739480414.7422476,36,74,0
1739480414.7882476,5,7,14
1739480414.8332477,-2,-45,33
1739480414.8792477,-2,-64,63
1739480414.9252477,-45,12,34
1739480414.9712474,-35,13,-78
1739480415.0162475,-40,-42,-17
1739480415.0622475,-33,-13,-156
1739480415.1082475,-5,-142,-114
1739480415.1532476,70,-54,85
1739480415.1992476,118,-53,-82
1739480415.2452476,51,-15,-9
1739480415.2912476,-1,36,-86
1739480415.3362474,-86,-84,72
1739480415.3822474,-52,34,-75
1739480415.4282477,5,45,-65
1739480415.4732475,6,194,-106
1739480415.5192475,36,-82,44
1739480415.5652475,-1,-85,-80
1739480415.6112475,132,-113,105
1739480415.6562476,11,-12,62
1739480415.7022476,7,-69,-114
1739480415.7482476,-44,80,-10
1739480415.7932477,53,1,-55
1739480415.8392477,-108,54,-58
1739480415.8852477,-13,41,-120
1739480415.9312477,-67,-16,37
1739480415.9762475,-83,69,-128
1739480416.0222476,36,-14,-52
1739480416.0682476,44,94,4
1739480416.1132476,12,-50,73
1739480416.1592476,-56,-1,63
1739480416.2052476,-44,-115,-71
1739480416.2512476,-65,1,-25
1739480416.2962475,-21,-26,50
1739480416.3422475,0,-48,-30
1739480416.3882475,-63,-136,49
1739480416.4332476,-23,53,-92
1739480416.4792476,-35,-49,25
1739480416.5252476,-41,-68,-70
1739480416.5712476,0,-84,-1
1739480416.6162477,11,-90,-43
1739480416.6622477,42,2,-48
1739480416.7082477,16,-90,-26
1739480416.7532475,-104,3,-8
1739480416.7992475,94,-214,-21
1739480416.8452475,46,-4,-136
1739480416.8912475,-29,-3,-106
1739480416.9362476,69,-111,8
1739480416.9822476,-9,152,12
1739480417.0282476,0,-29,-144
1739480417.0732474,-22,-52,-113
1739480417.1192474,93,14,-71
1739480417.1652474,49,96,-38
1739480417.2112474,101,7,79
1739480417.2562475,27,-50,-19
1739480417.3022475,-159,-159,-74
1739480417.3482475,-24,-115,12
1739480417.3932476,11,-26,0
1739480417.4392476,45,-110,-46
1739480417.4852476,-80,-147,69
1739480417.5312476,67,42,-16
1739480417.5762477,-48,43,22
1739480417.6222477,122,-58,-11
1739480417.6682477,-43,-21,0
1739480417.7132475,17,102,22
1739480417.7592475,82,-35,-34
1739480417.8052475,-39,-28,-10
1739480417.8512475,5,-41,55
1739480417.8962476,-7,56,72
1739480417.9422476,-23,-73,15
1739480417.9882476,21,-85,-136
1739480418.0332477,-51,-8,76
1739480418.0792477,14,-47,-45
1739480418.1252477,-36,-56,-58
1739480418.1712475,8,-162,-73
1739480418.2162476,-62,-34,-106
1739480418.2622476,-37,-74,-104
1739480418.3082476,-2,36,-139
1739480418.3532476,-59,78,-96
1739480418.3992476,31,45,-81
1739480418.4452477,-37,46,-19
1739480418.4912477,-2,-88,53
1739480418.5362475,-29,102,-117
1739480418.5822475,-17,-139,-71
1739480418.6282475,-75,92,3
1739480418.6732476,4,-73,15
1739480418.7192476,62,169,27
1739480418.7652476,35,-47,-70
1739480418.8112476,20,-79,19
1739480418.8562477,-26,-60,-86
1739480418.9022477,4,-4,-90
1739480418.9482474,4,65,-9
1739480418.9932475,15,111,-48
1739480419.0392475,-6,-13,0
1739480419.0852475,-94,-52,0
1739480419.1312475,39,-31,-55
1739480419.1762476,-30,-102,-48
1739480419.2222476,48,66,46
1739480419.2682476,20,-8,-14
1739480419.3132474,23,20,35
1739480419.3592474,11,-80,-69
1739480419.4052474,20,92,-64
1739480419.4512477,44,-48,-141
1739480419.4962475,-58,3,41
1739480419.5422475,3,-102,4
1739480419.5882475,14,-32,38
1739480419.6332476,0,-45,-94
1739480419.6792476,-86,-51,-2
1739480419.7252476,15,-64,81
1739480419.7712476,-23,-33,-186
1739480419.8162477,11,-68,-34
1739480419.8622477,13,52,-31
1739480419.9082477,-83,-75,83
1739480419.9532475,-4,-83,-29
1739480419.9992476,-22,43,-23
1739480420.0452476,33,-90,-50
1739480420.0912476,-7,89,15
1739480420.1362476,-20,-81,33
1739480420.1822476,61,12,15
1739480420.2282476,42,12,56
1739480420.2732477,10,-144,-72
1739480420.3192475,11,36,53
1739480420.3652475,91,-124,36
1739480420.4112475,-3,33,-3
1739480420.4562476,-33,-99,-29
1739480420.5022476,-19,-51,-36
1739480420.5482476,-7,-109,75
1739480420.5932477,-2,-82,-147
1739480420.6392477,12,-70,-30
1739480420.6852477,-12,0,-81
1739480420.7312477,-31,1,-40
1739480420.7762475,88,-12,-7
1739480420.8222475,18,12,-16
1739480420.8682475,-20,37,-88
1739480420.9132476,80,10,47
1739480420.9592476,-2,12,48
1739480421.0052476,0,9,107
1739480421.0512476,-1,0,-66
1739480421.0962474,10,-21,66
1739480421.1422474,16,44,-35
1739480421.1882474,-30,-34,-59
1739480421.2332475,-94,56,-39
1739480421.2792475,47,5,-115
1739480421.3252475,-29,-50,2
1739480421.3712475,-55,-13,-41
1739480421.4162476,6,10,68
1739480421.4622476,-29,-3,0
1739480421.5132475,-2,-9,11
1739480421.5592475,-86,-89,-51
1739480421.6052475,68,-30,-7
1739480421.6512475,-35,-24,-192
1739480421.6962476,-58,-78,-102
1739480421.7422476,-8,-66,-40
1739480421.7882476,42,19,-106
1739480421.8332477,-17,66,3
1739480421.8792477,19,-159,-84
1739480421.9252477,70,-11,-139
1739480421.9712474,-73,56,83
1739480422.0162475,43,91,52
1739480422.0622475,-4,-54,-26
1739480422.1082475,-18,49,-41
1739480422.1532476,9,70,19
1739480422.1992476,-68,1,-51
1739480422.2452476,-24,-137,-67
1739480422.2912476,2,25,-58
1739480422.3362474,82,120,83
1739480422.3822474,-75,-27,-103
1739480422.4282477,-14,-1,-89
1739480422.4732475,-74,35,-90
1739480422.5192475,59,-80,-103
1739480422.5652475,8,43,-32
1739480422.6112475,67,-18,21
1739480422.6562476,-1,11,-18
1739480422.7022476,-30,-26,64
1739480422.7482476,19,-95,76
1739480422.7932477,39,-59,-8
1739480422.8392477,-9,-118,98
1739480422.8852477,-5,-63,50
1739480422.9312477,30,-20,-24
1739480422.9762475,-19,-63,-54
1739480423.0222476,-20,4,-24
1739480423.0682476,65,-135,-11
1739480423.1132476,1,96,-5
1739480423.1592476,37,107,30
1739480423.2052476,3,-46,-65
1739480423.2512476,-28,-46,-63
1739480423.2962475,-14,-137,-48
1739480423.3422475,-36,-116,-39
1739480423.3882475,51,-51,-59
1739480423.4332476,-11,-30,-63
1739480423.4792476,69,29,-38
1739480423.5252476,84,15,-111
1739480423.5712476,16,-103,91
1739480423.6162477,20,-127,-5
1739480423.6622477,72,73,1
1739480423.7082477,-86,34,48
1739480423.7532475,0,-148,79
1739480423.7992475,-14,-87,-115
1739480423.8452475,-24,-138,41
1739480423.8912475,39,-39,-73
1739480423.9362476,110,-131,64
1739480423.9822476,-60,-66,-76
1739480424.0282476,-35,-46,58
1739480424.0732474,-4,-67,-3
1739480424.1192474,21,-1,-112
1739480424.1652474,5,-63,-38
1739480424.2112474,57,37,-108
1739480424.2562475,-31,-69,0
1739480424.3022475,19,-63,24
1739480424.3482475,-23,-86,-75
1739480424.3932476,45,-5,-54
1739480424.4392476,20,-131,-61
1739480424.4852476,-41,86,-46
1739480424.5312476,4,-20,-144
1739480424.5762477,28,-17,15
1739480424.6222477,-15,8,-130
1739480424.6682477,-44,-226,-107
1739480424.7132475,-61,16,-128
1739480424.7592475,-14,-36,12
1739480424.8052475,-31,-78,7
1739480424.8512475,-63,-20,-61
1739480424.8962476,-72,4,-42
1739480424.9422476,63,-122,-20
1739480424.9882476,3,-128,10
1739480425.0332477,-16,49,-88
1739480425.0792477,8,-138,-7
1739480425.1252477,-20,4,-105
1739480425.1712475,48,20,78
1739480425.2162476,85,-36,-15
1739480425.2622476,-57,-77,-48
1739480425.3082476,-15,-10,-45
1739480425.3532476,93,74,96
1739480425.3992476,-2,31,-144
1739480425.4452477,-19,25,55
1739480425.4912477,52,-32,58
1739480425.5362475,6,-19,-64
1739480425.5822475,-17,21,-83
1739480425.6282475,13,-182,-49
1739480425.6732476,35,40,-116
1739480425.7192476,77,-28,17
1739480425.7652476,58,12,-67
1739480425.8112476,0,-58,11
1739480425.8562477,-33,85,-116
1739480425.9022477,45,-200,-66
1739480425.9482474,13,-28,26
1739480425.9932475,23,-16,-157
1739480426.0392475,54,-18,-50
1739480426.0852475,-12,-55,-88
1739480426.1312475,-38,-81,-72
1739480426.1762476,-6,-3,-170
1739480426.2222476,-13,13,2
1739480426.2682476,12,43,-7
1739480426.3132474,42,27,11
1739480426.3592474,131,53,-23
1739480426.4052474,50,-33,8
1739480426.4512477,-54,-101,96
1739480426.4962475,-10,-123,-140
1739480426.5422475,19,22,-35
1739480426.5882475,19,-36,-55
1739480426.6332476,10,-45,-60
1739480426.6792476,11,43,-101
1739480426.7252476,-33,-60,-83
1739480426.7712476,-43,11,-42
1739480426.8162477,92,-30,104
1739480426.8622477,35,34,-20
1739480426.9082477,9,-31,41
1739480426.9532475,64,-72,-32
1739480426.9992476,-27,-55,-49
1739480427.0452476,-23,104,-57
1739480427.0912476,-46,-2,6
1739480427.1362476,42,-138,-110
1739480427.1822476,-41,-54,-12
1739480427.2282476,12,-65,-38
1739480427.2732477,37,-87,-88
1739480427.3192475,-15,28,73
1739480427.3652475,-55,-40,0
1739480427.4112475,-94,-68,-13
1739480427.4562476,106,-31,-73
1739480427.5022476,-48,-34,-25
1739480427.5482476,37,-17,73
1739480427.5932477,15,49,-70
1739480427.6392477,-3,34,14
1739480427.6852477,-63,-62,11
1739480427.7312477,-55,-96,-90
1739480427.7762475,-9,-68,-62
1739480427.8222475,-43,-37,-76
1739480427.8682475,44,-24,-11
1739480427.9132476,74,20,-165
1739480427.9592476,43,27,140
1739480428.0052476,-11,-14,-93
1739480428.0512476,42,-89,-71
1739480428.0962474,64,-39,-18
1739480428.1422474,51,-10,-122
1739480428.1882474,6,-38,-81
1739480428.2332475,16,54,51
1739480428.2792475,-9,-51,68
1739480428.3252475,-7,-7,-123
1739480428.3712475,4,-126,-38
1739480428.4162476,13,-88,26
1739480428.4622476,-33,-8,-105
1739480428.5082476,-24,4,-38
1739480428.5532477,30,-57,-152
1739480428.5992477,4,-48,-18
1739480428.6452477,50,-149,-38
1739480428.6912477,-36,98,47
1739480428.7362475,-38,-54,14
1739480428.7822475,-34,-60,-10
1739480428.8282475,-121,-26,-60
1739480428.8732476,-79,46,-41
1739480428.9192476,-55,-18,-37
1739480428.9652476,-36,-36,35
1739480429.0112476,45,69,-39
1739480429.0562477,-4,-64,-88
1739480429.1022477,47,-61,-37
1739480429.1482477,7,-43,25
1739480429.1932476,-12,-66,-34
1739480429.2392476,1,42,54
1739480429.2852476,0,-12,-165
1739480429.3312476,60,-149,-129
1739480429.3762476,-6,-64,-111
1739480429.4222476,-23,66,-53
1739480429.4682477,17,-69,-160
1739480429.5132475,-34,8,26
1739480429.5592475,-2,-25,59
1739480429.6052475,28,33,33
1739480429.6512475,-42,8,-63
1739480429.6962476,-65,-12,48
1739480429.7422476,-15,26,-95
1739480429.7882476,39,59,-22
1739480429.8332477,-46,-128,-102
1739480429.8792477,-27,56,-43
1739480429.9252477,-41,-82,-22
1739480429.9712474,32,-43,-12
1739480430.0162475,-9,25,-94
1739480430.0622475,-15,-142,-92
1739480430.1082475,10,-162,-65
1739480430.1532476,-55,-138,-60
1739480430.1992476,-5,-47,44
1739480430.2452476,-19,-114,10
1739480430.2912476,-51,-46,69
1739480430.3362474,-19,-104,-29
1739480430.3822474,33,3,-12
1739480430.4282477,47,-133,-91
1739480430.4732475,50,-21,-105
1739480430.5192475,-49,-58,-131
1739480430.5652475,-77,24,42
1739480430.6112475,60,-57,25
1739480430.6562476,-77,18,-6
1739480430.7022476,-24,-36,-11
1739480430.7482476,0,19,-51
1739480430.7932477,-17,-86,90
1739480430.8392477,-19,-100,34
1739480430.8852477,4,115,23
1739480430.9312477,-28,-18,-155
1739480430.9762475,-81,-38,-22
1739480431.0222476,-24,-78,36
1739480431.0682476,28,-83,37
1739480431.1132476,-1,-138,-84
1739480431.1592476,-30,-9,-74
1739480431.2052476,-132,-33,-27
1739480431.2512476,24,70,64
1739480431.2962475,19,-51,-44
1739480431.3422475,20,-40,-70
1739480431.3882475,36,-10,-27
1739480431.4332476,23,5,-33
1739480431.4852476,-8,-107,6
1739480431.5312476,16,-102,-28
1739480431.5762477,50,82,2
1739480431.6222477,-19,-7,-22
1739480431.6682477,2,-28,-15
1739480431.7132475,-27,69,-80
1739480431.7592475,4,-236,16
1739480431.8052475,-120,-15,-30
1739480431.8512475,-26,-31,-36
1739480431.8962476,-70,0,-33
1739480431.9422476,61,-110,-35
1739480431.9882476,7,20,-93
1739480432.0332477,12,-57,-8
1739480432.0792477,41,-40,-14
1739480432.1252477,-20,-149,68
1739480432.1712475,8,15,21
1739480432.2162476,-74,67,38
1739480432.2622476,-6,35,-32
1739480432.3082476,-81,-73,68
1739480432.3532476,51,-58,-87
1739480432.3992476,29,120,-3
1739480432.4452477,9,-95,46
1739480432.4912477,-49,-145,5
1739480432.5362475,-56,-129,-144
1739480432.5822475,-1,-22,0
1739480432.6282475,-37,7,32
1739480432.6732476,-1,-61,-99
1739480432.7192476,-41,115,-28
1739480432.7652476,-5,-136,-117
1739480432.8112476,100,84,-86
1739480432.8562477,-17,-62,-30
1739480432.9022477,0,80,0
1739480432.9482474,38,24,-79
1739480432.9932475,33,-39,-96
1739480433.0392475,-73,-45,54
1739480433.0852475,16,44,24
1739480433.1312475,51,-90,-108
1739480433.1762476,-8,-47,54
1739480433.2222476,-33,-75,21
1739480433.2682476,31,-21,-145
1739480433.3132474,-58,-85,-186
1739480433.3592474,7,-21,-44
1739480433.4052474,-15,-36,-90
1739480433.4512477,-84,84,32
1739480433.4962475,9,-76,-70
1739480433.5422475,22,-36,-126
1739480433.5882475,28,111,0
1739480433.6332476,76,-51,26
1739480433.6792476,11,24,-86
1739480433.7252476,-67,65,-152
1739480433.7712476,-52,-7,-72
1739480433.8162477,-45,81,11
1739480433.8622477,19,-36,-72
1739480433.9082477,-10,-80,-83
1739480433.9532475,37,-9,19
1739480433.9992476,-86,-36,0
1739480434.0452476,38,-116,-27
1739480434.0912476,5,-174,-4
1739480434.1362476,-55,-87,-41
1739480434.1822476,57,-37,-109
1739480434.2282476,111,5,57
1739480434.2732477,-21,-203,-78
1739480434.3192475,53,-80,-78
1739480434.3652475,47,-21,-91
1739480434.4112475,2,-68,-70
1739480434.4562476,43,-10,19
1739480434.5022476,50,-91,-32
1739480434.5482476,-11,-28,-48
1739480434.5932477,-44,-30,47
1739480434.6392477,-32,138,84
1739480434.6852477,-78,-104,101
1739480434.7312477,-48,-100,-204
1739480434.7762475,-10,-194,-9
1739480434.8222475,52,-169,31
1739480434.8682475,8,-81,-47
1739480434.9132476,49,-53,12
1739480434.9592476,23,46,-22
1739480435.0052476,-17,-126,-73
1739480435.0512476,49,15,-45
1739480435.0962474,-12,32,-82
1739480435.1422474,46,-113,-89
1739480435.1882474,-49,-120,-20
1739480435.2332475,18,-152,-56
1739480435.2792475,-70,-128,5
1739480435.3252475,13,-83,100
1739480435.3712475,61,69,-8
1739480435.4162476,-46,52,51
1739480435.4622476,-20,12,-58
1739480435.5082476,-54,-46,-55
1739480435.5532477,70,65,12
1739480435.5992477,-31,-101,2
1739480435.6452477,-109,-32,78
1739480435.6912477,-29,0,-183
1739480435.7362475,-16,-48,72
1739480435.7822475,16,-97,-154
1739480435.8282475,-37,-193,-28
1739480435.8732476,6,34,114
1739480435.9192476,55,-19,81
1739480435.9652476,-6,46,-12
1739480436.0112476,13,80,-65
1739480436.0562477,-53,-26,70
1739480436.1022477,-52,30,-112
1739480436.1482477,52,-83,-66
1739480436.1932476,-9,-82,-96
1739480436.2392476,45,-113,16
1739480436.2852476,5,-64,-78
1739480436.3312476,-1,38,-74
1739480436.3762476,37,5,-194
1739480436.4222476,31,-77,-42
1739480436.4682477,37,-22,-41
1739480436.5132475,-2,-8,-145
1739480436.5592475,9,-59,-120
1739480436.6052475,1,-85,-78
1739480436.6512475,-11,-150,-67
1739480436.6962476,5,81,12
1739480436.7422476,7,-111,16
1739480436.7882476,69,-57,-30
1739480436.8332477,-26,-94,-19
1739480436.8792477,-8,-58,-3
1739480436.9252477,40,-1,-32
1739480436.9712474,-43,-2,2
1739480437.0162475,34,0,-62
1739480437.0622475,60,-19,-106
1739480437.1082475,-31,-62,59
1739480437.1532476,60,-23,16
1739480437.1992476,-23,-72,-115
1739480437.2452476,31,-47,-201
1739480437.2912476,-44,-32,-79
1739480437.3362474,-31,-32,-7
1739480437.3822474,9,-36,-23
1739480437.4282477,40,101,23
1739480437.4732475,27,-77,3
1739480437.5192475,51,-97,-82
1739480437.5652475,-5,-191,44
1739480437.6112475,-30,21,-55
1739480437.6562476,-23,19,-42
1739480437.7022476,6,55,-76
1739480437.7482476,-9,-15,-51
1739480437.7932477,5,-33,-68
1739480437.8392477,-12,19,88
1739480437.8852477,51,-86,68
1739480437.9312477,24,-118,-14
1739480437.9762475,-22,31,80
1739480438.0222476,-22,-77,43
1739480438.0682476,43,0,50
1739480438.1132476,18,-20,66
1739480438.1592476,27,-50,-31
1739480438.2052476,-71,-83,-99
1739480438.2512476,5,6,-89
1739480438.2962475,-35,57,-13
1739480438.3412476,41,-154,-67
1739480438.3872476,23,-28,9
1739480438.4322476,-1,-5,-158
1739480438.4782476,-1,89,-27
1739480438.5242476,-55,-95,-10
1739480438.5692475,18,-88,-106
1739480438.6152475,0,72,-98
1739480438.6612475,2,-3,-75
1739480438.7072475,-11,-49,19
1739480438.7522476,-75,-31,113
1739480438.7982476,-57,23,28
1739480438.8442476,31,-40,-109
1739480438.8892477,75,-24,-36
1739480438.9352477,28,-1,-17
1739480438.9812477,-67,-84,-66
1739480439.0272477,58,7,13
1739480439.0722475,-6,-81,58
1739480439.1182475,-34,-98,-103
1739480439.1642475,-49,-65,-22
1739480439.2092476,-7,-67,24
1739480439.2552476,-9,18,-29
1739480439.3012476,-22,0,22
1739480439.3472476,-47,18,-86
1739480439.3922474,-84,-72,-5
1739480439.4382474,48,-111,-40
1739480439.4842474,-4,0,92
1739480439.5292475,-27,-38,-27
1739480439.5752475,21,43,53
1739480439.6212475,16,-135,-68
1739480439.6672475,-46,42,25
1739480439.7122476,5,-5,-100
1739480439.7582476,7,21,2
1739480439.8042476,40,-23,-21
1739480439.8492477,-82,-163,2
1739480439.8952477,-1,-91,35
1739480439.9412477,61,-58,51
1739480439.9872477,78,-64,-15
1739480440.0322475,-64,-75,-54
1739480440.0782475,4,-106,19
1739480440.1242476,2,-18,-73
1739480440.1692476,-38,-21,70
1739480440.2152476,2,105,-34
1739480440.2612476,47,-9,-126
1739480440.3072476,-1,-102,32
1739480440.3522477,-27,-22,14
1739480440.3982477,23,45,-23
1739480440.4442475,18,-55,-64
1739480440.4892476,43,-91,-106
1739480440.5352476,88,0,1
1739480440.5812476,39,23,-70
1739480440.6262476,-56,20,-43
1739480440.6722476,-43,-12,39
1739480440.7182477,-36,-6,67
1739480440.7642477,7,-27,-182
1739480440.8092475,0,9,-40
1739480440.8552475,-17,-81,79
1739480440.9012475,-18,14,-93
1739480440.9472475,72,-41,49
1739480440.9922476,23,-109,0
1739480441.0382476,45,-97,-66
1739480441.0842476,33,-171,83
1739480441.1292477,-29,-104,-88
1739480441.1752477,35,-57,93
1739480441.2212474,-32,-11,-40
1739480441.2672474,27,11,-112
1739480441.3122475,-28,24,8
1739480441.3582475,-71,-92,6
1739480441.4042475,51,-111,48
1739480441.4492476,-26,-82,-165
1739480441.5012476,-102,-12,-95
1739480441.5462475,0,5,-111
1739480441.5922475,36,13,-38
1739480441.6382475,57,0,-128
1739480441.6842475,85,85,-21
1739480441.7292476,150,85,-82
1739480441.7752476,-88,-80,-47
1739480441.8212476,-4,80,-16
1739480441.8672476,10,-49,-66
1739480441.9122477,-2,-6,-41
1739480441.9582477,-2,0,-117
1739480442.0042477,-57,35,0
1739480442.0492475,52,-18,-43
1739480442.0952475,1,-93,-97
1739480442.1412475,45,8,-106
1739480442.1872475,15,-122,12
1739480442.2322476,-44,-91,-34
1739480442.2782476,37,24,-61
1739480442.3242476,-14,46,57
1739480442.3692474,-42,-24,74
1739480442.4152474,-39,-202,-76
1739480442.4612474,17,-79,-86
1739480442.5072474,61,60,16
1739480442.5522475,-12,0,-99
1739480442.5982475,30,-70,44
1739480442.6442475,15,-3,-45
1739480442.6892476,-18,-50,15
1739480442.7352476,61,0,-2
1739480442.7812476,-12,-29,-52
1739480442.8262477,8,-33,27
1739480442.8722477,-4,-63,-109
1739480442.9182477,4,-52,-70
1739480442.9642477,-31,-35,-99
1739480443.0092475,50,32,-22
1739480443.0552475,-16,-3,-18
1739480443.1012475,30,-50,-30
1739480443.1462476,34,4,-26
1739480443.1922476,9,-89,-136
1739480443.2382476,-23,66,-50
1739480443.2842476,72,-68,-20
1739480443.3292477,-181,-93,11
1739480443.3752477,-3,-161,-77
1739480443.4212475,7,-93,-80
1739480443.4662476,7,44,-38
1739480443.5122476,27,-83,-6
1739480443.5582476,66,-42,-19
1739480443.6042476,-38,-33,-12
1739480443.6492476,9,4,5
1739480443.6942475,22,-105,-162
1739480443.7402475,19,-50,21
1739480443.7852476,28,-27,1
1739480443.8312476,-5,-121,0
1739480443.8772476,-20,-64,-32
1739480443.9222476,-19,62,34
1739480443.9682477,-52,82,-85
1739480444.0142477,-30,32,-40
1739480444.0602477,25,-45,0
1739480444.1052475,-2,-69,-19
1739480444.1512475,8,45,16
1739480444.1972475,59,-159,-54
1739480444.2422476,27,0,-73
1739480444.2882476,31,-33,-3
1739480444.3342476,45,-75,-105
1739480444.3802476,-26,-18,0
1739480444.4252477,14,-146,42
1739480444.4712474,-5,-19,-43
1739480444.5172474,-19,44,27
1739480444.5622475,36,-17,-81
1739480444.6082475,-39,-14,56
1739480444.6542475,32,-75,-80
1739480444.7002475,-58,-82,-128
1739480444.7452476,1,-122,-89
1739480444.7912476,96,3,-66
1739480444.8372476,-30,-85,-20
1739480444.8822474,-148,-68,-101
1739480444.9282477,94,-51,11
1739480444.9742477,-43,-22,-54
1739480445.0202477,-31,-156,-16
1739480445.0652475,22,28,27
1739480445.1112475,15,-127,3
1739480445.1572475,18,-65,-55
1739480445.2022476,-27,-93,-35
1739480445.2482476,58,115,6
1739480445.2942476,-32,-127,131
1739480445.3402476,41,-111,50
1739480445.3852477,25,41,0
1739480445.4312477,22,-32,-48
1739480445.4772477,-9,-43,4
1739480445.5222476,2,-16,-50
1739480445.5682476,-97,14,-6
1739480445.6142476,47,25,-97
1739480445.6602476,-5,-16,-22
1739480445.7052476,-14,-60,-100
1739480445.7512476,40,-27,-64
1739480445.7972476,59,53,-35
1739480445.8422475,-31,34,-239
1739480445.8882475,-36,-68,167
1739480445.9342475,27,-84,145
1739480445.9802475,-75,-110,-22
1739480446.0252476,-17,59,-72
1739480446.0712476,12,-77,18
1739480446.1172476,-2,-123,8
1739480446.1622477,-1,71,-1
1739480446.2082477,-15,35,-7
1739480446.2542477,93,-116,-89
1739480446.3002477,37,0,-63
1739480446.3452475,11,-26,-78
1739480446.3912475,-31,-29,-91
1739480446.4372475,105,0,-66
1739480446.4822476,14,31,-59
1739480446.5282476,3,21,-226
1739480446.5742476,-57,-107,-7
1739480446.6202476,39,-74,-21
1739480446.6652474,0,-152,-70
1739480446.7112474,-62,9,34
1739480446.7572474,15,-1,-63
1739480446.8022475,-26,-57,-151
1739480446.8482475,75,-20,-53
1739480446.8942475,50,32,-79
1739480446.9402475,-35,-23,-1
1739480446.9852476,45,-72,-127
1739480447.0312476,11,-58,1
1739480447.0772476,-22,-33,-120
1739480447.1222477,23,-6,-47
1739480447.1682477,-53,-128,-16
1739480447.2142477,-14,30,37
1739480447.2602477,25,135,-58
1739480447.3052475,-7,-45,-52
1739480447.3512475,-45,76,-74
1739480447.3972476,-42,-28,-24
1739480447.4422476,7,-201,-77
1739480447.4882476,-2,11,10
1739480447.5342476,15,-7,-56
1739480447.5802476,34,-72,-24
1739480447.6252477,17,-9,-11
1739480447.6712475,18,-63,-86
1739480447.7172475,16,-54,-1
1739480447.7622476,35,-92,63
1739480447.8082476,19,60,4
1739480447.8542476,-5,-95,129
1739480447.9002476,26,-86,-41
1739480447.9452477,-84,-9,-61
1739480447.9912477,-81,15,71
1739480448.0372477,-52,-62,-72
1739480448.0822475,8,27,-48
1739480448.1282475,67,-100,-2
1739480448.1742475,87,56,-132
1739480448.2202475,-85,-75,-43
1739480448.2652476,-81,-1,31
1739480448.3112476,-37,-143,-36
1739480448.3572476,48,-102,-58
1739480448.4022477,19,-22,-79
1739480448.4482474,-18,-101,-89
1739480448.4942474,29,54,-19
1739480448.5402474,57,20,-47
1739480448.5852475,-40,-111,-60
1739480448.6312475,27,-60,10
1739480448.6772475,-15,-125,-103
1739480448.7222476,1,-116,-48
1739480448.7682476,-10,80,-130
1739480448.8142476,-39,-160,1
1739480448.8602476,-8,131,-15
1739480448.9052474,5,-105,71
1739480448.9512477,-4,-29,-100
1739480448.9972477,-42,20,-8
1739480449.0422475,-25,-126,-77
1739480449.0882475,20,-22,-6
1739480449.1342475,-38,-13,-41
1739480449.1802475,-75,33,62
1739480449.2252476,34,-22,89
1739480449.2712476,-24,-95,8
1739480449.3172476,-23,18,-69
1739480449.3622477,53,-30,-110
1739480449.4082477,-12,55,28
1739480449.4542477,4,-94,-122
1739480449.5002477,22,-66,0
1739480449.5452476,-1,113,-15
1739480449.5912476,29,64,-3
1739480449.6372476,71,-127,-213
1739480449.6822476,-22,-36,-1
1739480449.7282476,25,27,-91
1739480449.7742476,14,-30,15
1739480449.8202477,-61,-2,110
1739480449.8652475,22,34,-70
1739480449.9112475,-41,-82,59
1739480449.9572475,41,-79,-21
1739480450.0022476,7,-63,-120
1739480450.0482476,-6,-87,-54
1739480450.0942476,-6,-20,27
1739480450.1402476,79,-53,-87
1739480450.1852477,35,-63,39
1739480450.2312477,-28,110,-71
1739480450.2772477,17,-60,5
1739480450.3222475,-44,-64,-44
1739480450.3682475,-12,36,-172
1739480450.4142475,0,68,43
1739480450.4602475,76,-55,5
1739480450.5052476,57,-89,-18
1739480450.5512476,-31,8,12
1739480450.5972476,5,65,-117
1739480450.6422474,-27,-36,21
1739480450.6882474,30,-9,-47
1739480450.7342474,-14,21,84
1739480450.7802474,11,-107,-147
1739480450.8252475,-21,-38,-105
1739480450.8712475,32,103,-22
1739480450.9172475,-71,-80,-34
1739480450.9622476,1,-94,0
1739480451.0082476,80,-71,60
1739480451.0542476,-44,-116,-21
1739480451.1002476,24,-59,-142
1739480451.1452477,-9,8,-41
1739480451.1912477,72,-15,13
1739480451.2372477,18,1,95
1739480451.2822475,20,-41,-13
1739480451.3282475,70,-39,-10
1739480451.3742476,-37,-112,-9
1739480451.4202476,46,-115,-6
1739480451.4652476,-137,-80,-116
1739480451.5172474,-6,-17,125
1739480451.5622475,34,-111,20
1739480451.6082475,-68,14,-21
1739480451.6542475,14,-75,-107
1739480451.7002475,12,-57,-170
1739480451.7452476,-40,-96,-58
1739480451.7912476,-29,-216,-59
1739480451.8372476,6,-7,-54
1739480451.8822474,77,37,-72
1739480451.9282477,9,-5,4
1739480451.9742477,39,47,-7
1739480452.0202477,-39,32,-110
1739480452.0652475,20,-45,41
1739480452.1112475,-12,-112,18
1739480452.1572475,-67,16,4
1739480452.2022476,-31,-68,1
1739480452.2482476,-7,-52,-103
1739480452.2942476,-60,56,33
1739480452.3402476,27,20,20
1739480452.3852477,-33,46,-62
1739480452.4312477,-99,14,34
1739480452.4772477,-13,-10,3
1739480452.5222476,4,-43,-18
1739480452.5682476,23,159,-64
1739480452.6142476,-40,36,-63
1739480452.6602476,22,-65,-103
1739480452.7052476,-27,6,48
1739480452.7512476,-13,-40,18
1739480452.7972476,32,-137,-83
1739480452.8422475,33,43,-39
1739480452.8882475,4,97,-86
1739480452.9342475,-24,-14,-14
1739480452.9802475,-31,-64,-75
1739480453.0252476,47,-36,25
1739480453.0712476,-42,-60,-180
1739480453.1172476,49,-54,-27
1739480453.1622477,-36,-35,-80
1739480453.2082477,-10,59,-8
1739480453.2542477,-32,7,42
1739480453.3002477,-67,-155,-50
1739480453.3452475,-60,57,-15
1739480453.3912475,-19,-61,-96
1739480453.4372475,-36,-29,-74
1739480453.4822476,64,96,-75
1739480453.5282476,-29,-7,39
1739480453.5742476,-29,21,49
1739480453.6202476,64,-49,51
1739480453.6652474,-48,-37,15
1739480453.7112474,22,20,25
1739480453.7572474,-38,119,-79
1739480453.8022475,-51,-137,18
1739480453.8482475,-21,-59,-29
1739480453.8942475,-5,-69,-17
1739480453.9402475,80,86,-41
1739480453.9852476,-34,-51,11
1739480454.0312476,-53,-9,-6
1739480454.0772476,-67,-67,-155
1739480454.1222477,39,-60,-11
1739480454.1682477,-23,37,-14
1739480454.2142477,-44,-71,-56
1739480454.2602477,23,-144,-25
1739480454.3052475,43,48,-34
1739480454.3512475,-16,-3,-34
1739480454.3972476,71,-56,49
1739480454.4422476,-94,-77,-135
1739480454.4882476,23,42,-73
1739480454.5342476,-12,-129,-67
1739480454.5802476,19,-46,-138
1739480454.6252477,36,-64,-54
1739480454.6712475,-42,91,-186
1739480454.7172475,63,-12,-64
1739480454.7622476,11,34,-51
1739480454.8082476,-33,-53,62
1739480454.8542476,-44,49,10
1739480454.9002476,33,-42,-37
1739480454.9452477,-30,-173,-115
1739480454.9912477,21,6,11
1739480455.0372477,4,-78,-70
1739480455.0822475,-41,25,-161
1739480455.1282475,-8,61,-45
1739480455.1742475,24,-10,-34
1739480455.2202475,-5,71,2
1739480455.2652476,-36,1,-76
1739480455.3112476,50,60,-43
1739480455.3572476,-31,-19,-109
1739480455.4022477,-13,-127,67
1739480455.4482474,-45,-1,-24
1739480455.4942474,9,-94,116
1739480455.5402474,66,-68,-103
1739480455.5852475,-32,69,35
1739480455.6312475,21,-86,-126
1739480455.6772475,29,52,-88
1739480455.7222476,19,-34,93
1739480455.7682476,-42,-119,-122
1739480455.8142476,15,-105,-8
1739480455.8602476,18,-11,12
1739480455.9052474,104,-26,-93
1739480455.9512477,58,-68,14
1739480455.9972477,-43,0,-14
1739480456.0422475,-8,-43,39
1739480456.0882475,-39,3,-69
1739480456.1342475,-52,113,-62
1739480456.1802475,-13,-47,2
1739480456.2252476,-24,-17,-24
1739480456.2712476,7,101,-62
1739480456.3172476,36,-38,116
1739480456.3622477,30,62,15
1739480456.4082477,-8,8,-45
1739480456.4542477,-24,-133,-4
1739480456.5002477,-2,-72,36
1739480456.5452476,-18,15,0
1739480456.5912476,4,-7,10
1739480456.6372476,-37,-19,-12
1739480456.6822476,18,40,32
1739480456.7282476,24,4,-139
1739480456.7742476,25,-4,-23
1739480456.8202477,43,-60,-17
1739480456.8652475,23,-46,-103
1739480456.9112475,-44,-203,56
1739480456.9572475,30,22,-26
1739480457.0022476,-70,-21,-31
1739480457.0482476,-9,-47,45
1739480457.0942476,34,62,-69
1739480457.1402476,-25,-29,-121
1739480457.1852477,6,-29,0
1739480457.2312477,49,86,-102
1739480457.2772477,25,66,-121
1739480457.3222475,-51,11,15
1739480457.3682475,72,34,-25
1739480457.4142475,87,4,37
1739480457.4602475,-85,-77,-14
1739480457.5052476,76,-10,77
1739480457.5512476,-29,105,-138
1739480457.5972476,-53,-139,-108
1739480457.6422474,-19,-37,-105
1739480457.6882474,22,26,-72
1739480457.7342474,6,-101,-22
1739480457.7802474,-11,-48,-30
1739480457.8252475,31,12,-18
1739480457.8712475,-26,-39,-97
1739480457.9172475,70,-86,-44
1739480457.9622476,-46,-95,18
1739480458.0082476,-8,-90,-9
1739480458.0542476,-54,113,-53
1739480458.1002476,36,-176,40
1739480458.1452477,-31,-61,-66
1739480458.1912477,-81,-127,-104
1739480458.2372477,-78,-15,-45
1739480458.2822475,2,-90,-11
1739480458.3282475,-40,107,83
1739480458.3742476,64,-228,6
1739480458.4202476,-45,41,33
1739480458.4652476,28,-38,-30
1739480458.5112476,-5,-79,-109
1739480458.5572476,-83,83,34
1739480458.6022477,41,64,-30
1739480458.6482477,-32,34,-32
1739480458.6942475,21,-91,-2
1739480458.7402475,-4,6,29
1739480458.7852476,-35,-114,-89
1739480458.8312476,68,-134,-47
1739480458.8772476,0,19,-68
1739480458.9222476,-67,-15,-35
1739480458.9682477,31,-76,-122
1739480459.0142477,15,-35,-35
1739480459.0602477,-116,-143,-15
1739480459.1052475,47,-46,-37
1739480459.1512475,-48,-65,-82
1739480459.1972475,14,-78,-36
1739480459.2422476,40,98,-110
1739480459.2882476,64,-114,-62
1739480459.3342476,47,72,-120
1739480459.3802476,-27,-15,-85
1739480459.4252477,-3,-97,-14
1739480459.4712474,-81,-13,-128
1739480459.5172474,-33,-119,-63
1739480459.5622475,-84,-49,-15
1739480459.6082475,10,-124,-119
1739480459.6542475,23,19,-43
1739480459.7002475,-89,74,-20
1739480459.7452476,5,-29,15
1739480459.7912476,9,-111,-54
1739480459.8372476,76,19,-10
1739480459.8822474,-37,-55,-129
1739480459.9282477,0,-55,-22
1739480459.9742477,57,64,66
1739480460.0202477,-53,-77,-75
1739480460.0652475,-27,-67,-64
1739480460.1112475,77,-15,-168
1739480460.1572475,66,-66,-13
1739480460.2022476,10,-87,-88
1739480460.2482476,-43,-111,-48
1739480460.2942476,63,-30,-54
1739480460.3402476,-21,89,-167
1739480460.3852477,-86,-104,-13
1739480460.4312477,53,-99,6
1739480460.4772477,-46,-26,-48
1739480460.5222476,15,4,-5
1739480460.5682476,-32,-28,-22
1739480460.6142476,12,-22,-70
1739480460.6602476,-9,-77,-101
1739480460.7052476,33,-56,-138
1739480460.7512476,28,-64,-77
1739480460.7972476,15,-2,52
1739480460.8422475,-32,-9,-64
1739480460.8882475,37,-84,-41
1739480460.9342475,-161,-63,-93
1739480460.9802475,-28,-72,57
1739480461.0252476,-34,-16,22
1739480461.0712476,-46,83,-16
1739480461.1172476,0,-42,27
1739480461.1622477,20,-27,33
1739480461.2082477,2,-11,-6
1739480461.2542477,-76,-50,19
1739480461.3002477,35,-51,-8
1739480461.3452475,-63,46,-16
1739480461.3912475,85,-11,-42
1739480461.4372475,107,51,45
1739480461.4822476,8,21,23
1739480461.5342476,48,17,-126
1739480461.5802476,-15,-44,-79
1739480461.6252477,-132,-58,50
1739480461.6712475,-12,-20,-32
1739480461.7172475,77,61,58
1739480461.7622476,0,-35,-75
1739480461.8082476,19,-31,-72
1739480461.8542476,11,-85,29
1739480461.9002476,28,17,104
1739480461.9452477,8,-26,1
1739480461.9912477,26,-31,-17
1739480462.0372477,-45,-20,-21
1739480462.0822475,90,15,-150
1739480462.1282475,28,-26,-61
1739480462.1742475,-57,-84,-42
1739480462.2202475,92,-53,-116
1739480462.2652476,27,-79,-99
1739480462.3112476,-22,33,-69
1739480462.3572476,-43,10,-136
1739480462.4022477,-9,-98,10
1739480462.4482474,30,-23,-1
1739480462.4942474,53,25,6
1739480462.5402474,14,60,11
1739480462.5852475,5,14,-34
1739480462.6312475,-36,-68,87
1739480462.6772475,-27,102,-135
1739480462.7222476,53,-192,-41
1739480462.7682476,59,-37,0
1739480462.8142476,15,-91,39
1739480462.8602476,-43,0,-56
1739480462.9052474,28,-161,-45
1739480462.9512477,74,-41,110
1739480462.9972477,133,-17,-24
1739480463.0422475,-33,106,-58
1739480463.0882475,-41,-72,-119
1739480463.1342475,-20,36,22
1739480463.1802475,-36,18,-12
1739480463.2252476,36,-45,31
1739480463.2712476,-108,-58,70
1739480463.3172476,-3,-98,6
1739480463.3622477,-16,-88,-110
1739480463.4082477,-72,-64,-73
1739480463.4542477,13,-1,-56
1739480463.5002477,21,17,-74
1739480463.5452476,74,71,-29
1739480463.5912476,3,96,-78
1739480463.6372476,54,1,-57
1739480463.6822476,-7,-103,-74
1739480463.7282476,123,-16,19
1739480463.7742476,-38,2,-28
1739480463.8202477,-9,-55,3
1739480463.8652475,38,-46,-10
1739480463.9112475,19,-143,-137
1739480463.9572475,-27,-3,-32
1739480464.0022476,-9,60,15
1739480464.0482476,54,-73,8
1739480464.0942476,0,53,48
1739480464.1402476,-46,-1,-33
1739480464.1852477,9,12,10
1739480464.2312477,47,-10,-12
1739480464.2772477,70,-76,-42
1739480464.3222475,-70,21,-52
1739480464.3682475,19,-69,-81
1739480464.4142475,-40,-153,-35
1739480464.4602475,-82,-7,-106
1739480464.5052476,-38,-13,-105
1739480464.5512476,39,-60,60
1739480464.5972476,-16,-19,-25
1739480464.6422474,12,16,-55
1739480464.6882474,-27,-42,-197
1739480464.7342474,-47,-69,-7
1739480464.7802474,-20,-57,-14
1739480464.8252475,-5,11,-118
1739480464.8712475,0,-2,13
1739480464.9172475,-35,13,1
1739480464.9622476,-38,-41,42
1739480465.0082476,-8,-143,-54
1739480465.0542476,-1,-113,-111
1739480465.1002476,73,-104,8
1739480465.1452477,14,18,-57
1739480465.1912477,-10,-31,12
1739480465.2372477,-22,69,-71
1739480465.2822475,41,-18,-77
1739480465.3282475,47,-58,-60
1739480465.3742476,-52,19,-38
1739480465.4202476,24,-120,-17
1739480465.4652476,10,-108,-107
1739480465.5112476,-12,-48,-127
1739480465.5572476,43,-24,76
1739480465.6022477,3,-140,-74
1739480465.6482477,15,-40,3
1739480465.6942475,10,-11,-9
1739480465.7402475,-16,31,0
1739480465.7852476,19,-64,-16
1739480465.8312476,1,-50,-29
1739480465.8772476,49,-123,49
1739480465.9222476,-16,25,-42
1739480465.9682477,10,-98,-79
1739480466.0142477,5,-30,-47
1739480466.0602477,-62,-97,-39
1739480466.1052475,50,-40,-37
1739480466.1512475,-14,-10,-48
1739480466.1972475,-17,-39,-49
1739480466.2422476,-18,19,34
1739480466.2882476,-19,-55,-124
1739480466.3342476,-87,-5,-23
1739480466.3802476,-6,-46,-67
1739480466.4252477,45,16,-121
1739480466.4712474,46,24,-63
1739480466.5172474,-19,-5,-13
1739480466.5622475,32,16,29
1739480466.6082475,-2,-14,136
1739480466.6542475,50,11,16
1739480466.7002475,-63,130,-4
1739480466.7452476,-79,-130,37
1739480466.7912476,-9,-96,-89
1739480466.8372476,22,23,-33
1739480466.8822474,-67,-48,0
1739480466.9282477,-13,-94,-76
1739480466.9742477,11,-211,-145
1739480467.0202477,-51,-22,-143
1739480467.0652475,-73,-100,-115
1739480467.1112475,24,-41,17
1739480467.1572475,85,27,-27
1739480467.2022476,22,-85,42
1739480467.2482476,40,20,-70
1739480467.2942476,24,-45,-30
1739480467.3402476,0,6,146
1739480467.3852477,-8,-43,-94
1739480467.4312477,-55,-4,-67
1739480467.4772477,21,-93,32
1739480467.5222476,6,121,123
1739480467.5682476,23,-13,11
1739480467.6142476,15,48,-33
1739480467.6602476,26,-69,-149
1739480467.7052476,22,61,-56
1739480467.7512476,0,-213,-43
1739480467.7972476,-59,12,-14
1739480467.8422475,86,-41,-46
1739480467.8882475,103,-7,-38
1739480467.9342475,-70,60,-8
1739480467.9802475,-6,0,-62
1739480468.0252476,22,-81,-67
1739480468.0712476,-14,36,0
1739480468.1172476,29,12,-71
1739480468.1622477,47,37,-93
1739480468.2082477,-109,74,-50
1739480468.2542477,14,-90,-31
1739480468.3002477,-14,-88,-28
1739480468.3452475,-59,61,36
1739480468.3912475,50,12,29
1739480468.4372475,-13,-101,0
1739480468.4822476,-32,88,13
1739480468.5282476,-48,0,-73
1739480468.5742476,31,-17,-39
1739480468.6202476,16,-47,29
1739480468.6652474,-4,64,62
1739480468.7112474,11,92,-134
1739480468.7572474,-51,-4,46
1739480468.8022475,-21,-36,-108
1739480468.8482475,23,-176,-17
1739480468.8942475,65,-18,-114
1739480468.9402475,-27,-52,-26
1739480468.9852476,3,19,-51
1739480469.0312476,36,-93,-62
1739480469.0772476,-33,14,-133
1739480469.1222477,17,-21,-193
1739480469.1682477,27,-81,-159
1739480469.2142477,8,-62,-11
1739480469.2602477,-16,-111,-87
1739480469.3052475,9,-2,19
1739480469.3512475,-7,8,19
1739480469.3972476,-7,-90,69
1739480469.4422476,12,-124,-46
1739480469.4882476,-65,112,-53
1739480469.5342476,0,-32,47
1739480469.5802476,52,-39,30
1739480469.6252477,69,51,-35
1739480469.6712475,51,-23,-34
1739480469.7172475,-29,-62,-188
1739480469.7622476,21,-27,-48
1739480469.8082476,4,-73,41
1739480469.8542476,-24,-5,-160
1739480469.9002476,23,-16,-103
1739480469.9452477,45,17,1
1739480469.9912477,-23,0,-7
1739480470.0372477,53,-59,-49
1739480470.0822475,40,31,-94
1739480470.1282475,25,-21,-57
1739480470.1742475,-3,25,37
1739480470.2202475,-61,-40,-65
1739480470.2652476,17,-43,-75
1739480470.3112476,28,11,66
1739480470.3572476,3,-111,29
1739480470.4022477,15,-41,-129
1739480470.4482474,-68,-106,-72
1739480470.4942474,22,-103,-9
1739480470.5402474,-30,0,-51
1739480470.5852475,4,77,66
1739480470.6312475,-23,-76,-7
1739480470.6772475,5,-95,2
1739480470.7222476,72,-13,-17
1739480470.7682476,-34,-76,-135
1739480470.8142476,65,-19,-109
1739480470.8602476,28,114,-82
1739480470.9052474,-21,124,-40
1739480470.9512477,112,77,-81
1739480470.9972477,-47,-132,10
1739480471.0422475,45,-51,-12
1739480471.0882475,-9,-41,-170
1739480471.1342475,56,-3,-111
1739480471.1802475,62,-77,-65
1739480471.2252476,-44,-96,-72
1739480471.2712476,-98,-116,-56
1739480471.3172476,-22,36,-46
1739480471.3622477,1,9,-67
1739480471.4082477,0,-84,40
1739480471.4542477,-1,-79,-46
1739480471.5002477,30,-35,-64
1739480471.5512476,52,-57,-67
1739480471.5972476,-7,15,-67
1739480471.6422474,-39,-58,-56
1739480471.6882474,-82,29,-205
1739480471.7342474,-58,-141,-106
1739480471.7802474,11,-14,-32
1739480471.8252475,33,-37,-12
1739480471.8712475,38,-32,-78
1739480471.9172475,-36,-104,25
1739480471.9622476,-38,-22,-72
1739480472.0082476,3,-38,68
1739480472.0542476,9,-71,52
1739480472.1002476,-34,-55,53
1739480472.1452477,67,64,102
1739480472.1912477,36,-27,-125
1739480472.2372477,3,-17,64
1739480472.2822475,-8,-5,-47
1739480472.3282475,-58,-191,-127
1739480472.3742476,73,-236,-65
1739480472.4202476,-4,24,-51
1739480472.4652476,5,-116,20
1739480472.5112476,-18,65,11
1739480472.5572476,45,-35,-8
1739480472.6022477,-57,-84,-142
1739480472.6482477,105,-74,-167
1739480472.6942475,46,-16,-11
1739480472.7402475,-7,-13,67
1739480472.7852476,35,-118,13
1739480472.8312476,-16,28,-76
1739480472.8772476,9,-40,110
1739480472.9222476,-36,-129,-44
1739480472.9682477,-17,-181,0
1739480473.0142477,-55,-21,20
1739480473.0602477,23,78,0
1739480473.1052475,-57,-29,-113
1739480473.1512475,-65,-71,-75
1739480473.1972475,10,21,-32
1739480473.2422476,-14,-30,-41
1739480473.2882476,17,-69,-32
1739480473.3342476,117,11,-52
1739480473.3802476,-67,-56,103
1739480473.4252477,29,-15,-74
1739480473.4712474,-78,67,-75
1739480473.5172474,92,-127,-229
1739480473.5622475,-23,34,47
1739480473.6082475,40,-103,49
1739480473.6542475,8,-82,-44
1739480473.7002475,34,-54,-114
1739480473.7452476,47,31,-15
1739480473.7912476,3,20,-56
1739480473.8372476,17,0,-170
1739480473.8822474,0,-120,-202
1739480473.9282477,-75,-60,-6
1739480473.9742477,36,21,-24
1739480474.0192475,4,-86,-2
1739480474.0652475,94,-57,49
1739480474.1112475,-29,-10,-88
1739480474.1572475,0,-40,-30
1739480474.2022476,44,-85,-4
1739480474.2482476,-53,77,-20
1739480474.2942476,-98,4,-73
1739480474.3392477,-58,14,-72
1739480474.3852477,19,28,-20
1739480474.4312477,8,21,33
1739480474.4772477,56,-52,45
1739480474.5222476,-45,60,-53
1739480474.5682476,48,-3,-57
1739480474.6142476,-8,-88,-29
1739480474.6592476,-58,-12,-19
1739480474.7052476,22,-132,-52
1739480474.7512476,49,49,0
1739480474.7972476,-45,-3,-96
1739480474.8422475,-61,-149,100
1739480474.8882475,-43,-95,-185
1739480474.9342475,84,-122,19
1739480474.9792476,-11,75,21
1739480475.0252476,8,-40,-65
1739480475.0712476,-36,-11,-23
1739480475.1172476,-67,-11,-2
1739480475.1622477,29,-20,-37
1739480475.2082477,-9,-20,-48
1739480475.2542477,36,-48,24
1739480475.2992475,50,-10,-104
1739480475.3452475,-22,99,-127
1739480475.3912475,-29,7,-111
1739480475.4372475,27,-112,-170
1739480475.4822476,-28,-5,-125
1739480475.5282476,39,40,-68
1739480475.5742476,-15,-73,-41
1739480475.6192474,-11,121,-128
1739480475.6652474,-111,-83,-45
1739480475.7112474,82,50,-7
1739480475.7572474,7,28,-119
1739480475.8022475,-37,-120,-88
1739480475.8482475,49,-40,34
1739480475.8942475,-30,-134,-59
1739480475.9392476,29,21,-14
1739480475.9852476,-48,-47,32
1739480476.0312476,-40,-96,18
1739480476.0772476,23,-57,61
1739480476.1222477,-94,-62,59
1739480476.1682477,-30,-4,-108
1739480476.2142477,31,-25,-141
1739480476.2592475,31,17,-99
1739480476.3052475,-72,-130,5
1739480476.3512475,29,-108,5
1739480476.3972476,-15,-2,-18
1739480476.4422476,10,51,4
1739480476.4882476,99,-15,44
1739480476.5342476,50,-41,-43
1739480476.5792477,-60,-44,-30
1739480476.6252477,-66,-20,-36
1739480476.6712475,17,-129,-85
1739480476.7172475,-9,-84,-40
1739480476.7622476,-6,26,-1
1739480476.8082476,-14,-26,-54
1739480476.8542476,-81,-18,-36
1739480476.8992476,84,-75,-8
1739480476.9452477,-46,-47,-156
1739480476.9912477,26,-32,-119
1739480477.0372477,-78,-3,49
1739480477.0822475,-72,-155,-104
1739480477.1282475,4,-142,-43
1739480477.1742475,-19,13,-35
1739480477.2192476,-25,-95,-27
1739480477.2652476,-34,6,-36
1739480477.3112476,2,-62,-40
1739480477.3572476,28,-48,-43
1739480477.4022477,3,-64,-136
1739480477.4482474,57,-14,-49
1739480477.4942474,-8,-6,-90
1739480477.5392475,-16,-71,-91
1739480477.5852475,-40,-58,78
1739480477.6312475,7,-69,-77
1739480477.6772475,-62,-19,-48
1739480477.7222476,-43,-119,11
1739480477.7682476,65,-64,-39
1739480477.8142476,-44,-61,-35
1739480477.8592474,0,55,20
1739480477.9052474,24,55,-17
1739480477.9512477,-13,-82,-72
1739480477.9972477,100,28,-113
1739480478.0422475,-6,49,-8
1739480478.0882475,8,-31,-77
1739480478.1342475,-25,-2,-60
1739480478.1792476,-17,-47,-33
1739480478.2252476,1,-163,-136
1739480478.2712476,-25,-127,38
1739480478.3172476,46,-72,14
1739480478.3622477,-9,-65,38
1739480478.4082477,-53,-1,-9
1739480478.4542477,-65,-117,-130
1739480478.4992476,0,-27,-16
1739480478.5452476,-24,109,-26
1739480478.5912476,30,-88,-59
1739480478.6372476,31,44,-98
1739480478.6822476,12,-66,-99
1739480478.7282476,98,20,-23
1739480478.7742476,-4,63,0
1739480478.8192475,70,70,-10
1739480478.8652475,63,-26,39
1739480478.9112475,27,-66,10
1739480478.9572475,21,-23,-87
1739480479.0022476,26,-45,-118
1739480479.0482476,-58,11,23
1739480479.0942476,15,-94,30
1739480479.1392477,-14,70,28
1739480479.1852477,-7,53,-136
1739480479.2312477,-66,-9,42
1739480479.2772477,16,-8,-38
1739480479.3222475,54,-57,57
1739480479.3682475,-2,10,-157
1739480479.4142475,-19,-60,-32
1739480479.4592476,-26,52,-6
1739480479.5052476,-3,-21,-57
1739480479.5512476,-13,76,29
1739480479.5972476,55,-61,-34
1739480479.6422474,10,43,17
1739480479.6882474,0,-22,-218
1739480479.7342474,11,-8,-79
1739480479.7792475,87,-1,3
1739480479.8252475,2,19,-190
1739480479.8712475,-14,-63,-25
1739480479.9172475,33,-21,-71
1739480479.9622476,-58,10,-129
1739480480.0082476,52,-77,-60
1739480480.0542476,87,-97,16
1739480480.0992477,-24,-64,-115
1739480480.1452477,-50,-12,44
1739480480.1912477,-14,-54,-42
1739480480.2372477,-25,-116,-100
1739480480.2822475,-41,-10,-38
1739480480.3282475,-17,-132,-22
1739480480.3742476,-80,-30,-13
1739480480.4192476,-2,60,-40
1739480480.4652476,4,-65,-76
1739480480.5112476,-4,-5,13
1739480480.5572476,20,-93,-100
1739480480.6022477,-46,2,-19
1739480480.6482477,8,-83,-95
1739480480.6942475,7,36,55
1739480480.7392476,13,11,19
1739480480.7852476,-9,-118,-84
1739480480.8312476,-8,-64,-157
1739480480.8772476,-27,-21,-21
1739480480.9222476,3,-12,-76
1739480480.9682477,30,-71,36
1739480481.0142477,65,-77,-84
1739480481.0592475,96,-63,-61
1739480481.1052475,21,-55,-20
1739480481.1512475,-36,-148,-77
1739480481.1972475,-15,49,-33
1739480481.2422476,52,-125,8
1739480481.2882476,54,-63,-10
1739480481.3342476,-24,-246,14
1739480481.3792477,-35,-118,-93
1739480481.4252477,-6,-70,-9
1739480481.4712474,-12,-144,-55
1739480481.5222476,15,-55,-42
1739480481.5682476,-49,60,40
1739480481.6142476,-29,40,-151
1739480481.6592476,-13,-89,-10
1739480481.7052476,35,-115,-8
1739480481.7512476,-32,-12,176
1739480481.7972476,16,-7,-97
1739480481.8422475,-11,14,78
1739480481.8882475,47,-17,12
1739480481.9342475,-11,-6,-130
1739480481.9792476,-29,2,-42
1739480482.0252476,-49,-50,-114
1739480482.0712476,37,-47,58
1739480482.1172476,-17,-9,43
1739480482.1622477,-42,-64,18
1739480482.2082477,20,-80,5
1739480482.2542477,16,-88,-11
1739480482.2992475,-23,0,-135
1739480482.3452475,-14,45,-32
1739480482.3912475,25,-49,-16
1739480482.4372475,-17,-22,-43
1739480482.4822476,-65,-94,12
1739480482.5282476,-81,34,-94
1739480482.5742476,22,11,-24
1739480482.6192474,52,67,-106
1739480482.6652474,-8,-60,2
1739480482.7112474,4,-2,-72
1739480482.7572474,37,-12,-9
1739480482.8022475,12,45,-96
1739480482.8482475,24,-59,-97
1739480482.8942475,52,-18,27
1739480482.9392476,3,0,-68
1739480482.9852476,95,22,-30
1739480483.0312476,-34,149,0
1739480483.0772476,25,-50,-18
1739480483.1222477,36,-4,-43
1739480483.1682477,-12,-34,-68
1739480483.2142477,33,-18,130
1739480483.2592475,-54,27,23
1739480483.3052475,-18,-9,-132
1739480483.3512475,-10,-27,81
1739480483.3972476,1,-37,-121
1739480483.4422476,-4,-132,-20
1739480483.4882476,-113,-65,-67
1739480483.5342476,-43,19,-53
1739480483.5792477,127,-74,-83
1739480483.6252477,-51,-131,12
1739480483.6712475,-36,-9,-120
1739480483.7172475,-2,-207,-132
1739480483.7622476,49,-70,-92
1739480483.8082476,75,0,-36
1739480483.8542476,-27,-119,-111
1739480483.8992476,20,-79,1
1739480483.9452477,10,35,-63
1739480483.9912477,-3,-55,-87
1739480484.0372477,-56,-85,-62
1739480484.0822475,-45,-63,-69
1739480484.1282475,-21,-43,0
1739480484.1742475,-61,-121,-53
1739480484.2192476,-32,-53,-3
1739480484.2652476,9,-96,-34
1739480484.3112476,5,-120,-43
1739480484.3572476,-28,-69,-10
1739480484.4022477,104,-10,-10
1739480484.4482474,30,-91,-26
1739480484.4942474,-31,-100,-51
1739480484.5392475,6,-61,22
1739480484.5852475,-1,-3,-8
1739480484.6312475,-9,-62,-34
1739480484.6772475,79,-71,-134
1739480484.7222476,85,-85,-80
1739480484.7682476,77,28,-51
1739480484.8142476,-81,13,14
1739480484.8592474,0,5,-62
1739480484.9052474,32,0,-163
1739480484.9512477,-75,35,-37
1739480484.9972477,-17,20,-110
1739480485.0422475,-31,-93,-62
1739480485.0882475,-72,19,-27
1739480485.1342475,-56,73,-60
1739480485.1792476,9,-46,57
1739480485.2252476,-91,5,71
1739480485.2702477,73,-84,-48
1739480485.3152475,57,-86,-70
1739480485.3612475,76,16,-54
1739480485.4072475,-8,-38,29
1739480485.4532475,7,47,-82
1739480485.4982476,-16,56,13
1739480485.5442476,-60,-80,-54
1739480485.5902476,39,-83,5
1739480485.6352477,-68,-6,-134
1739480485.6812477,-28,-14,-220
1739480485.7272477,35,-23,82
1739480485.7732477,110,-78,84
1739480485.8182476,36,-42,10
1739480485.8642476,61,-138,41
1739480485.9102476,53,-46,-22
1739480485.9552476,-32,47,-77
1739480486.0012476,42,56,9
1739480486.0472476,61,-62,-2
1739480486.0932477,9,76,-63
1739480486.1382475,17,-53,-17
1739480486.1842475,-20,60,-85
1739480486.2302475,14,-4,-84
1739480486.2752476,2,-106,-32
1739480486.3212476,46,-59,19
1739480486.3672476,-18,-70,-55
1739480486.4132476,10,-35,-57
1739480486.4582477,61,-1,35
1739480486.5042477,-19,0,-40
1739480486.5502477,31,-37,29
1739480486.5952475,37,39,-10
1739480486.6412475,16,-51,-50
1739480486.6872475,33,-127,-54
1739480486.7332475,-62,-36,-98
1739480486.7782476,-58,-20,-12
1739480486.8242476,-22,-144,-61
1739480486.8702476,3,-34,66
1739480486.9152474,7,79,48
1739480486.9612474,-25,13,-40
1739480487.0072474,73,-98,51
1739480487.0532477,46,39,123
1739480487.0982475,-34,-4,31
1739480487.1442475,-107,31,-154
1739480487.1902475,47,-121,-121
1739480487.2352476,75,41,-189
1739480487.2812476,-61,-1,-15
1739480487.3272476,-41,-35,0
1739480487.3732476,-9,122,-50
1739480487.4182477,-33,-130,1
1739480487.4642477,-9,89,8
1739480487.5102477,-90,-108,-78
1739480487.5552475,-11,60,-8
1739480487.6012475,-26,-74,-98
1739480487.6472476,15,23,-55
1739480487.6932476,42,-23,-48
1739480487.7382476,-13,-20,-24
1739480487.7842476,-73,-70,67
1739480487.8302476,-97,-84,1
1739480487.8752477,-36,-126,11
1739480487.9212475,-12,-8,0
1739480487.9672475,-13,-44,-126
1739480488.0132475,4,-129,-18
1739480488.0582476,69,-39,-15
1739480488.1042476,-15,32,-218
1739480488.1502476,-112,52,-89
1739480488.1952477,24,57,-114
1739480488.2412477,32,9,35
1739480488.2872477,25,35,-20
1739480488.3332477,-36,-52,-99
1739480488.3782475,-41,-14,-48
1739480488.4242475,-83,-60,-10
1739480488.4702475,48,-1,3
1739480488.5152476,-34,-32,-48
1739480488.5612476,-53,-100,4
1739480488.6072476,-45,-98,29
1739480488.6532476,-16,-51,11
1739480488.6982474,-24,42,-12
1739480488.7442474,-54,-20,-2
1739480488.7902474,73,85,-96
1739480488.8352475,-33,-82,-105
1739480488.8812475,11,-62,-60
1739480488.9272475,-40,-174,-57
1739480488.9732475,51,-51,-22
1739480489.0182476,-12,22,4
1739480489.0642476,-48,-54,-29
1739480489.1102476,4,-114,-26
1739480489.1552474,-78,-66,-1
1739480489.2012477,-69,98,-50
1739480489.2472477,-2,-55,26
1739480489.2932477,-93,-4,62
1739480489.3382475,-107,-46,-100
1739480489.3842475,48,1,8
1739480489.4302475,27,-5,-48
1739480489.4752476,39,43,-26
1739480489.5212476,22,-61,-90
1739480489.5672476,-82,0,18
1739480489.6132476,45,69,-36
1739480489.6582477,-10,-54,19
1739480489.7042477,-37,40,31
1739480489.7502477,-20,-16,43
1739480489.7952476,-20,-28,26
1739480489.8412476,28,29,12
1739480489.8872476,3,57,-51
1739480489.9332476,18,-27,-35
1739480489.9782476,-47,-10,39
1739480490.0242476,36,-61,-51
1739480490.0702477,-50,-74,3
1739480490.1152475,33,87,1
1739480490.1612475,-27,-18,-43
1739480490.2072475,31,17,10
1739480490.2532475,-8,-142,-20
1739480490.2982476,23,12,18
1739480490.3442476,20,-54,-4
1739480490.3902476,40,36,22
1739480490.4352477,22,-24,-57
1739480490.4812477,-5,-21,-23
1739480490.5272477,51,68,34
1739480490.5732474,47,-124,-8
1739480490.6182475,89,-44,100
1739480490.6642475,-1,28,-57
1739480490.7102475,28,-8,-146
1739480490.7552476,-50,-5,-48
1739480490.8012476,-39,-57,-11
1739480490.8472476,61,-12,-37
1739480490.8932476,-15,5,-43
1739480490.9382474,86,24,-67
1739480490.9842474,15,-30,-22
1739480491.0302474,17,-116,15
1739480491.0752475,72,44,-114
1739480491.1212475,-6,-42,-5
1739480491.1672475,-45,-227,-184
1739480491.2132475,-50,-39,-79
1739480491.2582476,-37,-3,-122
1739480491.3042476,-54,-65,0
1739480491.3502476,-22,-41,-72
1739480491.3952477,-21,25,16
1739480491.4412477,32,-50,78
1739480491.4872477,68,-26,45
1739480491.5382476,-36,-7,-120
1739480491.5842476,-80,-35,-28
1739480491.6302476,48,-28,-139
1739480491.6752477,-15,83,28
1739480491.7212474,7,-58,-48
1739480491.7672474,48,-92,-138
1739480491.8132474,-12,-108,-109
1739480491.8582475,-45,3,-7
1739480491.9042475,9,26,-40
1739480491.9502475,-36,-59,-51
1739480491.9952476,-52,-45,-35
1739480492.0412476,30,-60,-121
1739480492.0872476,7,57,-75
1739480492.1332476,-42,-11,-64
1739480492.1782477,-19,-3,-107
1739480492.2242477,-26,-15,57
1739480492.2702477,31,70,1
1739480492.3152475,-3,-121,-29
1739480492.3612475,-4,-15,-55
1739480492.4072475,21,15,-53
1739480492.4532475,-21,6,8
1739480492.4982476,-44,3,-81
1739480492.5442476,-14,-35,-98
1739480492.5902476,9,44,-11
1739480492.6352477,15,-17,-73
1739480492.6812477,-33,-9,0
1739480492.7272477,76,-72,98
1739480492.7732477,-3,21,-37
1739480492.8182476,1,42,-29
1739480492.8642476,16,-23,27
1739480492.9102476,-70,-75,-32
1739480492.9552476,-56,-97,-98
1739480493.0012476,-89,-58,149
1739480493.0472476,50,1,0
1739480493.0932477,-69,-86,-133
1739480493.1382475,-50,-16,-10
1739480493.1842475,-79,-2,-69
1739480493.2302475,0,-12,-29
1739480493.2752476,-4,-134,-34
1739480493.3212476,27,-37,-107
1739480493.3672476,73,-103,-72
1739480493.4132476,61,93,-34
1739480493.4582477,-42,-196,53
1739480493.5042477,-13,-54,-118
1739480493.5502477,100,-111,81
1739480493.5952475,15,78,-54
1739480493.6412475,-111,-49,8
1739480493.6872475,109,0,-41
1739480493.7332475,14,-51,5
1739480493.7782476,-22,-57,13
1739480493.8242476,-8,23,-28
1739480493.8702476,-44,-90,-110
1739480493.9152474,1,38,-62
1739480493.9612474,47,-113,-76
1739480494.0072474,18,-55,14
1739480494.0532477,-39,-72,16
1739480494.0982475,-31,-16,-50
1739480494.1442475,8,60,-124
1739480494.1902475,21,-24,-44
1739480494.2352476,2,19,-20
1739480494.2812476,30,-152,-107
1739480494.3272476,-26,-96,77
1739480494.3732476,-52,-152,-37
1739480494.4182477,36,93,23
1739480494.4642477,-48,-118,5
1739480494.5102477,-43,-26,-35
1739480494.5552475,29,-19,-115
1739480494.6012475,-87,-14,8
1739480494.6472476,18,-11,14
1739480494.6932476,49,-27,-7
1739480494.7382476,54,-113,-5
1739480494.7842476,3,-84,25
1739480494.8302476,-64,-68,-47
1739480494.8752477,-20,10,-6
1739480494.9212475,-23,13,32
1739480494.9672475,25,9,-38
1739480495.0132475,-14,-38,-176
1739480495.0582476,-71,-76,-102
1739480495.1042476,2,-30,7
1739480495.1502476,27,29,-19
1739480495.1952477,-33,-16,17
1739480495.2412477,10,-81,-60
1739480495.2872477,92,-161,-74
1739480495.3332477,-54,-20,71
1739480495.3782475,-73,-6,-124
1739480495.4242475,5,-178,-39
1739480495.4702475,7,-5,-69
1739480495.5152476,-56,-86,-41
1739480495.5612476,62,-169,-45
1739480495.6072476,38,-105,-18
1739480495.6532476,43,-95,-75
1739480495.6982474,19,81,-19
1739480495.7442474,-45,38,-1
1739480495.7902474,23,-34,-76
1739480495.8352475,-40,34,20
1739480495.8812475,63,-195,-72
1739480495.9272475,-55,-68,-70
1739480495.9732475,-60,114,-98
1739480496.0182476,-22,-110,-39
1739480496.0642476,-10,-125,-49
1739480496.1102476,26,-39,-40
1739480496.1552474,-122,0,28
1739480496.2012477,-73,-34,-162
1739480496.2472477,-11,-106,-87
1739480496.2932477,-19,-91,-53
1739480496.3382475,-31,54,-63
1739480496.3842475,-75,-8,-60
1739480496.4302475,72,-73,9
1739480496.4752476,-50,-2,-117
1739480496.5212476,-9,-111,56
1739480496.5672476,-10,25,25
1739480496.6132476,-7,-17,-54
1739480496.6582477,-11,80,-111
1739480496.7042477,-23,-95,-149
1739480496.7502477,-19,37,-161
1739480496.7952476,11,-48,-59
1739480496.8412476,-17,53,-124
1739480496.8872476,62,20,45
1739480496.9332476,-20,-7,-90
1739480496.9782476,-60,-19,24
1739480497.0242476,-31,-122,-17
1739480497.0702477,99,67,-94
1739480497.1152475,33,-65,1
1739480497.1612475,77,-103,-43
1739480497.2072475,42,-189,-21
1739480497.2532475,-79,-20,20
1739480497.2982476,-21,-2,-91
1739480497.3442476,56,-21,-18
1739480497.3902476,29,-23,-21
1739480497.4352477,-12,-76,-37
1739480497.4812477,-17,-102,-83
1739480497.5272477,40,28,-13
1739480497.5732474,1,39,-7
1739480497.6182475,-23,-68,-79
1739480497.6642475,-69,62,-18
1739480497.7102475,-66,-56,-5
1739480497.7552476,-37,-54,-1
1739480497.8012476,34,-139,-8
1739480497.8472476,-18,-20,17
1739480497.8932476,13,30,-106
1739480497.9382474,16,-85,-104
1739480497.9842474,-53,-106,14
1739480498.0302474,42,-103,119
1739480498.0752475,29,-5,-19
1739480498.1212475,0,-47,81
1739480498.1672475,-38,-30,27
1739480498.2132475,10,25,-73
1739480498.2582476,-33,-62,-40
1739480498.3042476,-42,10,-77
1739480498.3502476,-7,-47,-78
1739480498.3952477,-10,-49,8
1739480498.4412477,35,-105,95
1739480498.4872477,8,-12,3
1739480498.5332477,62,17,-81
1739480498.5782475,-66,-84,-141
1739480498.6242476,-41,-60,-45
1739480498.6702476,23,-139,41
1739480498.7152476,-74,16,-13
1739480498.7612476,-23,-72,6
1739480498.8072476,59,0,-105
1739480498.8532476,42,-133,-63
1739480498.8982477,54,-71,135
1739480498.9442475,14,-80,-18
1739480498.9902475,27,-10,-110
1739480499.0352476,97,-145,-19
1739480499.0812476,80,-37,58
1739480499.1272476,-6,-3,19
1739480499.1732476,-76,56,-33
1739480499.2182477,-86,-2,-138
1739480499.2642477,79,-16,13
1739480499.3102477,-5,-30,-1
1739480499.3552475,-38,-79,-86
1739480499.4012475,-23,-92,-58
1739480499.4472475,37,-88,-65
1739480499.4932475,-12,42,-94
1739480499.5382476,-7,-56,-53
1739480499.5842476,26,-10,-89
1739480499.6302476,37,29,-31
1739480499.6752477,57,-61,-11
1739480499.7212474,68,27,-42
1739480499.7672474,25,-21,-51
1739480499.8132474,5,-134,5
1739480499.8582475,-73,-20,7
1739480499.9042475,7,59,-81
1739480499.9502475,-41,10,-18
1739480499.9952476,42,21,0
1739480500.0412476,-37,30,-15
1739480500.0872476,-47,72,-47
1739480500.1332476,-14,-142,92
1739480500.1782477,5,38,-58
1739480500.2242477,14,-54,5
1739480500.2702477,-17,-43,-53
1739480500.3152475,30,-76,-73
1739480500.3612475,-57,-87,36
1739480500.4072475,-9,-18,-53
1739480500.4532475,-17,19,-51
1739480500.4982476,6,-143,5
1739480500.5442476,-7,-55,-42
1739480500.5902476,-21,36,-16
1739480500.6352477,35,14,-67
1739480500.6812477,-18,-52,-85
1739480500.7272477,-59,-49,-33
1739480500.7732477,76,-172,-19
1739480500.8182476,-17,-89,29
1739480500.8642476,-33,-19,44
1739480500.9102476,24,15,-13
1739480500.9552476,25,-90,-34
1739480501.0012476,66,116,14
1739480501.0472476,25,-57,35
1739480501.0932477,61,-30,117
1739480501.1382475,45,6,-108
1739480501.1842475,52,26,-132
1739480501.2302475,-1,-160,-91
1739480501.2752476,18,40,-33
1739480501.3212476,-41,83,-105
1739480501.3672476,-23,-11,-115
1739480501.4132476,-1,-72,37
1739480501.4582477,-22,-17,-112
1739480501.5042477,50,36,-106
1739480501.5552475,-47,-65,-115
1739480501.6012475,6,-30,-98
1739480501.6472476,87,-106,-39
1739480501.6932476,13,10,-22
1739480501.7382476,110,-76,-119
1739480501.7842476,-90,-31,-94
1739480501.8302476,-19,-56,-108
1739480501.8752477,30,-93,-53
1739480501.9212475,87,18,-11
1739480501.9672475,45,-62,-1
1739480502.0132475,-30,-51,-120
1739480502.0582476,66,-57,-44
1739480502.1042476,23,-91,21
1739480502.1502476,16,-37,64
1739480502.1952477,-25,-27,-88
1739480502.2412477,24,-130,-135
1739480502.2872477,-40,-19,-29
1739480502.3332477,31,-38,-162
1739480502.3782475,-50,-127,-160
1739480502.4242475,-27,-71,-38
1739480502.4702475,40,-62,-136
1739480502.5152476,16,7,16
1739480502.5612476,9,-38,70
1739480502.6072476,0,45,-96
1739480502.6532476,4,-20,-1
1739480502.6982474,-15,55,-34
1739480502.7442474,-3,-18,-18
1739480502.7902474,39,-7,9
1739480502.8352475,66,-53,-73
1739480502.8812475,-7,-41,-154
1739480502.9272475,-49,-88,-189
1739480502.9732475,-38,-131,72
1739480503.0182476,65,-62,80
1739480503.0642476,-27,-71,-65
1739480503.1102476,-15,101,-12
1739480503.1552474,-45,-89,-43
1739480503.2012477,20,-34,-80
1739480503.2472477,-63,-107,-58
1739480503.2932477,10,-106,-52
1739480503.3382475,88,32,77
1739480503.3842475,-7,-16,0
1739480503.4302475,23,25,-34
1739480503.4752476,45,-27,49
1739480503.5212476,26,27,-21
1739480503.5672476,-13,30,-75
1739480503.6132476,-25,12,-96
1739480503.6582477,-30,-2,-87
1739480503.7042477,28,-23,-29
1739480503.7502477,11,49,-80
1739480503.7952476,70,-19,-21
1739480503.8412476,37,87,-38
1739480503.8872476,-1,-39,40
1739480503.9332476,-5,-25,122
1739480503.9782476,73,-178,7
1739480504.0242476,57,162,53
1739480504.0702477,6,10,1
1739480504.1152475,-13,-23,70
1739480504.1612475,-40,-111,-1
1739480504.2072475,47,-138,15
1739480504.2532475,-81,104,-74
1739480504.2982476,-32,-18,-80
1739480504.3442476,0,101,4
1739480504.3902476,-68,-3,83
1739480504.4352477,-1,-88,-129
1739480504.4812477,8,-110,-45
1739480504.5272477,-8,25,27
1739480504.5732474,16,-17,16
1739480504.6182475,-18,1,-72
1739480504.6642475,-20,-24,-24
1739480504.7102475,8,-37,28
1739480504.7552476,-25,-66,-27
1739480504.8012476,17,112,-33
1739480504.8472476,-12,-148,-218
1739480504.8932476,19,-58,22
1739480504.9382474,15,-40,-16
1739480504.9842474,-35,-22,-2
1739480505.0302474,6,-12,36
1739480505.0752475,10,-130,-7
1739480505.1212475,46,17,6
1739480505.1672475,40,1,34
1739480505.2132475,-38,29,-74
1739480505.2582476,-5,-75,12
1739480505.3042476,26,-9,-9
1739480505.3502476,-37,-134,-82
1739480505.3952477,-28,-54,-88
1739480505.4412477,0,-105,-26
1739480505.4872477,87,13,-38
1739480505.5322475,16,-98,-94
1739480505.5782475,-73,34,42
1739480505.6242476,35,68,16
1739480505.6702476,104,-163,69
1739480505.7152476,-2,85,-44
1739480505.7612476,57,-127,-29
1739480505.8072476,-49,-84,-115
1739480505.8522477,80,39,-26
1739480505.8982477,38,40,37
1739480505.9442475,-20,-10,8
1739480505.9902475,0,3,-60
1739480506.0352476,72,-23,29
1739480506.0812476,-22,-34,0
1739480506.1272476,-15,-78,52
1739480506.1722476,-13,-22,14
1739480506.2182477,-14,-70,-24
1739480506.2642477,-73,-11,-101
1739480506.3102477,-26,-42,52
1739480506.3552475,-36,0,-54
1739480506.4012475,16,4,-42
1739480506.4472475,53,-135,-88
1739480506.4922476,31,-5,22
1739480506.5382476,-20,-62,-35
1739480506.5842476,0,-78,127
1739480506.6302476,-44,-68,39
1739480506.6752477,21,-15,-29
1739480506.7212474,59,19,-30
1739480506.7672474,-79,74,-45
1739480506.8122475,33,5,-49
1739480506.8582475,29,0,29
1739480506.9042475,-9,-62,8
1739480506.9502475,111,95,-168
1739480506.9952476,-18,33,-83
1739480507.0412476,21,31,-65
1739480507.0872476,53,-31,6
1739480507.1322474,64,-59,-66
1739480507.1782477,27,-47,50
1739480507.2242477,-3,-118,-73
1739480507.2702477,-5,-113,-82
1739480507.3152475,-3,-115,-18
1739480507.3612475,21,43,-102
1739480507.4072475,-11,-79,-106
1739480507.4522476,-74,-17,-13
1739480507.4982476,35,-63,-80
1739480507.5442476,-8,-98,-60
1739480507.5902476,28,63,-37
1739480507.6352477,53,73,-108
1739480507.6812477,-33,-80,129
1739480507.7272477,28,-121,-88
1739480507.7722476,-36,48,56
1739480507.8182476,40,-28,-95
1739480507.8642476,-33,-28,10
1739480507.9102476,1,-2,34
1739480507.9552476,-3,-46,120
1739480508.0012476,16,-43,-134
1739480508.0472476,45,-83,7
1739480508.0922475,19,-75,-42
1739480508.1382475,-5,-124,29
1739480508.1842475,-34,-6,60
1739480508.2302475,-9,-86,-26
1739480508.2752476,-27,-2,-4
1739480508.3212476,65,-153,74
1739480508.3672476,26,-1,70
1739480508.4122477,-60,-103,103
1739480508.4582477,99,-58,167
1739480508.5042477,15,76,-43
1739480508.5502477,8,-162,-229
1739480508.5952475,42,84,-33
1739480508.6412475,32,-124,146
1739480508.6872475,9,-28,-107
1739480508.7322476,105,4,-30
1739480508.7782476,0,132,34
1739480508.8242476,20,-58,53
1739480508.8702476,-30,-9,-64
1739480508.9152474,-26,-14,76
1739480508.9612474,-6,35,57
1739480509.0072474,29,-176,-27
1739480509.0522475,33,-24,-41
1739480509.0982475,-2,-16,-84
1739480509.1442475,-27,19,-8
1739480509.1902475,-30,-25,-112
1739480509.2352476,32,38,-46
1739480509.2812476,-5,64,-37
1739480509.3272476,34,-71,-30
1739480509.3722477,71,-19,0
1739480509.4182477,-49,-8,-6
1739480509.4642477,-37,-32,-25
1739480509.5102477,20,-83,8
1739480509.5552475,-10,-132,75
1739480509.6012475,68,0,-85
1739480509.6472476,-59,-124,-15
1739480509.6922476,-45,-10,-114
1739480509.7382476,-30,-15,-148
1739480509.7842476,80,-38,-25
1739480509.8302476,-33,-89,68
1739480509.8752477,58,48,-18
1739480509.9212475,31,6,29
1739480509.9672475,-50,-5,-120
1739480510.0122476,22,0,-4
1739480510.0582476,48,-44,13
1739480510.1042476,-25,-111,-61
1739480510.1502476,-82,-101,8
1739480510.1952477,-20,-100,-18
1739480510.2412477,32,-126,-9
1739480510.2872477,-9,21,-8
1739480510.3312476,6,-4,80
1739480510.3772476,-25,-26,41
1739480510.4232476,-10,1,-108
1739480510.4682477,54,34,-48
1739480510.5142477,-36,-87,7
1739480510.5602477,37,-14,-58
1739480510.6062477,79,70,46
1739480510.6512475,-6,-42,25
1739480510.6972475,-50,-5,-47
1739480510.7432475,-29,13,-90
1739480510.7882476,-24,-49,-114
1739480510.8342476,8,20,58
1739480510.8802476,49,-60,67
1739480510.9262476,-30,103,14
1739480510.9712474,11,-73,-18
1739480511.0172474,5,-76,-55
1739480511.0632474,-71,-157,-143
1739480511.1082475,119,6,-101
1739480511.1542475,44,4,0
1739480511.2002475,-13,-56,-14
1739480511.2462475,66,26,-64
1739480511.2912476,27,-92,69
1739480511.3372476,17,-84,-54
1739480511.3832476,-17,-61,-32
1739480511.4282477,30,-41,-46
1739480511.4742477,58,-8,-108
1739480511.5202477,-2,-3,27
1739480511.5712476,25,-83,-18
1739480511.6172476,-128,109,-7
1739480511.6632476,136,-140,5
1739480511.7082477,-5,-102,-79
1739480511.7542477,60,8,-32
1739480511.8002477,-41,-11,-68
1739480511.8462474,43,-30,29
1739480511.8912475,64,76,-10
1739480511.9372475,-75,-43,-126
1739480511.9832475,-20,-10,-32
1739480512.0282476,21,-120,-6
1739480512.0742476,-25,-9,-29
1739480512.1202476,-64,-57,-39
1739480512.1662476,39,24,-141
1739480512.2112474,-35,-70,21
1739480512.2572474,-40,-82,-35
1739480512.3032477,-25,-86,4
1739480512.3482475,-69,-95,100
1739480512.3942475,9,-75,7
1739480512.4402475,47,-2,-25
1739480512.4862475,4,-40,-26
1739480512.5312476,41,2,-78
1739480512.5772476,-18,-4,-8
1739480512.6232476,10,-8,-3
1739480512.6682477,11,-8,-62
1739480512.7142477,35,-42,-9
1739480512.7602477,42,-36,9
1739480512.8062477,-19,44,-69
1739480512.8512475,10,47,-11
1739480512.8972476,-55,-50,29
1739480512.9432476,-6,-67,114
1739480512.9882476,0,-57,-41
1739480513.0342476,-73,61,27
1739480513.0802476,-6,29,-43
1739480513.1262476,-78,-83,-58
1739480513.1712475,-22,15,-58
1739480513.2172475,-1,-98,-1
1739480513.2632475,51,-118,-61
1739480513.3082476,-6,-15,-1
1739480513.3542476,13,10,-62
1739480513.4002476,5,32,-61
1739480513.4462476,-2,15,-48
1739480513.4912477,92,-92,-121
1739480513.5372477,25,-84,34
1739480513.5832477,0,17,-61
1739480513.6282475,-17,-93,-55
1739480513.6742475,46,86,10
1739480513.7202475,75,-108,-43
1739480513.7662475,14,-28,-64
1739480513.8112476,4,-80,-144
1739480513.8572476,31,-66,15
1739480513.9032476,-20,-193,23
1739480513.9482474,-70,25,-160
1739480513.9942474,-23,45,9
1739480514.0402474,-19,-93,39
1739480514.0862474,11,-33,-106
1739480514.1312475,38,-40,-14
1739480514.1772475,3,-68,-27
1739480514.2232475,-55,-47,6
1739480514.2682476,37,13,-94
1739480514.3142476,57,-135,-113
1739480514.3602476,-23,-100,35
1739480514.4062476,-99,82,-88
1739480514.4512477,4,-28,-3
1739480514.4972477,0,29,-109
1739480514.5432477,15,93,-44
1739480514.5882475,-11,-6,-17
1739480514.6352477,-5,78,-75
1739480514.6812477,2,-18,-86
1739480514.7272477,10,-74,5
1739480514.7722476,49,-201,73
1739480514.8182476,55,-77,-80
1739480514.8642476,58,-51,-44
1739480514.9102476,46,-85,-25
1739480514.9552476,18,0,48
1739480515.0012476,35,153,-78
1739480515.0472476,13,-79,110
1739480515.0922475,-12,-84,-32
1739480515.1382475,-31,-41,92
1739480515.1842475,12,-43,52
1739480515.2302475,-6,-39,46
1739480515.2752476,10,-128,29
1739480515.3212476,17,-39,31
1739480515.3672476,32,-102,-62
1739480515.4122477,4,-122,-43
1739480515.4582477,-21,72,-9
1739480515.5042477,-44,16,17
1739480515.5502477,13,23,-20
1739480515.5952475,-36,-20,109
1739480515.6412475,-2,-112,4
1739480515.6872475,69,-69,-64
1739480515.7322476,-3,-1,-90
1739480515.7782476,-8,0,37
1739480515.8242476,89,-73,-127
1739480515.8702476,-7,0,-15
1739480515.9152474,-10,5,-41
1739480515.9612474,26,-136,-94
1739480516.0072474,-9,-8,-111
1739480516.0522475,-94,-88,4
1739480516.0982475,-69,-20,-72
1739480516.1442475,-40,46,-125
1739480516.1902475,-31,3,56
1739480516.2352476,22,37,-66
1739480516.2812476,23,-9,149
1739480516.3272476,69,105,22
1739480516.3722477,-48,112,-48
1739480516.4182477,-47,-66,-18
1739480516.4642477,-14,30,105
1739480516.5102477,-117,-93,-83
1739480516.5552475,-21,-79,-7
1739480516.6012475,25,-24,77
1739480516.6472476,-16,-127,-48
1739480516.6922476,22,-25,-44
1739480516.7382476,-6,-89,-57
1739480516.7842476,5,-75,-41
1739480516.8302476,54,-124,-31
1739480516.8752477,53,-90,-23
1739480516.9212475,21,22,90
1739480516.9672475,45,-62,-144
1739480517.0122476,51,-52,28
1739480517.0582476,23,-42,-190
1739480517.1042476,49,34,-1
1739480517.1502476,24,-41,-15
1739480517.1952477,-42,-32,-17
1739480517.2412477,2,-18,-56
1739480517.2872477,-20,55,-115
1739480517.3322475,-11,-11,-34
1739480517.3782475,-56,0,-45
1739480517.4242475,-16,-102,28
1739480517.4702475,17,61,-25
1739480517.5152476,4,-26,7
1739480517.5612476,66,85,-48
1739480517.6072476,-26,-38,-49
1739480517.6522477,51,-17,-53
1739480517.6982474,-8,-102,-20
1739480517.7442474,-72,-12,-96
1739480517.7902474,-91,-22,-103
1739480517.8352475,11,-57,-53
1739480517.8812475,-3,24,-101
1739480517.9272475,-59,8,-101
1739480517.9722476,-14,14,-90
1739480518.0182476,23,-107,0
1739480518.0642476,105,55,-44
1739480518.1102476,45,81,-94
1739480518.1552474,13,61,-10
1739480518.2012477,95,-97,-10
1739480518.2472477,55,-13,1
1739480518.2922475,77,-33,60
1739480518.3382475,2,-182,-86
1739480518.3842475,51,-43,-40
1739480518.4302475,-12,-64,-106
1739480518.4752476,-14,-69,3
1739480518.5212476,64,-59,63
1739480518.5672476,14,51,-70
1739480518.6122477,-8,-53,-80
1739480518.6582477,62,-139,-48
1739480518.7042477,-19,66,-128
1739480518.7502477,28,-75,-105
1739480518.7952476,55,61,-12
1739480518.8412476,-1,-37,-61
1739480518.8872476,93,-111,-118
1739480518.9322476,-7,-128,-1
1739480518.9782476,28,-161,31
1739480519.0242476,-59,-43,17
1739480519.0702477,4,-13,-18
1739480519.1152475,10,-72,-5
1739480519.1612475,48,-84,-5
1739480519.2072475,-17,-7,-29
1739480519.2522476,41,12,72
1739480519.2982476,16,-107,-7
1739480519.3442476,28,-28,-82
1739480519.3902476,-57,-7,-75
1739480519.4352477,8,-31,-123
1739480519.4812477,45,-16,-128
1739480519.5272477,14,6,-58
1739480519.5722475,-56,-31,6
1739480519.6182475,-64,-67,4
1739480519.6642475,-22,48,-166
1739480519.7102475,18,-72,-23
1739480519.7552476,-12,-81,-90
1739480519.8012476,65,-32,5
1739480519.8472476,-21,25,-6
1739480519.8922474,-52,-81,-51
1739480519.9382474,50,-82,-113
1739480519.9842474,-39,-15,-77
1739480520.0302474,71,-94,-61
1739480520.0752475,-6,122,-95
1739480520.1212475,-6,-109,-81
1739480520.1672475,-75,9,64
1739480520.2122476,-21,-71,-74
1739480520.2582476,-54,-11,5
1739480520.3042476,24,-56,-39
1739480520.3502476,74,18,-158
1739480520.3952477,-33,87,13
1739480520.4412477,-33,11,-111
1739480520.4872477,-21,-62,40
1739480520.5322475,17,-128,-157
1739480520.5782475,32,-140,60
1739480520.6242476,-33,-43,-101
1739480520.6702476,-3,5,-20
1739480520.7152476,2,-10,129
1739480520.7612476,19,1,-25
1739480520.8072476,1,36,-25
1739480520.8522477,34,10,27
1739480520.8982477,17,-44,-110
1739480520.9442475,-24,-59,-29
1739480520.9902475,-21,-71,-56
1739480521.0352476,12,-39,-3
1739480521.0812476,-73,-101,10
1739480521.1272476,83,-68,-69
1739480521.1722476,49,-116,0
1739480521.2182477,9,-11,44
1739480521.2642477,-86,-31,-1
1739480521.3102477,-33,-53,-72
1739480521.3552475,-68,65,-16
1739480521.4012475,22,-82,-81
1739480521.4472475,-25,-39,-58
1739480521.4922476,-90,-33,90
1739480521.5382476,-1,0,37
1739480521.5902476,-53,-113,-7
1739480521.6352477,13,77,48
1739480521.6812477,-37,-37,-36
1739480521.7272477,-56,-3,-108
1739480521.7722476,71,-90,-11
1739480521.8182476,20,38,-51
1739480521.8642476,105,-32,-62
1739480521.9102476,41,-78,-17
1739480521.9552476,-66,17,15
1739480522.0012476,-15,-117,-32
1739480522.0472476,27,14,-123
1739480522.0922475,20,2,11
1739480522.1382475,0,-161,48
1739480522.1842475,-74,39,-97
1739480522.2302475,-42,13,-33
1739480522.2752476,-75,-159,-91
1739480522.3212476,20,-26,-91
1739480522.3672476,9,-116,-106
1739480522.4122477,41,-74,-10
1739480522.4582477,-48,-119,-1
1739480522.5042477,33,50,-29
1739480522.5502477,3,-80,-39
1739480522.5952475,-55,32,-184
1739480522.6412475,-29,51,9
1739480522.6872475,11,-27,54
1739480522.7322476,10,65,-63
1739480522.7782476,-83,-92,-56
1739480522.8242476,-5,-10,-114
1739480522.8702476,70,7,-30
1739480522.9152474,-2,-106,-49
1739480522.9612474,-53,22,-75
1739480523.0072474,-21,18,-100
1739480523.0522475,-28,38,-8
1739480523.0982475,65,-143,-123
1739480523.1442475,54,-91,-31
1739480523.1902475,-37,-86,18
1739480523.2352476,-4,5,-71
1739480523.2812476,-12,38,-92
1739480523.3272476,-30,0,-120
1739480523.3722477,2,-110,38
1739480523.4182477,-23,13,-119
1739480523.4642477,-28,21,3
1739480523.5102477,-17,-47,93
1739480523.5552475,73,-70,-39
1739480523.6012475,5,-68,45
1739480523.6472476,-56,-115,36
1739480523.6922476,37,-48,-75
1739480523.7382476,-32,-111,104
1739480523.7842476,-48,-27,-32
1739480523.8302476,-19,-193,-53
1739480523.8752477,10,-108,-64
1739480523.9212475,-5,-74,-44
1739480523.9672475,8,-2,13
1739480524.0122476,68,-41,4
1739480524.0582476,46,-6,-38
1739480524.1042476,-2,-118,-4
1739480524.1502476,-28,42,31
1739480524.1952477,64,-73,-34
1739480524.2412477,-73,-68,-10
1739480524.2872477,126,-7,-127
1739480524.3322475,0,-76,6
1739480524.3782475,-37,101,-50
1739480524.4242475,-57,-1,34
1739480524.4702475,-8,-94,16
1739480524.5152476,18,-12,-30
1739480524.5612476,35,-104,-109
1739480524.6072476,29,25,-64
1739480524.6522477,63,63,24
1739480524.6982474,21,54,5
1739480524.7442474,9,38,-71
1739480524.7902474,-3,-70,-103
1739480524.8352475,-45,124,-28
1739480524.8812475,13,88,-72
1739480524.9272475,20,-37,54
1739480524.9722476,-26,-51,-9
1739480525.0182476,49,-59,-92
1739480525.0642476,47,-28,-16
1739480525.1102476,-21,-108,-20
1739480525.1552474,-25,-45,-78
1739480525.2012477,50,106,1
1739480525.2472477,7,-140,6
1739480525.2922475,51,74,34
1739480525.3382475,45,-36,44
1739480525.3842475,-52,-57,-62
1739480525.4302475,-10,173,-162
1739480525.4752476,3,-88,-83
1739480525.5212476,34,-19,-137
1739480525.5672476,-11,49,-142
1739480525.6122477,-70,-16,84
1739480525.6582477,23,-61,5
1739480525.7042477,20,-51,-105
1739480525.7502477,-49,-20,-66
1739480525.7952476,61,-23,-36
1739480525.8412476,96,7,59
1739480525.8872476,18,-19,-7
1739480525.9322476,-21,80,73
1739480525.9782476,24,-101,-84
1739480526.0242476,60,-95,-10
1739480526.0702477,-22,24,-130
1739480526.1152475,68,19,119
1739480526.1612475,12,-82,-8
1739480526.2072475,21,-70,71
1739480526.2522476,-68,-147,139
1739480526.2982476,1,-128,-53
1739480526.3432477,0,-87,-35
1739480526.3882475,29,-108,50
1739480526.4342475,-70,-15,-41
1739480526.4802475,-15,-1,-76
1739480526.5262475,-76,-116,61
1739480526.5712476,-44,-56,-121
1739480526.6172476,-33,-6,-38
1739480526.6632476,107,-105,-100
1739480526.7082477,-36,-28,20
1739480526.7542477,39,-83,21
1739480526.8002477,-38,50,18
1739480526.8462474,7,5,-31
1739480526.8912475,-12,-38,57
1739480526.9372475,48,-49,99
1739480526.9832475,-29,-32,-87
1739480527.0282476,98,-131,23
1739480527.0742476,16,35,-79
1739480527.1202476,-39,-146,-78
1739480527.1662476,22,33,-109
1739480527.2112474,-17,-4,-24
1739480527.2572474,21,-109,74
1739480527.3032477,25,-8,-28
1739480527.3482475,17,-74,-86
1739480527.3942475,55,-163,-26
1739480527.4402475,8,51,-51
1739480527.4862475,12,-19,-22
1739480527.5312476,16,-117,-23
1739480527.5772476,23,-125,-31
1739480527.6232476,13,-36,37
1739480527.6682477,-54,-130,7
1739480527.7142477,38,145,33
1739480527.7602477,-38,-6,-80
1739480527.8062477,33,17,2
1739480527.8512475,-49,-104,9
1739480527.8972476,-22,-2,-74
1739480527.9432476,21,-35,-11
1739480527.9882476,27,-63,89
1739480528.0342476,-60,4,-29
1739480528.0802476,16,-71,-17
1739480528.1262476,8,16,-60
1739480528.1712475,11,23,-15
1739480528.2172475,-60,8,52
1739480528.2632475,60,43,59
1739480528.3082476,-18,-62,32
1739480528.3542476,-16,20,-91
1739480528.4002476,-22,37,126
1739480528.4462476,7,49,-42
1739480528.4912477,-103,-66,-54
1739480528.5372477,-1,-168,-91
1739480528.5832477,30,14,3
1739480528.6282475,-56,-130,-77
1739480528.6742475,-25,-48,-117
1739480528.7202475,9,0,-9
1739480528.7662475,-3,-66,-124
1739480528.8112476,66,-91,-19
1739480528.8572476,0,-26,17
1739480528.9032476,48,-46,81
1739480528.9482474,37,100,-42
1739480528.9942474,0,43,-39
1739480529.0402474,-9,-44,66
1739480529.0862474,-19,9,-69
1739480529.1312475,27,-9,6
1739480529.1772475,72,54,-31
1739480529.2232475,47,-71,-123
1739480529.2682476,-37,-17,-72
1739480529.3142476,-96,37,-117
1739480529.3602476,38,-12,-8
1739480529.4062476,-42,39,134
1739480529.4512477,-50,3,31
1739480529.4972477,71,60,-151
1739480529.5432477,1,-126,-104
1739480529.5882475,-12,43,-53
1739480529.6342475,18,93,-34
1739480529.6802475,43,-58,-17
1739480529.7262475,-13,47,-24
1739480529.7712476,110,64,-116
1739480529.8172476,13,-57,-8
1739480529.8632476,29,-2,-29
1739480529.9082477,18,-24,-33
1739480529.9542477,38,100,-153
1739480530.0002477,20,-150,-82
1739480530.0462475,17,-84,-133
1739480530.0912476,74,18,-157
1739480530.1372476,-19,57,8
1739480530.1832476,-53,-21,-110
1739480530.2282476,-41,80,143
1739480530.2742476,94,56,-156
1739480530.3202477,-34,25,-8
1739480530.3662477,-52,-43,-19
1739480530.4112475,23,-58,49
1739480530.4572475,11,-72,-68
1739480530.5032475,-11,-53,-122
1739480530.5482476,51,-106,-73
1739480530.5942476,14,26,-15
1739480530.6402476,-1,-110,-86
1739480530.6862476,-11,29,-205
1739480530.7312477,45,132,-160
1739480530.7772477,31,76,84
1739480530.8232474,57,-64,-21
1739480530.8682475,-1,-96,53
1739480530.9142475,-23,43,-22
1739480530.9602475,22,-12,-9
1739480531.0062475,45,38,-100
1739480531.0512476,-49,-9,21
1739480531.0972476,-2,-25,13
1739480531.1432476,-36,25,58
1739480531.1882474,-6,4,70
1739480531.2342474,43,-36,-33
1739480531.2802474,60,-146,-31
1739480531.3262477,-5,-79,-130
1739480531.3712475,6,-26,-51
1739480531.4172475,-18,-57,-119
1739480531.4632475,-11,2,-49
1739480531.5082476,-1,-26,-6
1739480531.5602477,38,-103,-33
1739480531.6062477,75,-53,-16
1739480531.6512475,-33,-12,-102
1739480531.6972475,1,21,39
1739480531.7432475,20,-37,-100
1739480531.7882476,-16,18,-68
1739480531.8342476,27,59,-57
1739480531.8802476,-37,-17,-25
1739480531.9262476,-2,-32,25
1739480531.9712474,-64,-10,45
1739480532.0172474,-23,44,-139
1739480532.0632474,-2,-86,-77
1739480532.1082475,30,52,-132
1739480532.1552474,-25,-25,-19
1739480532.2012477,28,39,-31
1739480532.2472477,11,-4,-35
1739480532.2922475,18,-21,-36
1739480532.3382475,-46,-86,-65
1739480532.3842475,59,-124,-27
1739480532.4302475,-49,-17,-105
1739480532.4752476,22,-49,70
1739480532.5212476,-64,126,37
1739480532.5672476,-36,-9,-42
1739480532.6122477,74,0,-16
1739480532.6582477,60,-74,-51
1739480532.7042477,-22,-63,-22
1739480532.7502477,-96,-11,-60
1739480532.7952476,48,-84,28
1739480532.8412476,53,-92,64
1739480532.8872476,8,37,2
1739480532.9322476,115,-98,-104
1739480532.9782476,0,75,28
1739480533.0242476,-2,-102,-91
1739480533.0702477,60,-68,-64
1739480533.1152475,2,35,-40
1739480533.1612475,28,-4,-38
1739480533.2072475,53,-6,-115
1739480533.2522476,29,23,29
1739480533.2982476,-28,-76,-90
1739480533.3442476,32,26,121
1739480533.3902476,47,-28,-55
1739480533.4352477,-51,-60,74
1739480533.4812477,41,-122,-32
1739480533.5272477,66,1,50
1739480533.5722475,-24,-94,-15
1739480533.6182475,-34,-68,-57
1739480533.6642475,-8,-23,28
1739480533.7102475,1,0,-34
1739480533.7552476,12,-24,-82
1739480533.8012476,12,-18,-143
1739480533.8472476,-23,-78,-78
1739480533.8922474,-19,8,-161
1739480533.9382474,-98,-189,-102
1739480533.9842474,-83,3,-15
1739480534.0302474,46,37,-55
1739480534.0752475,-29,-31,-21
1739480534.1212475,-5,-15,-74
1739480534.1672475,-11,36,103
1739480534.2122476,-69,-23,-107
1739480534.2582476,-9,7,-118
1739480534.3042476,73,-28,-103
1739480534.3502476,-1,-113,-78
1739480534.3952477,47,-96,-60
1739480534.4412477,-3,-2,33
1739480534.4872477,-13,-82,52
1739480534.5322475,-64,13,-50
1739480534.5782475,52,-26,-41
1739480534.6242476,12,-13,-76
1739480534.6702476,-9,-99,-51
1739480534.7152476,-45,91,47
1739480534.7612476,17,103,-43
1739480534.8072476,64,-95,52
1739480534.8522477,-10,46,4
1739480534.8982477,-11,143,68
1739480534.9442475,-48,-8,14
1739480534.9902475,-42,-36,-104
1739480535.0352476,31,-14,60
1739480535.0812476,-15,-76,-82
1739480535.1272476,48,-98,-55
1739480535.1722476,31,-45,85
1739480535.2182477,-31,-130,-131
1739480535.2642477,-28,26,-79
1739480535.3102477,13,-46,-117
1739480535.3552475,-67,6,4
1739480535.4012475,17,-23,-116
1739480535.4472475,16,-61,-121
1739480535.4922476,-17,72,-51
1739480535.5382476,2,36,-67
1739480535.5842476,35,111,62
1739480535.6302476,49,-42,-76
1739480535.6752477,58,-21,-128
1739480535.7212474,-51,1,-45
1739480535.7672474,73,-44,-12
1739480535.8122475,94,89,1
1739480535.8582475,20,-73,-67
1739480535.9042475,66,-101,-64
1739480535.9502475,1,-17,-109
1739480535.9952476,-60,-104,53
1739480536.0412476,64,-27,-46
1739480536.0872476,-45,0,-52
1739480536.1322474,13,-41,33
1739480536.1782477,23,-49,-87
1739480536.2242477,59,-99,-70
1739480536.2702477,-5,111,6
1739480536.3152475,50,-55,-73
1739480536.3612475,61,-95,76
1739480536.4072475,45,-115,-66
1739480536.4522476,33,-11,-95
1739480536.4982476,45,-51,17
1739480536.5442476,-2,-116,-65
1739480536.5902476,-28,-80,-72
1739480536.6352477,17,-97,16
1739480536.6812477,-79,-146,-23
1739480536.7272477,-11,-12,-25
1739480536.7722476,-42,-80,47
1739480536.8182476,11,2,-71
1739480536.8642476,-19,-134,47
1739480536.9092476,28,49,51
1739480536.9552476,-24,-102,-67
1739480537.0012476,43,-37,-30
1739480537.0472476,-101,28,12
1739480537.0922475,10,-53,-3
1739480537.1382475,-8,-24,-92
1739480537.1842475,8,-77,28
1739480537.2292476,23,7,59
1739480537.2752476,-68,30,-36
1739480537.3212476,26,-79,33
1739480537.3672476,-92,-142,-85
1739480537.4122477,5,-51,-54
1739480537.4582477,-44,-72,-172
1739480537.5042477,-31,-16,-99
1739480537.5492475,11,-61,-78
1739480537.5952475,27,-191,-35
1739480537.6412475,-2,-4,53
1739480537.6872475,24,-25,-67
1739480537.7322476,20,41,-77
1739480537.7782476,-41,8,136
1739480537.8242476,18,-131,22
1739480537.8692474,30,-45,-46
1739480537.9152474,19,109,-1
1739480537.9612474,41,-45,-58
1739480538.0072474,90,-73,-39
1739480538.0522475,62,-45,116
1739480538.0982475,-21,-18,-40
1739480538.1442475,-67,68,-175
1739480538.1892476,27,-11,89
1739480538.2352476,39,23,-89
1739480538.2812476,38,-63,-7
1739480538.3272476,-70,-64,-107
1739480538.3722477,16,85,-76
1739480538.4182477,-31,-76,3
1739480538.4642477,8,19,23
1739480538.5092475,48,-53,-76
1739480538.5552475,-51,-64,41
1739480538.6012475,-7,-94,-191
1739480538.6472476,37,-165,-72
1739480538.6922476,48,0,-143
1739480538.7382476,16,-111,-66
1739480538.7842476,-51,-104,117
1739480538.8292477,66,-57,-37
1739480538.8752477,14,-19,-135
1739480538.9212475,48,-83,28
1739480538.9672475,-43,-8,-85
1739480539.0122476,-7,-113,-16
1739480539.0582476,11,85,-116
1739480539.1042476,-30,-78,9
1739480539.1492476,-3,16,-43
1739480539.1952477,62,15,-23
1739480539.2412477,-9,-142,-29
1739480539.2872477,41,7,-22
1739480539.3322475,-40,86,-39
1739480539.3782475,-64,-74,-15
1739480539.4242475,18,-18,-42
1739480539.4692476,31,-4,-66
1739480539.5152476,6,-66,-64
1739480539.5612476,1,-60,-131
1739480539.6072476,52,35,-21
1739480539.6522477,49,-47,-93
1739480539.6982474,-29,36,-153
1739480539.7442474,-39,4,-20
1739480539.7892475,58,21,-59
1739480539.8352475,56,-21,39
1739480539.8812475,-39,-92,-17
1739480539.9272475,8,-91,-4
1739480539.9722476,38,-43,-19
1739480540.0182476,18,17,-26
1739480540.0642476,107,-61,-113
1739480540.1092474,23,-141,8
1739480540.1552474,-26,-66,7
1739480540.2012477,-44,-26,54
1739480540.2472477,-33,-42,65
1739480540.2922475,8,-185,-136
1739480540.3382475,-5,29,-101
1739480540.3842475,17,-115,-185
1739480540.4292476,-12,-64,-80
1739480540.4752476,-2,-62,49
1739480540.5212476,2,-79,-154
1739480540.5672476,-29,-18,38
1739480540.6122477,46,49,-88
1739480540.6582477,-40,-24,-67
1739480540.7042477,-41,123,24
1739480540.7492476,66,5,-80
1739480540.7952476,-44,-92,-90
1739480540.8412476,119,-53,-65
1739480540.8872476,-27,-6,-95
1739480540.9322476,13,-40,62
1739480540.9782476,-8,41,52
1739480541.0242476,-90,46,0
1739480541.0692475,20,-75,-62
1739480541.1152475,-44,18,26
1739480541.1612475,-81,-14,-30
1739480541.2072475,57,-23,-1
1739480541.2522476,-108,-18,18
1739480541.2982476,47,25,-50
1739480541.3442476,49,-93,-52
1739480541.3892477,30,-52,10
1739480541.4352477,-58,-30,30
1739480541.4812477,33,-63,41
1739480541.5272477,5,-49,-25
1739480541.5782475,-17,-16,-39
1739480541.6242476,0,-44,56
1739480541.6692476,-15,-117,-15
1739480541.7152476,-25,-16,69
1739480541.7612476,-27,4,2
1739480541.8072476,117,53,-57
1739480541.8522477,-54,-102,-8
1739480541.8982477,59,13,-23
1739480541.9442475,-58,22,-2
1739480541.9892476,19,-17,1
1739480542.0352476,55,21,56
1739480542.0812476,-64,-53,6
1739480542.1272476,56,-48,-110
1739480542.1722476,21,-133,-184
1739480542.2182477,33,-50,-14
1739480542.2642477,95,62,4
1739480542.3082476,10,-98,-22
1739480542.3542476,40,-52,-59
1739480542.4002476,30,98,-124
1739480542.4452477,16,-10,-52
1739480542.4912477,-38,25,29
1739480542.5372477,-54,-83,84
1739480542.5832477,22,-124,-84
1739480542.6282475,73,-26,-1
1739480542.6742475,-1,102,-30
1739480542.7202475,23,118,-50
1739480542.7652476,16,0,-62
1739480542.8112476,47,-42,-30
1739480542.8572476,28,-82,106
1739480542.9032476,-22,-151,-20
1739480542.9482474,36,-50,-52
1739480542.9942474,-5,73,-109
1739480543.0402474,37,-30,-56
1739480543.0852475,-15,-73,-37
1739480543.1312475,36,60,-82
1739480543.1772475,8,-101,-24
1739480543.2232475,27,44,-64
1739480543.2682476,-17,23,10
1739480543.3142476,-57,-43,-40
1739480543.3602476,66,30,85
1739480543.4052474,-25,3,-113
1739480543.4512477,32,-140,-22
1739480543.4972477,11,-26,-73
1739480543.5432477,-3,-109,39
1739480543.5882475,-4,37,-88
1739480543.6342475,-2,-86,29
1739480543.6802475,-14,-9,-116
1739480543.7252476,-18,-103,11
1739480543.7712476,57,4,16
1739480543.8172476,0,1,-2
1739480543.8632476,39,0,-15
1739480543.9082477,-55,-45,54
1739480543.9542477,-27,29,-12
1739480544.0002477,15,-24,40
1739480544.0452476,-61,-51,-11
1739480544.0912476,-33,107,-51
1739480544.1372476,82,140,59
1739480544.1832476,22,20,56
1739480544.2282476,13,-94,-36
1739480544.2742476,-47,-87,-152
1739480544.3202477,-19,69,-55
1739480544.3652475,4,-17,15
1739480544.4112475,47,-12,-112
1739480544.4572475,-5,23,-45
1739480544.5032475,-19,19,-4
1739480544.5482476,-15,-73,54
1739480544.5942476,-8,5,-54
1739480544.6402476,19,-79,14
1739480544.6852477,-68,-113,0
1739480544.7312477,27,-12,1
1739480544.7772477,42,-8,26
1739480544.8232474,19,-46,-164
1739480544.8682475,15,-24,-91
1739480544.9142475,34,40,35
1739480544.9602475,-31,-41,-82
1739480545.0052476,61,-50,-71
1739480545.0512476,54,-71,52
1739480545.0972476,-25,13,7
1739480545.1432476,0,-132,-8
1739480545.1882474,13,-65,3
1739480545.2342474,-7,75,-78
1739480545.2802474,73,-22,-22
1739480545.3252475,41,-40,-90
1739480545.3712475,33,-86,104
1739480545.4172475,-5,-48,-51
1739480545.4632475,12,70,-151
1739480545.5082476,8,-96,-2
1739480545.5542476,61,-78,34
1739480545.6002476,46,-36,-21
1739480545.6452477,23,-66,-30
1739480545.6912477,-3,-107,30
1739480545.7372477,-34,-79,-71
1739480545.7832477,-2,15,-29
1739480545.8282475,66,-120,-37
1739480545.8742476,12,-32,-84
1739480545.9202476,-26,0,-74
1739480545.9652476,13,-16,-169
1739480546.0112476,32,17,140
1739480546.0572476,-2,-138,-102
1739480546.1032476,64,-32,-14
1739480546.1482477,70,-59,-86
1739480546.1942475,-10,-80,83
1739480546.2402475,-24,-24,-137
1739480546.2852476,89,-73,-9
1739480546.3312476,-99,-54,-81
1739480546.3772476,-81,-102,2
1739480546.4232476,-103,60,-85
1739480546.4682477,40,-25,54
1739480546.5142477,75,-31,9
1739480546.5602477,-107,-118,-103
1739480546.6052475,-60,-60,-98
1739480546.6512475,-31,-140,40
1739480546.6972475,25,-138,12
1739480546.7432475,-47,2,-52
1739480546.7882476,40,-123,-31
1739480546.8342476,80,-65,-110
1739480546.8802476,24,-81,76
1739480546.9252477,68,23,-31
1739480546.9712474,17,80,-99
1739480547.0172474,16,-85,-17
1739480547.0632474,20,-75,-5
1739480547.1082475,45,-49,-63
1739480547.1542475,-29,-94,4
1739480547.2002475,30,-14,-57
1739480547.2452476,-38,-71,15
1739480547.2912476,-59,7,-21
1739480547.3372476,-18,-69,-115
1739480547.3832476,-73,-49,35
1739480547.4282477,-46,5,-81
1739480547.4742477,35,-40,89
1739480547.5202477,51,-72,-37
1739480547.5652475,-19,-81,-64
1739480547.6112475,-17,-59,82
1739480547.6572475,-98,-95,-215
1739480547.7032475,8,19,-104
1739480547.7482476,8,-67,25
1739480547.7942476,-53,-4,-17
1739480547.8402476,39,73,-60
1739480547.8852477,-24,40,-11
1739480547.9312477,-48,-18,-35
1739480547.9772477,55,-25,-31
1739480548.0232477,-9,-108,-110
1739480548.0682476,48,-45,-71
1739480548.1142476,-24,-26,118
1739480548.1602476,-19,4,-139
1739480548.2052476,31,30,0
1739480548.2512476,-48,-58,-50
1739480548.2972476,-37,-101,84
1739480548.3432477,11,-96,-81
1739480548.3882475,-35,-75,-84
1739480548.4342475,20,26,57
1739480548.4802475,42,-108,-113
1739480548.5252476,-70,-61,-90
1739480548.5712476,79,-96,74
1739480548.6172476,16,-33,-6
1739480548.6632476,-7,-60,105
1739480548.7082477,-20,-107,65
1739480548.7542477,-9,-57,-13
1739480548.8002477,-20,-97,54
1739480548.8452475,-86,-13,-20
1739480548.8912475,-25,44,-36
1739480548.9372475,11,49,-102
1739480548.9832475,-2,-24,-39
1739480549.0282476,26,0,-128
1739480549.0742476,5,3,14
1739480549.1202476,-19,-31,-152
1739480549.1652474,-1,-79,63
1739480549.2112474,20,-104,-84
1739480549.2572474,15,-46,-53
1739480549.3032477,30,-132,-126
1739480549.3482475,-52,-33,0
1739480549.3942475,47,12,-15
1739480549.4402475,27,44,-119
1739480549.4852476,60,-24,-101
1739480549.5312476,28,-49,-20
1739480549.5772476,-9,-166,41
1739480549.6232476,2,-35,-45
1739480549.6682477,13,-123,95
1739480549.7142477,21,0,-36
1739480549.7602477,-32,-122,13
1739480549.8052475,-64,22,-166
1739480549.8512475,-26,-90,46
1739480549.8972476,51,-44,21
1739480549.9432476,-63,73,-7
1739480549.9882476,-9,-53,-116
1739480550.0342476,-12,38,-103
1739480550.0802476,50,-4,-34
1739480550.1252477,-76,-39,-60
1739480550.1712475,-20,-123,1
1739480550.2172475,49,-38,19
1739480550.2632475,-56,25,52
1739480550.3082476,14,58,11
1739480550.3542476,-5,-14,-7
1739480550.4002476,-35,-132,-95
1739480550.4452477,-43,-124,-120
1739480550.4912477,29,-36,3
1739480550.5372477,-8,-6,11
1739480550.5832477,14,-89,13
1739480550.6282475,-23,-80,-34
1739480550.6742475,-61,-35,-26
1739480550.7202475,-46,5,-37
1739480550.7652476,21,-21,-44
1739480550.8112476,-23,-41,4
1739480550.8572476,36,-51,18
1739480550.9032476,22,62,-20
1739480550.9482474,29,-20,-134
1739480550.9942474,-15,-45,-54
1739480551.0402474,-17,-27,-25
1739480551.0852475,-1,-16,19
1739480551.1312475,46,1,-60
1739480551.1772475,12,-25,80
1739480551.2232475,3,-41,-12
1739480551.2682476,-18,-38,24
1739480551.3142476,51,-1,-80
1739480551.3602476,-90,-54,-23
1739480551.4042475,56,-75,-82
1739480551.4502475,-2,-6,-165
1739480551.4962475,-40,-192,-106
1739480551.5412476,0,-108,-68
1739480551.5932477,85,-125,-53
1739480551.6392477,33,-53,-110
1739480551.6842475,-29,-38,-39
1739480551.7302475,-27,-100,-90
1739480551.7762475,2,-124,46
1739480551.8212476,-16,-94,-85
1739480551.8672476,0,-52,-87
1739480551.9132476,19,-37,-79
1739480551.9592476,58,-37,-45
1739480552.0042477,86,-75,53
1739480552.0502477,53,53,15
1739480552.0962474,-21,-112,66
1739480552.1412475,4,-124,1
1739480552.1872475,26,55,-67
1739480552.2332475,-46,-50,-42
1739480552.2792475,4,-76,-67
1739480552.3242476,-2,61,-47
1739480552.3702476,4,-148,-38
1739480552.4162476,41,111,-87
1739480552.4612474,48,-93,12
1739480552.5072474,38,-23,-24
1739480552.5532477,68,-31,-19
1739480552.5992477,-43,20,0
1739480552.6442475,-60,-84,10
1739480552.6902475,-32,18,25
1739480552.7362475,-9,-20,-14
1739480552.7812476,26,-56,-73
1739480552.8272476,9,-15,-28
1739480552.8732476,-104,-20,-59
1739480552.9192476,-8,-107,-66
1739480552.9642477,1,-2,-51
1739480553.0102477,50,-159,-17
1739480553.0562477,-5,-124,-99
1739480553.1012475,-41,116,-130
1739480553.1472476,5,-57,-74
1739480553.1932476,-5,-78,69
1739480553.2392476,-9,0,76
1739480553.2842476,86,-133,19
1739480553.3302476,-13,14,-36
1739480553.3762476,-43,-50,-42
1739480553.4212475,49,-3,-32
1739480553.4672475,-21,-56,94
1739480553.5132475,-2,-62,-45
1739480553.5592475,60,13,-35
1739480553.6042476,-8,78,-1
1739480553.6502476,-26,-32,80
1739480553.6962476,13,-148,15
1739480553.7412477,-3,-228,-16
1739480553.7872477,-17,-4,-87
1739480553.8332477,71,1,-158
1739480553.8792477,-5,38,39
1739480553.9242475,-22,-12,-83
1739480553.9702475,50,-69,-153
1739480554.0162475,-7,-21,-50
1739480554.0612476,69,57,4
1739480554.1072476,-26,-16,-63
1739480554.1532476,-54,-46,-20
1739480554.1992476,-17,-86,-54
1739480554.2442474,-10,-62,-10
1739480554.2902474,66,-7,-116
1739480554.3362474,-13,16,-96
1739480554.3812475,-59,-38,44
1739480554.4272475,-43,-314,13
1739480554.4732475,-45,68,-18
1739480554.5192475,-6,-104,32
1739480554.5642476,1,16,88
1739480554.6102476,26,-40,-47
1739480554.6562476,28,48,-86
1739480554.7012477,28,-66,66
1739480554.7472477,-45,-1,-1
1739480554.7932477,9,17,-105
1739480554.8392477,-6,-25,-84
1739480554.8842475,41,74,7
1739480554.9302475,104,-28,-36
1739480554.9762475,-49,-93,-24
1739480555.0212476,3,38,2
1739480555.0672476,81,0,-90
1739480555.1132476,-26,-75,-65
1739480555.1592476,12,48,108
1739480555.2042477,22,-102,-71
1739480555.2502477,87,-86,-121
1739480555.2962475,13,-56,-62
1739480555.3412476,-10,37,-91
1739480555.3872476,22,-8,-40
1739480555.4332476,25,-8,-126
1739480555.4792476,14,-75,-131
1739480555.5242476,33,-148,-49
1739480555.5702477,-44,-47,2
1739480555.6162477,-3,-93,-66
1739480555.6612475,49,-38,12
1739480555.7072475,-65,37,49
1739480555.7532475,-58,-139,-145
1739480555.7992475,39,-2,-52
1739480555.8442476,67,-92,47
1739480555.8902476,-39,0,-64
1739480555.9362476,-19,45,50
1739480555.9812477,49,78,-65
1739480556.0272477,-4,-23,-72
1739480556.0732474,7,-46,-42
1739480556.1192474,-45,-83,25
1739480556.1642475,-18,0,-11
1739480556.2112474,1,-25,-29
1739480556.2572474,12,49,-25
1739480556.3032477,33,-56,-104
1739480556.3482475,-64,11,-83
1739480556.3942475,-50,-113,99
1739480556.4402475,47,-58,-26
1739480556.4852476,1,-24,21
1739480556.5312476,-56,19,2
1739480556.5772476,-33,-3,20
1739480556.6232476,-17,-39,-12
1739480556.6682477,99,6,-39
1739480556.7142477,-15,-107,-135
1739480556.7602477,11,-52,-168
1739480556.8052475,0,-42,-190
1739480556.8512475,-53,-184,-124
1739480556.8972476,-36,-174,49
1739480556.9432476,-43,-84,-53
1739480556.9882476,-6,-86,83
1739480557.0342476,-24,-46,-122
1739480557.0802476,40,-128,28
1739480557.1252477,-23,-129,-34
1739480557.1712475,59,-26,3
1739480557.2172475,-7,-91,0
1739480557.2632475,36,-14,-75
1739480557.3082476,7,-40,-54
1739480557.3542476,-113,83,-50
1739480557.4002476,-18,-65,-116
1739480557.4452477,-143,-73,-91
1739480557.4912477,-59,-101,-94
1739480557.5372477,-56,7,-39
1739480557.5832477,34,-130,-24
1739480557.6282475,18,30,-40
1739480557.6742475,-26,21,-67
1739480557.7202475,-7,3,-31
1739480557.7652476,9,53,-104
1739480557.8112476,22,-45,-9
1739480557.8572476,-9,-22,-135
1739480557.9032476,26,12,-68
1739480557.9482474,5,-62,-2
1739480557.9942474,-49,36,-67
1739480558.0402474,-58,-26,9
1739480558.0852475,78,-81,-44
1739480558.1312475,33,-91,-117
1739480558.1772475,-7,18,78
1739480558.2232475,93,1,18
1739480558.2682476,-53,-174,-62
1739480558.3142476,50,7,-59
1739480558.3602476,-7,0,-30
1739480558.4052474,-57,-18,119
1739480558.4512477,18,23,-151
1739480558.4972477,-18,12,-14
1739480558.5432477,57,45,4
1739480558.5882475,-11,-114,-100
1739480558.6342475,11,1,-81
1739480558.6802475,19,-97,-11
1739480558.7252476,32,-3,-78
1739480558.7712476,3,-94,-26
1739480558.8172476,45,-59,-148
1739480558.8632476,108,-5,-56
1739480558.9082477,23,-87,-61
1739480558.9542477,107,7,68
1739480559.0002477,18,6,-97
1739480559.0452476,7,-111,-95
1739480559.0912476,1,1,55
1739480559.1372476,47,88,11
1739480559.1832476,-44,-99,31
1739480559.2282476,-19,-103,-98
1739480559.2742476,-35,-21,-67
1739480559.3202477,-4,37,-43
1739480559.3652475,49,-30,23
1739480559.4112475,26,43,-203
1739480559.4572475,61,-111,-119
1739480559.5032475,39,-65,24
1739480559.5482476,5,4,-72
1739480559.5942476,-42,36,4
1739480559.6402476,-28,-130,18
1739480559.6852477,-62,-84,-28
1739480559.7312477,114,33,53
1739480559.7772477,-31,-56,-103
1739480559.8232474,-6,-86,-55
1739480559.8682475,-30,-62,17
1739480559.9142475,-30,10,9
1739480559.9602475,-5,0,-31
1739480560.0052476,0,-135,-79
1739480560.0512476,-27,-84,-44
1739480560.0972476,-36,0,-62
1739480560.1432476,-69,66,2
1739480560.1882474,22,-55,0
1739480560.2342474,88,35,51
1739480560.2802474,-54,-146,-47
1739480560.3252475,62,15,-60
1739480560.3712475,-44,-4,27
1739480560.4172475,-57,-70,-67
1739480560.4632475,-54,-116,-60
1739480560.5082476,-43,22,37
1739480560.5542476,47,49,-9
1739480560.6002476,-45,-82,-40
1739480560.6452477,-20,-4,-52
1739480560.6912477,41,17,-52
1739480560.7372477,-11,60,-42
1739480560.7832477,-131,2,-5
1739480560.8282475,5,-46,49
1739480560.8742476,51,-25,-22
1739480560.9202476,-57,-104,60
1739480560.9652476,21,63,109
1739480561.0112476,133,37,-1
1739480561.0572476,-81,4,-71
1739480561.1032476,-54,-44,0
1739480561.1482477,60,-81,-41
1739480561.1942475,-63,-12,-7
1739480561.2402475,37,-77,-129
1739480561.2852476,30,37,75
1739480561.3312476,-26,-60,-141
1739480561.3772476,41,13,-17
1739480561.4232476,-2,18,-64
1739480561.4682477,-33,-102,42
1739480561.5142477,33,-101,82
1739480561.5602477,-5,-4,54
1739480561.6112475,-2,-23,-20
1739480561.6572475,18,-105,-101
1739480561.7032475,6,-76,42
1739480561.7482476,129,-37,53
1739480561.7942476,-50,28,-67
1739480561.8402476,69,-15,10
1739480561.8852477,4,3,-28
1739480561.9312477,-19,-18,-11
1739480561.9772477,-24,-46,156
1739480562.0232477,-61,-57,-14
1739480562.0682476,86,-171,86
1739480562.1142476,41,-47,-35
1739480562.1602476,-33,-134,8
1739480562.2052476,-19,-32,-83
1739480562.2512476,-3,-83,14
1739480562.2972476,-95,-64,-17
1739480562.3432477,-125,-56,-88
1739480562.3882475,-5,-4,-78
1739480562.4342475,67,-74,-85
1739480562.4802475,13,-50,-42
1739480562.5252476,-15,-15,120
1739480562.5712476,-40,-2,-80
1739480562.6172476,-19,-32,104
1739480562.6632476,18,-71,48
1739480562.7082477,66,-5,-13
1739480562.7542477,-80,-38,-42
1739480562.8002477,66,19,-82
1739480562.8452475,63,-26,-17
1739480562.8912475,52,-47,45
1739480562.9372475,-44,-12,-59
1739480562.9832475,-85,-34,-28
1739480563.0282476,-39,-16,-10
1739480563.0742476,18,25,-34
1739480563.1202476,-33,60,12
1739480563.1652474,-56,52,-9
1739480563.2112474,-62,-4,-36
1739480563.2572474,-125,-72,-140
1739480563.3032477,32,-16,137
1739480563.3482475,-21,20,-30
1739480563.3942475,-29,-63,-77
1739480563.4402475,12,-135,-75
1739480563.4852476,62,-29,-161
1739480563.5312476,-30,64,-74
1739480563.5772476,19,45,7
1739480563.6232476,-29,-40,15
1739480563.6682477,-22,-106,0
1739480563.7142477,-41,-82,-67
1739480563.7602477,-14,0,-55
1739480563.8052475,-18,-108,15
1739480563.8512475,15,-81,-65
1739480563.8972476,-40,68,-3
1739480563.9432476,-3,95,-40
1739480563.9882476,11,-22,-45
1739480564.0342476,30,-21,-10
1739480564.0802476,42,-46,-3
1739480564.1252477,36,25,26
1739480564.1712475,-21,-100,-46
1739480564.2172475,10,-82,-64
1739480564.2632475,30,-149,-15
1739480564.3082476,-12,16,-41
1739480564.3542476,-21,-100,23
1739480564.4002476,-24,-20,-8
1739480564.4452477,22,-118,41
1739480564.4912477,-33,-58,-52
1739480564.5372477,22,28,-90
1739480564.5822475,-15,-70,-56
1739480564.6282475,35,39,-110
1739480564.6742475,-47,-32,-18
1739480564.7202475,7,-21,-37
1739480564.7652476,-36,74,-19
1739480564.8112476,-131,32,75
1739480564.8572476,1,-72,59
1739480564.9032476,2,58,-29
1739480564.9482474,-22,-72,-102
1739480564.9942474,-4,-9,-14
1739480565.0402474,-19,0,20
1739480565.0852475,26,-2,-110
1739480565.1312475,-2,77,-126
1739480565.1772475,43,-30,-125
1739480565.2232475,-82,-61,-3
1739480565.2682476,-54,-5,-7
1739480565.3142476,-20,-95,41
1739480565.3602476,-10,-29,-84
1739480565.4052474,25,65,-3
1739480565.4512477,0,-43,-2
1739480565.4972477,36,-82,-40
1739480565.5432477,38,82,45
1739480565.5882475,33,64,-156
1739480565.6342475,79,-88,-65
1739480565.6802475,13,-16,-28
1739480565.7252476,-33,-11,-24
1739480565.7712476,-42,-47,-36
1739480565.8172476,57,-94,-109
1739480565.8632476,25,-92,-65
1739480565.9082477,79,42,58
1739480565.9542477,-34,12,36
1739480566.0002477,73,20,-80
1739480566.0452476,-45,129,38
1739480566.0912476,13,-123,-76
1739480566.1372476,44,42,112
1739480566.1832476,6,-25,6
1739480566.2282476,23,-45,-103
1739480566.2742476,18,-67,11
1739480566.3202477,63,32,70
1739480566.3652475,-31,5,-63
1739480566.4112475,7,-65,-17
1739480566.4572475,-57,-33,-6
1739480566.5032475,45,-84,-98
1739480566.5482476,-62,53,-61
1739480566.5942476,-36,-139,-56
1739480566.6402476,-10,37,60
1739480566.6852477,-31,-134,-84
1739480566.7312477,36,-3,14
1739480566.7772477,32,-180,-218
1739480566.8232474,-17,-52,-45
1739480566.8672476,-90,19,39
1739480566.9132476,113,-28,-33
1739480566.9592476,18,-67,-152
1739480567.0042477,73,-140,102
1739480567.0502477,-21,61,-91
1739480567.0962474,30,-94,-59
1739480567.1412475,29,1,-108
1739480567.1872475,35,-28,0
1739480567.2332475,-20,53,26
1739480567.2792475,-11,-38,17
1739480567.3242476,-9,61,-48
1739480567.3702476,47,-66,-40
1739480567.4162476,126,-26,40
1739480567.4612474,-16,-13,18
1739480567.5072474,-11,1,-101
1739480567.5532477,19,26,80
1739480567.5992477,50,49,-55
1739480567.6442475,20,-18,93
1739480567.6902475,32,18,-44
1739480567.7362475,-4,-99,-33
1739480567.7812476,49,2,60
1739480567.8272476,1,-9,70
1739480567.8732476,-30,-70,0
1739480567.9192476,-18,7,-94
1739480567.9642477,25,14,8
1739480568.0102477,-44,-54,-189
1739480568.0562477,-16,-5,-138
1739480568.1012475,39,-59,155
1739480568.1472476,-75,73,-52
1739480568.1932476,6,-71,-31
1739480568.2382476,-89,-73,79
1739480568.2842476,82,-134,-20
1739480568.3302476,-76,9,-40
1739480568.3762476,-56,-159,-47
1739480568.4212475,29,-16,-88
1739480568.4672475,25,-15,-104
1739480568.5132475,18,63,34
1739480568.5582476,-83,101,68
1739480568.6042476,0,-92,-53
1739480568.6502476,5,15,78
1739480568.6962476,43,-34,-109
1739480568.7412477,-1,-55,4
1739480568.7872477,49,-72,-68
1739480568.8332477,79,-4,-72
1739480568.8782475,-17,70,22
1739480568.9242475,-43,-5,-19
1739480568.9702475,-51,73,-150
1739480569.0162475,15,78,-106
1739480569.0612476,15,24,105
1739480569.1072476,44,-14,-99
1739480569.1532476,45,-86,-43
1739480569.1982474,6,-66,-122
1739480569.2442474,95,-84,-141
1739480569.2902474,51,-20,-44
1739480569.3362474,62,94,-60
1739480569.3812475,14,-88,194
1739480569.4272475,41,-10,31
1739480569.4732475,9,-57,4
1739480569.5182476,-75,-127,-24
1739480569.5642476,40,28,20
1739480569.6102476,-15,1,59
1739480569.6562476,22,-28,-42
1739480569.7012477,-61,23,-64
1739480569.7472477,-53,107,-68
1739480569.7932477,-40,-67,-31
1739480569.8382475,-2,-86,-71
1739480569.8842475,14,32,8
1739480569.9302475,-62,15,39
1739480569.9762475,22,-142,-6
1739480570.0212476,16,-34,-85
1739480570.0672476,89,-4,-102
1739480570.1132476,89,-96,107
1739480570.1582477,38,-13,-69
1739480570.2042477,-19,-64,19
1739480570.2502477,-6,-49,36
1739480570.2962475,-3,-9,-31
1739480570.3412476,-12,-207,-6
1739480570.3872476,-40,0,-72
1739480570.4332476,16,76,-114
1739480570.4782476,-53,-69,-73
1739480570.5242476,102,-112,-2
1739480570.5702477,118,-52,69
1739480570.6162477,-22,1,33
1739480570.6612475,-45,-53,-17
1739480570.7072475,-1,-28,-117
1739480570.7532475,13,-93,22
1739480570.7982476,19,44,162
1739480570.8442476,-6,-135,28
1739480570.8902476,-40,-49,-24
1739480570.9362476,7,27,-48
1739480570.9812477,-27,-49,17
1739480571.0272477,2,94,-77
1739480571.0732474,5,-24,-111
1739480571.1182475,-20,21,-155
1739480571.1642475,-22,9,-78
1739480571.2102475,-10,-70,45
1739480571.2562475,-35,-43,59
1739480571.3012476,-61,3,-39
1739480571.3472476,35,-122,36
1739480571.3932476,38,-144,-32
1739480571.4382474,42,-28,22
1739480571.4842474,-20,-43,23
1739480571.5302474,-24,-2,-66
1739480571.5762477,46,-54,-68
1739480571.6272476,-54,-13,73
1739480571.6732476,-1,29,-9
1739480571.7182477,78,-42,31
1739480571.7642477,-50,-79,-19
1739480571.8102477,-19,-18,-30
1739480571.8562477,-26,-19,76
1739480571.9012475,6,24,38
1739480571.9472475,-93,-115,-122
1739480571.9932475,79,-40,-15
1739480572.0382476,-63,1,-6
1739480572.0842476,18,44,-52
1739480572.1302476,-7,0,-68
1739480572.1762476,10,123,-42
1739480572.2212474,-48,-27,-109
1739480572.2672474,-31,-77,-145
1739480572.3132474,117,2,-48
1739480572.3582475,62,-84,-30
1739480572.4042475,3,4,-16
1739480572.4502475,-100,-71,-36
1739480572.4962475,-101,-119,101
1739480572.5412476,-20,-137,-121
1739480572.5872476,-51,-141,2
1739480572.6332476,28,36,-123
1739480572.6782477,18,-56,8
1739480572.7242477,-61,-41,-73
1739480572.7702477,70,-118,44
1739480572.8162477,28,-26,-63
1739480572.8612475,-10,-87,26
1739480572.9072475,-37,-86,-78
1739480572.9532475,-94,99,46
1739480572.9982476,-3,0,19
1739480573.0442476,47,-142,40
1739480573.0902476,70,0,-81
1739480573.1362476,-55,-35,20
1739480573.1812477,0,-51,52
1739480573.2272477,-46,29,-54
1739480573.2732477,-101,7,0
1739480573.3182476,-60,3,21
1739480573.3642476,66,24,-36
1739480573.4102476,25,-8,1
1739480573.4562476,37,-58,-105
1739480573.5012476,-42,35,-27
1739480573.5472476,27,60,23
1739480573.5932477,-13,-58,-32
1739480573.6382475,43,-20,-14
1739480573.6842475,4,18,-1
1739480573.7302475,54,-2,-69
1739480573.7762475,-5,1,-132
1739480573.8212476,42,38,65
1739480573.8672476,-7,-1,-30
1739480573.9132476,90,-12,-34
1739480573.9582477,-8,5,1
1739480574.0042477,17,-43,-1
1739480574.0502477,0,0,-4
1739480574.0962474,-24,84,-41
1739480574.1412475,-40,13,-35
1739480574.1872475,0,-6,14
1739480574.2332475,-23,-115,-13
1739480574.2782476,-24,76,31
1739480574.3242476,-48,-29,-74
1739480574.3702476,49,-140,-11
1739480574.4162476,-88,47,-79
1739480574.4612474,-16,-36,-134
1739480574.5072474,42,-61,-61
1739480574.5532477,64,-49,-14
1739480574.5982475,39,-37,94
1739480574.6442475,-14,-50,1
1739480574.6902475,38,-57,51
1739480574.7362475,56,-105,28
1739480574.7812476,43,-13,-47
1739480574.8272476,-16,-120,46
1739480574.8732476,-11,-94,-13
1739480574.9182477,22,-69,8
1739480574.9642477,7,0,-35
1739480575.0102477,30,-61,-78
1739480575.0562477,69,-55,37
1739480575.1012475,36,-111,-31
1739480575.1472476,32,-21,31
1739480575.1932476,-83,5,-23
1739480575.2382476,-4,42,51
1739480575.2842476,-61,-90,-5
1739480575.3302476,54,3,-111
1739480575.3762476,17,17,63
1739480575.4212475,54,-81,12
1739480575.4672475,-58,16,-25
1739480575.5132475,-84,12,-49
1739480575.5582476,62,-7,-32
1739480575.6042476,87,41,38
1739480575.6502476,-18,8,-78
1739480575.6962476,-18,-1,-22
1739480575.7412477,6,-34,-165
1739480575.7872477,-21,-27,147
1739480575.8332477,-85,85,70
1739480575.8782475,1,-105,8
1739480575.9242475,-95,-50,17
1739480575.9702475,0,-45,-34
1739480576.0162475,25,-19,-111
1739480576.0612476,32,-81,-101
1739480576.1072476,-88,2,-55
1739480576.1532476,114,-121,-62
1739480576.1982474,-11,-108,-10
1739480576.2442474,39,-27,80
1739480576.2902474,-87,-24,-125
1739480576.3362474,-47,48,-11
1739480576.3812475,66,-99,-121
1739480576.4272475,60,5,-46
1739480576.4732475,15,-97,-104
1739480576.5182476,-28,-30,-111
1739480576.5642476,19,75,32
1739480576.6102476,-13,-64,-42
1739480576.6562476,-35,2,-90
1739480576.7012477,-22,-56,-37
1739480576.7472477,47,-35,-33
1739480576.7932477,-17,-7,26
1739480576.8382475,-47,26,-118
1739480576.8842475,-50,-112,-57
1739480576.9302475,-92,-30,-100
1739480576.9762475,-45,-52,46
1739480577.0212476,-89,-28,88
1739480577.0672476,3,-85,-31
1739480577.1132476,58,-17,-40
1739480577.1582477,-31,-58,-8
1739480577.2042477,6,-33,-25
1739480577.2502477,-59,-108,-149
1739480577.2962475,-30,-4,-5
1739480577.3412476,23,77,-24
1739480577.3872476,-57,16,-63
1739480577.4332476,-100,-10,-67
1739480577.4782476,11,39,-3
1739480577.5242476,48,-21,-69
1739480577.5702477,86,15,-85
1739480577.6162477,0,-24,83
1739480577.6612475,16,65,60
1739480577.7072475,-5,-38,-26
1739480577.7532475,-77,-40,-52
1739480577.7982476,-11,65,-107
1739480577.8442476,-50,-102,-72
1739480577.8902476,-16,-120,47
1739480577.9362476,-18,-112,30
1739480577.9812477,-93,-4,-15
1739480578.0272477,-25,66,-181
1739480578.0732474,33,-29,-48
1739480578.1182475,21,-18,32
1739480578.1642475,-30,50,-58
1739480578.2102475,7,-71,-88
1739480578.2562475,70,-63,-7
1739480578.3012476,5,0,-164
1739480578.3472476,12,37,-25
1739480578.3932476,61,-3,-30
1739480578.4382474,68,-57,-143
1739480578.4842474,-5,-94,76
1739480578.5302474,34,45,72
1739480578.5762477,-35,-42,-30
1739480578.6212475,63,-31,-35
1739480578.6672475,62,-107,-68
1739480578.7132475,-9,-214,-162
1739480578.7582476,51,-5,-47
1739480578.8042476,-66,20,17
1739480578.8502476,30,43,-47
1739480578.8962476,-71,-58,-25
1739480578.9412477,-11,-20,-141
1739480578.9872477,9,15,-73
1739480579.0332477,-59,-106,2
1739480579.0782475,-1,5,-28
1739480579.1242476,-91,6,-81
1739480579.1702476,-43,-18,20
1739480579.2162476,46,-183,-20
1739480579.2612476,-26,-90,-23
1739480579.3072476,-53,0,-31
1739480579.3532476,-23,59,-22
1739480579.3982477,-1,67,-38
1739480579.4442475,87,24,-28
1739480579.4902475,66,-30,8
1739480579.5362475,9,-8,-119
1739480579.5812476,-9,-81,94
1739480579.6272476,-73,105,-11
1739480579.6732476,30,-48,-71
1739480579.7182477,12,58,74
1739480579.7642477,20,-48,-110
1739480579.8102477,30,-60,53
1739480579.8562477,38,27,-13
1739480579.9012475,-8,19,-121
1739480579.9472475,8,17,-200
1739480579.9932475,35,36,12
1739480580.0382476,70,-18,1
1739480580.0842476,0,-52,-231
1739480580.1302476,-5,-47,24
1739480580.1762476,-20,-122,58
1739480580.2212474,7,11,-71
1739480580.2672474,-5,-38,53
1739480580.3132474,53,-34,-90
1739480580.3582475,-150,41,105
1739480580.4042475,-51,67,-137
1739480580.4502475,-56,-31,53
1739480580.4962475,38,-18,-30
1739480580.5412476,-41,-119,-116
1739480580.5872476,13,-128,-83
1739480580.6332476,43,4,22
1739480580.6782477,-75,-147,-38
1739480580.7242477,-63,-19,77
1739480580.7702477,-7,-33,75
1739480580.8162477,-49,105,-63
1739480580.8612475,30,-104,41
1739480580.9072475,37,-120,11
1739480580.9532475,-23,11,-117
1739480580.9982476,39,-140,45
1739480581.0442476,3,55,72
1739480581.0902476,66,44,-37
1739480581.1362476,-24,-40,-50
1739480581.1812477,7,-56,-83
1739480581.2272477,2,-101,-175
1739480581.2732477,32,-77,-143
1739480581.3182476,5,-16,26
1739480581.3642476,46,96,-13
1739480581.4102476,-45,103,33
1739480581.4562476,-20,-67,26
1739480581.5012476,14,-20,-64
1739480581.5472476,19,-14,66
1739480581.5982475,57,-51,-88
1739480581.6442475,33,-2,-124
1739480581.6902475,55,-28,-70
1739480581.7362475,6,9,-20
1739480581.7812476,41,0,-89
1739480581.8272476,-35,-93,-28
1739480581.8732476,38,-78,-61
1739480581.9182477,-21,2,-62
1739480581.9642477,16,-20,-10
1739480582.0102477,4,-25,10
1739480582.0562477,29,-65,-165
1739480582.1012475,-90,-55,-13
1739480582.1472476,98,-16,-21
1739480582.1932476,-27,-40,32
1739480582.2382476,-36,-116,-96
1739480582.2842476,38,-20,14
1739480582.3302476,-12,-58,-21
1739480582.3762476,-64,-19,-93
1739480582.4212475,-99,-57,67
1739480582.4672475,0,3,-82
1739480582.5132475,-9,-5,-24
1739480582.5582476,-12,-34,-198
1739480582.6042476,-20,48,191
1739480582.6502476,56,-2,54
1739480582.6962476,35,-61,-23
1739480582.7412477,46,16,-47
1739480582.7872477,-11,7,30
1739480582.8332477,-69,13,-18
1739480582.8782475,66,-132,51
1739480582.9242475,-14,-83,-41
1739480582.9702475,13,-41,-87
1739480583.0162475,8,-61,-74
1739480583.0612476,0,-26,-14
1739480583.1072476,10,-137,-92
1739480583.1532476,-44,-91,-95
1739480583.1982474,-12,29,51
1739480583.2442474,-3,-22,-99
1739480583.2902474,-2,-91,140
1739480583.3362474,31,-108,-11
1739480583.3812475,62,90,-48
1739480583.4272475,27,-11,-66
1739480583.4732475,18,13,-33
1739480583.5182476,-24,-31,-33
1739480583.5642476,19,-30,15
1739480583.6102476,-13,-67,-64
1739480583.6562476,-24,-41,-94
1739480583.7012477,-31,-69,51
1739480583.7472477,13,50,75
1739480583.7932477,1,-22,-15
1739480583.8382475,48,-100,-70
1739480583.8842475,-21,-50,-79
1739480583.9302475,-4,-139,-81
1739480583.9762475,-8,-98,11
1739480584.0212476,-22,-141,18
1739480584.0672476,-35,-103,-11
1739480584.1132476,62,-46,-112
1739480584.1582477,0,-32,42
1739480584.2042477,29,-74,-50
1739480584.2502477,20,-18,-77
1739480584.2962475,83,-86,-35
1739480584.3412476,-48,57,-74
1739480584.3872476,-67,-19,-53
1739480584.4332476,-63,-29,29
1739480584.4782476,-46,-65,-58
1739480584.5242476,-108,23,5
1739480584.5702477,29,-46,-57
1739480584.6162477,34,-18,-75
1739480584.6612475,29,-88,-50
1739480584.7072475,-44,7,9
1739480584.7532475,-4,68,-128
1739480584.7982476,10,17,20
1739480584.8442476,-19,-42,20
1739480584.8902476,33,-85,-132
1739480584.9362476,-81,-123,-13
1739480584.9812477,-18,21,40
1739480585.0272477,-5,-4,37
1739480585.0732474,41,-120,-38
1739480585.1182475,4,43,45
1739480585.1642475,42,-16,-47
1739480585.2102475,52,-124,57
1739480585.2562475,56,-18,2
1739480585.3012476,45,-116,-45
1739480585.3472476,-4,-91,-88
1739480585.3932476,6,-50,-82
1739480585.4382474,-4,-59,-13
1739480585.4842474,33,-100,-129
1739480585.5302474,-11,-101,-113
1739480585.5762477,-40,-171,31
1739480585.6212475,14,64,-24
1739480585.6672475,-34,5,27
1739480585.7132475,31,116,77
1739480585.7582476,-18,-77,0
1739480585.8042476,-29,43,-33
1739480585.8502476,83,20,15
1739480585.8962476,-74,-27,-6
1739480585.9412477,-82,-3,-2
1739480585.9872477,-82,-35,28
1739480586.0332477,7,-86,5
1739480586.0782475,-104,5,-38
1739480586.1242476,-73,-23,-86
1739480586.1702476,8,-116,-15
1739480586.2162476,69,-62,63
1739480586.2612476,144,78,-36
1739480586.3072476,5,-8,-17
1739480586.3532476,-30,5,-13
1739480586.3982477,-45,-117,-42
1739480586.4442475,80,36,-62
1739480586.4902475,5,-118,15
1739480586.5362475,14,33,-71
1739480586.5812476,113,-28,-54
1739480586.6272476,12,94,2
1739480586.6732476,87,-2,-3
1739480586.7182477,-71,6,-166
1739480586.7642477,85,-1,-47
1739480586.8102477,-29,-113,-128
1739480586.8562477,15,-54,-76
1739480586.9012475,68,-163,-19
1739480586.9472475,36,-71,-51
1739480586.9932475,-61,26,-17
1739480587.0382476,90,59,31
1739480587.0842476,90,-59,-73
1739480587.1302476,6,-87,32
1739480587.1762476,-55,65,-3
1739480587.2212474,-26,3,0
1739480587.2672474,-28,-49,-101
1739480587.3132474,-4,-156,-44
1739480587.3582475,-36,-73,18
1739480587.4042475,-58,-105,1
1739480587.4502475,80,-134,7
1739480587.4962475,-47,-65,-19
1739480587.5412476,11,-167,-75
1739480587.5872476,37,-90,-66
1739480587.6332476,-29,-85,74
1739480587.6782477,10,77,79
1739480587.7242477,-74,-137,-61
1739480587.7702477,-31,-49,-16
1739480587.8162477,29,0,-99
1739480587.8612475,18,-3,6
1739480587.9072475,-14,-22,0
1739480587.9532475,-74,55,-65
1739480587.9982476,26,55,-94
1739480588.0442476,-45,-204,-80
1739480588.0902476,20,36,-112
1739480588.1362476,-42,-25,-83
1739480588.1812477,5,41,-13
1739480588.2272477,-50,-74,-66
1739480588.2732477,42,77,21
1739480588.3182476,59,-45,-216
1739480588.3642476,-29,0,-4
1739480588.4102476,86,69,-40
1739480588.4562476,31,-61,2
1739480588.5012476,45,-47,-88
1739480588.5472476,88,-36,73
1739480588.5932477,17,-183,-54
1739480588.6382475,-23,-18,-46
1739480588.6842475,-43,-66,81
1739480588.7302475,-68,34,39
1739480588.7762475,61,-67,-87
1739480588.8212476,14,-63,14
1739480588.8672476,-20,24,-57
1739480588.9132476,-12,-18,-10
1739480588.9582477,-19,0,-24
1739480589.0042477,-75,-54,-83
1739480589.0502477,4,-48,-30
1739480589.0962474,-50,80,20
1739480589.1412475,-61,-38,59
1739480589.1872475,-5,-56,84
1739480589.2332475,70,-99,112
1739480589.2782476,67,-33,-61
1739480589.3242476,-26,-82,-50
1739480589.3702476,-57,-2,25
1739480589.4162476,-4,-9,-9
1739480589.4612474,-31,42,12
1739480589.5072474,4,53,31
1739480589.5532477,-11,-149,48
1739480589.5982475,28,-121,-17
1739480589.6442475,-19,24,-73
1739480589.6902475,-34,36,-95
1739480589.7362475,4,0,-121
1739480589.7812476,-43,-6,-41
1739480589.8272476,21,-5,19
1739480589.8732476,169,-5,-14
1739480589.9182477,17,0,-10
1739480589.9642477,102,55,39
1739480590.0102477,7,-25,-67
1739480590.0562477,-105,-60,18
1739480590.1012475,34,-49,18
1739480590.1472476,-8,-93,74
1739480590.1932476,-31,-34,-195
1739480590.2382476,28,-120,-71
1739480590.2842476,69,-19,55
1739480590.3302476,-30,46,-46
1739480590.3762476,37,-35,-26
1739480590.4212475,-8,35,-35
1739480590.4672475,-34,-7,-122
1739480590.5132475,61,-55,-49
1739480590.5582476,45,-75,1
1739480590.6042476,-33,-88,-133
1739480590.6502476,-8,-100,23
1739480590.6962476,-32,14,39
1739480590.7412477,-27,-116,85
1739480590.7872477,-17,-50,6
1739480590.8332477,-26,-18,-87
1739480590.8782475,-19,6,-55
1739480590.9242475,26,21,-31
1739480590.9702475,0,42,81
1739480591.0162475,49,63,-97
1739480591.0612476,-14,68,81
1739480591.1072476,18,11,90
1739480591.1532476,-68,2,-19
1739480591.1982474,-12,-18,-110
1739480591.2442474,-67,48,-42
1739480591.2902474,-25,-10,42
1739480591.3362474,0,-35,-40
1739480591.3812475,-45,-6,-10
1739480591.4272475,-42,-58,-12
1739480591.4732475,-114,-38,23
1739480591.5182476,-37,-10,18
1739480591.5642476,23,67,-99
1739480591.6162477,0,-20,4
1739480591.6612475,77,29,58
1739480591.7072475,-4,-2,-5
1739480591.7532475,-19,46,-83
1739480591.7982476,40,-59,-3
1739480591.8442476,76,47,-82
1739480591.8902476,27,-69,3
1739480591.9362476,47,27,-12
1739480591.9812477,-30,-90,22
1739480592.0272477,-36,-54,-38
1739480592.0732474,11,27,34
1739480592.1182475,30,-35,64
1739480592.1642475,-30,-6,-153
1739480592.2102475,-10,-56,-91
1739480592.2562475,-7,-112,-42
1739480592.3012476,-76,-84,-25
1739480592.3472476,47,-63,39
1739480592.3932476,-26,-102,-36
1739480592.4382474,32,49,-70
1739480592.4842474,-59,-56,-50
1739480592.5302474,-57,112,-60
1739480592.5762477,-44,-78,-107
1739480592.6212475,-9,-49,0
1739480592.6672475,5,116,8
1739480592.7132475,65,-1,-25
1739480592.7582476,-53,-8,-132
1739480592.8042476,-60,-2,26
1739480592.8502476,-21,-12,28
1739480592.8962476,-39,-14,57
1739480592.9412477,20,-32,-119
1739480592.9872477,7,-93,4
1739480593.0332477,33,10,-40
1739480593.0782475,-57,7,54
1739480593.1242476,113,48,34
1739480593.1702476,-29,-25,45
1739480593.2162476,22,-36,-111
1739480593.2612476,-27,9,-32
1739480593.3072476,9,-80,21
1739480593.3532476,-53,45,-93
1739480593.3982477,-42,-145,3
1739480593.4442475,9,-75,-60
1739480593.4902475,-30,-11,-74
1739480593.5362475,-4,20,-41
1739480593.5812476,-43,15,-45
1739480593.6272476,79,-82,-43
1739480593.6732476,-42,-144,-32
1739480593.7182477,26,-19,154
1739480593.7642477,-21,-77,19
1739480593.8102477,12,-100,-77
1739480593.8562477,-34,-79,-31
1739480593.9012475,-13,-11,6
1739480593.9472475,-53,-19,105
1739480593.9932475,42,49,-80
1739480594.0382476,29,52,-76
1739480594.0842476,-41,-69,-79
1739480594.1302476,32,-48,-2
1739480594.1762476,45,32,14
1739480594.2212474,91,80,-20
1739480594.2672474,-51,-211,-34
1739480594.3132474,-8,-66,78
1739480594.3582475,42,-8,37
1739480594.4042475,1,-60,-49
1739480594.4502475,-10,10,-113
1739480594.4962475,-48,-143,-113
1739480594.5412476,-22,-31,42
1739480594.5872476,-25,-1,49
1739480594.6332476,28,-13,30
1739480594.6782477,-30,-61,-93
1739480594.7242477,15,-144,-104
1739480594.7702477,16,-92,-34
1739480594.8162477,44,-130,-215
1739480594.8612475,86,-36,5
1739480594.9072475,32,69,0
1739480594.9532475,19,-150,6
1739480594.9982476,42,0,21
1739480595.0442476,55,-120,-6
1739480595.0902476,-10,9,60
1739480595.1362476,-51,64,-87
1739480595.1812477,6,-43,-2
1739480595.2272477,19,23,-133
1739480595.2732477,-16,-38,-90
1739480595.3182476,5,-53,-58
1739480595.3642476,-29,-172,-12
1739480595.4102476,39,-79,-31
1739480595.4562476,8,-99,-108
1739480595.5012476,58,-71,-120
1739480595.5472476,8,-13,65
1739480595.5932477,9,-8,45
1739480595.6382475,36,-55,-149
1739480595.6842475,66,-5,9
1739480595.7302475,31,103,-32
1739480595.7762475,-22,-20,-61
1739480595.8212476,-45,-86,-12
1739480595.8672476,-83,-62,-15
1739480595.9132476,-93,-108,54
1739480595.9582477,-7,-11,46
1739480596.0042477,7,-134,23
1739480596.0502477,-11,-71,-18
1739480596.0962474,5,-112,18
1739480596.1412475,-27,-56,11
1739480596.1872475,6,6,-29
1739480596.2332475,13,-1,-88
1739480596.2782476,-11,-66,-99
1739480596.3242476,-10,-150,143
1739480596.3702476,71,17,-5
1739480596.4162476,-13,-53,-80
1739480596.4612474,-30,-5,-10
1739480596.5072474,1,-75,-20
1739480596.5532477,-25,-41,25
1739480596.5982475,-22,19,-25
1739480596.6442475,-56,-61,-75
1739480596.6902475,112,-76,-33
1739480596.7362475,-51,-77,-33
1739480596.7812476,-25,15,-172
1739480596.8272476,-66,-53,-41
1739480596.8732476,-35,1,-134
1739480596.9182477,-12,43,19
1739480596.9642477,43,-40,-52
1739480597.0102477,33,62,-9
1739480597.0562477,22,-189,-11
1739480597.1012475,-3,-18,9
1739480597.1472476,60,-96,9
1739480597.1932476,22,-76,-123
1739480597.2382476,13,-73,-64
1739480597.2842476,-3,-39,-35
1739480597.3302476,15,-52,6
1739480597.3762476,0,-101,-68
1739480597.4212475,-17,-43,-21
1739480597.4672475,28,-8,-1
1739480597.5132475,-41,57,-69
1739480597.5582476,68,24,-61
1739480597.6042476,30,-28,33
1739480597.6502476,-21,-189,82
1739480597.6962476,16,-46,-50
1739480597.7412477,37,-114,-85
1739480597.7872477,-12,149,-128
1739480597.8332477,-29,-145,-14
1739480597.8782475,93,60,77
1739480597.9242475,-38,8,43
1739480597.9702475,8,55,88
1739480598.0162475,21,-153,-24
1739480598.0612476,59,-169,-2
1739480598.1072476,21,-11,46
1739480598.1532476,-21,-102,-93
1739480598.1982474,-33,-56,29
1739480598.2442474,-37,60,60
1739480598.2902474,65,-65,-81
1739480598.3362474,24,-74,-86
1739480598.3812475,-74,72,-111
1739480598.4272475,74,43,13
1739480598.4732475,36,-106,-106
1739480598.5182476,63,-83,-134
1739480598.5642476,16,-35,-35
1739480598.6102476,18,13,-80
1739480598.6562476,-19,5,48
1739480598.7012477,44,42,-44
1739480598.7472477,-52,-84,-172
1739480598.7932477,7,-27,-50
1739480598.8382475,-25,-42,-5
1739480598.8842475,42,22,-32
1739480598.9302475,20,4,-38
1739480598.9762475,-14,-61,-13
1739480599.0212476,35,55,-72
1739480599.0672476,-12,-44,-82
1739480599.1132476,-8,-21,151
1739480599.1582477,7,-34,-99
1739480599.2042477,41,-65,73
1739480599.2502477,-19,0,-24
1739480599.2962475,-46,-54,-17
1739480599.3412476,49,-113,-90
1739480599.3872476,19,-23,-33
1739480599.4332476,-47,74,68
1739480599.4782476,11,78,-90
1739480599.5242476,11,-93,-72
1739480599.5702477,13,34,67
1739480599.6152475,11,5,-56
1739480599.6612475,115,-5,-78
1739480599.7072475,10,-100,-14
1739480599.7532475,-4,-37,-114
1739480599.7982476,4,-45,-103
1739480599.8442476,-42,-40,-13
1739480599.8902476,6,-105,9
1739480599.9352477,42,-67,-112
1739480599.9812477,36,-54,-21
1739480600.0272477,-42,-96,-62
1739480600.0732474,-12,-66,-59
1739480600.1182475,59,-51,8
1739480600.1642475,-48,-66,-10
1739480600.2102475,15,-43,-92
1739480600.2552476,23,-191,-39
1739480600.3012476,-18,-44,-25
1739480600.3472476,8,-60,-48
1739480600.3932476,18,-81,-85
1739480600.4382474,-52,-135,-80
1739480600.4842474,4,-20,16
1739480600.5302474,-23,-52,-36
1739480600.5752475,-79,-184,-56
1739480600.6212475,-8,52,-72
1739480600.6672475,16,-12,-46
1739480600.7132475,12,-79,-66
1739480600.7582476,5,-69,69
1739480600.8042476,10,5,-81
1739480600.8502476,-4,203,-6
1739480600.8952477,75,-6,-17
1739480600.9412477,-45,-12,9
1739480600.9872477,2,-46,56
1739480601.0332477,-14,6,119
1739480601.0782475,44,27,8
1739480601.1242476,-32,-114,-15
1739480601.1702476,5,41,2
1739480601.2152476,-20,-76,-24
1739480601.2612476,-21,-148,-176
1739480601.3072476,15,69,-51
1739480601.3532476,-25,-32,-108
1739480601.3982477,0,55,-126
1739480601.4442475,9,4,-11
1739480601.4902475,-27,39,-41
1739480601.5352476,-10,-16,-38
1739480601.5812476,-18,-70,4
1739480601.6332476,27,111,90
1739480601.6782477,-22,-12,26
1739480601.7242477,-93,31,-14
1739480601.7702477,-31,-51,-119
1739480601.8152475,-64,47,14
1739480601.8612475,78,-72,-5
1739480601.9072475,60,-100,-52
1739480601.9532475,-15,3,-69
1739480601.9982476,-41,35,-32
1739480602.0442476,33,50,3
1739480602.0902476,-56,-13,105
1739480602.1352477,18,-114,42
1739480602.1812477,60,-54,123
1739480602.2272477,8,-114,-18
1739480602.2732477,0,18,23
1739480602.3182476,-15,-37,49
1739480602.3642476,-14,-48,-49
1739480602.4102476,22,-188,-28
1739480602.4552476,-36,-41,17
1739480602.5012476,-47,-43,-34
1739480602.5472476,-45,-17,-95
1739480602.5932477,-11,74,-86
1739480602.6382475,86,-117,58
1739480602.6842475,-98,20,-46
1739480602.7302475,36,-42,-18
1739480602.7752476,23,-7,-27
1739480602.8212476,32,-39,-7
1739480602.8672476,17,-2,-32
1739480602.9132476,17,-113,-72
1739480602.9582477,4,-23,73
1739480603.0042477,-9,-138,26
1739480603.0502477,8,29,-5
1739480603.0952475,34,-15,10
1739480603.1412475,150,15,-23
1739480603.1872475,48,-114,-111
1739480603.2332475,42,-25,-73
1739480603.2782476,-24,-8,-93
1739480603.3242476,22,57,-39
1739480603.3702476,-21,0,2
1739480603.4152474,33,-74,-144
1739480603.4612474,-18,-132,-13
1739480603.5072474,-44,-24,-162
1739480603.5532477,19,-8,32
1739480603.5982475,81,81,0
1739480603.6442475,-152,44,12
1739480603.6902475,72,-177,-96
1739480603.7352476,-17,-40,-1
1739480603.7812476,7,-28,25
1739480603.8272476,-34,-65,10
1739480603.8732476,72,-31,-85
1739480603.9182477,15,-52,-79
1739480603.9642477,23,11,22
1739480604.0102477,46,-67,-26
1739480604.0552475,45,-109,8
1739480604.1012475,41,-17,-12
1739480604.1472476,42,49,-7
1739480604.1932476,8,-19,-62
1739480604.2382476,-9,62,-57
1739480604.2842476,66,-29,-6
1739480604.3302476,65,-67,-116
1739480604.3752477,-23,65,-16
1739480604.4212475,-60,-4,54
1739480604.4672475,10,-53,7
1739480604.5132475,48,-59,-36
1739480604.5582476,23,-50,-8
1739480604.6042476,-19,8,-28
1739480604.6502476,-23,-69,-19
1739480604.6952477,26,-113,-112
1739480604.7412477,92,58,-134
1739480604.7872477,-23,1,-103
1739480604.8332477,-33,-77,30
1739480604.8782475,32,-48,91
1739480604.9242475,-5,50,-43
1739480604.9702475,10,9,62
1739480605.0152476,-44,-34,-105
1739480605.0612476,-44,-26,45
1739480605.1072476,53,31,-21
1739480605.1532476,36,31,6
1739480605.1982474,-48,-108,-9
1739480605.2442474,18,-45,-74
1739480605.2902474,-36,108,10
1739480605.3352475,-68,-28,28
1739480605.3812475,-107,34,66
1739480605.4272475,-11,-138,-25
1739480605.4732475,-53,18,40
1739480605.5182476,28,-5,-19
1739480605.5642476,-19,120,-17
1739480605.6102476,1,-48,-99
1739480605.6552474,95,-57,-92
1739480605.7012477,30,-51,-2
1739480605.7472477,42,-91,64
1739480605.7932477,-6,52,-82
1739480605.8382475,25,-22,-70
1739480605.8842475,-4,-107,-6
1739480605.9302475,-118,-79,-146
1739480605.9752476,10,19,-44
1739480606.0212476,-23,-49,-47
1739480606.0672476,-52,7,-55
1739480606.1132476,7,-39,-90
1739480606.1582477,-27,16,-107
1739480606.2042477,20,14,-158
1739480606.2502477,35,-69,42
1739480606.2952476,0,-57,-69
1739480606.3412476,-8,-48,75
1739480606.3872476,-53,92,44
1739480606.4332476,64,-127,-5
1739480606.4782476,-73,20,-125
1739480606.5242476,2,-48,48
1739480606.5702477,64,-17,2
1739480606.6152475,-21,6,-53
1739480606.6612475,-64,-18,-57
1739480606.7072475,-65,-78,-70
1739480606.7532475,-17,-85,-39
1739480606.7982476,36,5,-126
1739480606.8442476,-23,20,-34
1739480606.8902476,20,-90,7
1739480606.9352477,-22,-135,-19
1739480606.9812477,-49,-12,34
1739480607.0272477,30,-87,-85
1739480607.0732474,-17,-43,-69
1739480607.1182475,-22,-61,-44
1739480607.1642475,-82,-72,-41
1739480607.2102475,-70,34,28
1739480607.2552476,-55,-32,-74
1739480607.3012476,13,-61,10
1739480607.3472476,-81,-30,7
1739480607.3932476,50,-71,-53
1739480607.4382474,37,-120,-156
1739480607.4842474,-4,77,-8
1739480607.5302474,69,57,32
1739480607.5752475,-14,-150,-83
1739480607.6212475,64,43,-61
1739480607.6672475,-9,-116,-108
1739480607.7132475,-10,-118,42
1739480607.7582476,-46,22,-43
1739480607.8042476,-67,-86,-55
1739480607.8502476,79,-9,-9
1739480607.8952477,-69,-4,0
1739480607.9412477,13,18,-56
1739480607.9872477,26,29,21
1739480608.0332477,56,21,32
1739480608.0782475,-70,-8,-64
1739480608.1242476,48,-23,-88
1739480608.1702476,14,16,32
1739480608.2152476,-56,-56,-34
1739480608.2612476,11,-25,41
1739480608.3072476,18,-45,-46
1739480608.3532476,-15,-170,-98
1739480608.3982477,-3,7,47
1739480608.4442475,-69,13,-76
1739480608.4902475,84,-30,-93
1739480608.5352476,41,60,-117
1739480608.5812476,51,34,-89
1739480608.6272476,-56,-81,-22
1739480608.6732476,-10,-4,-72
1739480608.7182477,-28,-115,-57
1739480608.7642477,25,24,-103
1739480608.8102477,-14,27,39
1739480608.8552475,-94,203,-55
1739480608.9012475,-25,-115,-2
1739480608.9462476,41,-52,-61
1739480608.9912477,3,24,77
1739480609.0372477,41,-6,-117
1739480609.0832477,-35,75,-63
1739480609.1292477,96,-72,-71
1739480609.1742475,-39,79,36
1739480609.2202475,24,72,57
1739480609.2662475,-55,-1,-8
1739480609.3112476,1,-33,-140
1739480609.3572476,-35,-149,68
1739480609.4032476,24,30,-14
1739480609.4492476,25,-80,-48
1739480609.4942474,8,-81,-32
1739480609.5402474,-3,-120,-77
1739480609.5862474,-8,-83,13
1739480609.6312475,10,-117,-66
1739480609.6772475,-2,-16,5
1739480609.7232475,36,135,-19
1739480609.7692475,-4,4,77
1739480609.8142476,61,-55,-6
1739480609.8602476,-60,31,-28
1739480609.9062476,10,-42,-107
1739480609.9512477,56,-3,51
1739480609.9972477,-88,-42,48
1739480610.0432477,53,31,-152
1739480610.0892477,-38,10,-6
1739480610.1342475,28,-127,-94
1739480610.1802475,-36,48,-99
1739480610.2262475,15,-41,25
1739480610.2712476,9,-101,-200
1739480610.3172476,5,-116,-18
1739480610.3632476,2,-15,-134
1739480610.4092476,7,-48,-76
1739480610.4542477,41,-61,-57
1739480610.5002477,-32,6,-28
1739480610.5462475,4,10,-96
1739480610.5912476,-44,-18,89
1739480610.6372476,129,-75,39
1739480610.6832476,17,-33,5
1739480610.7292476,17,-83,-42
1739480610.7742476,-75,82,56
1739480610.8202477,-10,-15,-71
1739480610.8662477,3,44,-64
1739480610.9112475,-13,-60,-6
1739480610.9572475,-51,-110,-8
1739480611.0032475,-81,24,5
1739480611.0492475,-36,-12,-42
1739480611.0942476,-16,-52,-162
1739480611.1402476,3,-126,-117
1739480611.1862476,40,-79,-44
1739480611.2312477,11,92,71
1739480611.2772477,19,5,-60
1739480611.3232474,53,-5,-113
1739480611.3692474,56,-75,-8
1739480611.4142475,-45,-52,-116
1739480611.4602475,-63,8,-43
1739480611.5062475,-15,-98,-24
1739480611.5512476,21,107,-60
1739480611.5972476,-119,-76,11
1739480611.6492476,33,-3,-4
1739480611.6942475,-41,70,-51
1739480611.7402475,-71,94,-91
1739480611.7862475,0,56,72
1739480611.8312476,56,-141,-22
1739480611.8772476,-33,-42,-144
1739480611.9232476,2,-21,-48
1739480611.9692476,65,29,31
1739480612.0142477,93,0,47
1739480612.0602477,-47,-10,-77
1739480612.1062477,-100,-172,-35
1739480612.1512475,-52,32,-90
1739480612.1972475,22,59,45
1739480612.2432475,-8,20,-22
1739480612.2892475,0,-109,37
1739480612.3342476,-85,-96,-5
1739480612.3802476,-64,90,-142
1739480612.4262476,8,-5,-59
1739480612.4712474,-11,20,-2
1739480612.5172474,-2,-2,-17
1739480612.5632474,-39,15,-78
1739480612.6092474,-32,-77,-128
1739480612.6542475,50,-80,-46
1739480612.7002475,41,-38,-24
1739480612.7462475,-70,7,-49
1739480612.7912476,-29,-125,-21
1739480612.8372476,84,-102,-43
1739480612.8832476,40,-154,-10
1739480612.9292476,7,-6,-79
1739480612.9742477,-26,-83,-59
1739480613.0202477,18,-152,44
1739480613.0662477,-31,-13,-22
1739480613.1112475,-43,-139,-104
1739480613.1572475,68,66,-53
1739480613.2032475,-7,-93,-82
1739480613.2492476,-40,-19,-62
1739480613.2942476,0,-73,-66
1739480613.3402476,27,114,-65
1739480613.3862476,47,-8,-81
1739480613.4312477,54,36,59
1739480613.4772477,-46,-61,-113
1739480613.5232477,61,36,26
1739480613.5692475,-106,-85,37
1739480613.6142476,-1,-113,43
1739480613.6602476,49,-138,-46
1739480613.7062476,73,-58,-85
1739480613.7512476,-50,-11,-84
1739480613.7972476,-5,-83,11
1739480613.8432477,49,-6,-23
1739480613.8892477,17,72,-6
1739480613.9342475,-40,-71,-3
1739480613.9802475,9,-94,-102
1739480614.0262475,-46,-23,77
1739480614.0712476,-73,-21,-62
1739480614.1172476,15,16,-83
1739480614.1632476,-51,-27,-44
1739480614.2092476,-65,-139,-145
1739480614.2542477,58,-24,-69
1739480614.2992475,-6,-19,-100
1739480614.3452475,-79,-153,-203
1739480614.3902476,-12,-33,-156
1739480614.4362476,-61,-85,-121
1739480614.4822476,15,-28,-38
1739480614.5272477,36,106,0
1739480614.5732474,-65,37,-8
1739480614.6192474,-42,-115,-81
1739480614.6652474,-25,17,-56
1739480614.7102475,-56,-69,-61
1739480614.7562475,-50,61,-9
1739480614.8022475,-89,-17,-34
1739480614.8472476,-28,111,49
1739480614.8932476,34,-58,31
1739480614.9392476,0,54,-96
1739480614.9852476,-45,-109,-57
1739480615.0302474,76,-60,-44
1739480615.0762477,4,-70,-21
1739480615.1222477,-80,-7,-58
1739480615.1672475,24,7,-12
1739480615.2132475,-11,-20,-64
1739480615.2592475,-58,-41,-40
1739480615.3052475,57,68,-26
1739480615.3502476,15,-11,67
1739480615.3962476,-41,-43,-34
1739480615.4422476,-4,-80,-75
1739480615.4872477,-57,29,-40
1739480615.5332477,107,-70,-62
1739480615.5792477,65,0,-19
1739480615.6252477,25,15,32
1739480615.6702476,-51,55,-95
1739480615.7162476,-14,-63,-153
1739480615.7622476,2,-25,61
1739480615.8072476,-2,-61,-14
1739480615.8532476,-28,-91,-79
1739480615.8992476,-32,-29,-57
1739480615.9452477,-3,73,23
1739480615.9902475,-1,-35,-3
1739480616.0362475,-29,33,44
1739480616.0822475,50,-86,-49
1739480616.1272476,-82,-3,-60
1739480616.1732476,-6,-39,25
1739480616.2192476,-57,-4,-91
1739480616.2652476,-14,25,39
1739480616.3102477,-47,5,4
1739480616.3562477,-112,-31,-15
1739480616.4022477,-6,-103,-4
1739480616.4472475,-12,-124,-73
1739480616.4932475,57,14,26
1739480616.5392475,-78,-67,13
1739480616.5852475,-17,-68,-71
1739480616.6302476,102,-29,-57
1739480616.6762476,-16,-132,56
1739480616.7222476,33,1,53
1739480616.7672474,34,71,-11
1739480616.8132474,47,-31,52
1739480616.8592474,-10,8,22
1739480616.9052474,33,-81,-191
1739480616.9502475,6,-86,-8
1739480616.9962475,-3,-197,-15
1739480617.0422475,106,-19,-102
1739480617.0872476,51,0,-36
1739480617.1332476,-22,-98,-63
1739480617.1792476,-74,82,6
1739480617.2252476,35,-13,-43
1739480617.2702477,33,-3,68
1739480617.3162477,-68,-56,-101
1739480617.3622477,-58,-47,-1
1739480617.4072475,27,18,-55
1739480617.4532475,-24,-22,-70
1739480617.4992476,53,-28,-26
1739480617.5452476,-18,-42,-152
1739480617.5902476,34,13,-153
1739480617.6362476,-13,7,0
1739480617.6822476,6,-37,-78
1739480617.7272477,-32,-111,19
1739480617.7732477,-9,2,-3
1739480617.8192475,-12,-109,53
1739480617.8652475,-44,21,-9
1739480617.9102476,-101,-35,-54
1739480617.9562476,-11,-37,-39
1739480618.0022476,0,-66,-22
1739480618.0472476,27,-88,9
1739480618.0932477,-45,-57,18
1739480618.1392477,-42,-92,-32
1739480618.1852477,26,-35,-8
1739480618.2302475,-9,22,-125
1739480618.2762475,22,-33,-47
1739480618.3222475,-17,127,-138
1739480618.3672476,4,-16,14
1739480618.4132476,-17,-44,-85
1739480618.4592476,-53,-58,-21
1739480618.5052476,32,49,0
1739480618.5502477,-19,-128,-84
1739480618.5962474,0,-22,24
1739480618.6422474,-47,-28,-10
1739480618.6872475,13,-92,-151
1739480618.7332475,20,-54,-109
1739480618.7792475,5,-26,-75
1739480618.8252475,74,-8,-52
1739480618.8702476,28,-36,-101
1739480618.9162476,23,-48,18
1739480618.9622476,21,119,41
1739480619.0072474,49,-63,-111
1739480619.0532477,84,-117,4
1739480619.0992477,20,32,34
1739480619.1452477,-89,-6,-12
1739480619.1902475,22,-85,0
1739480619.2362475,74,-87,-49
1739480619.2822475,-41,12,6
1739480619.3272476,25,-169,-51
1739480619.3732476,59,-39,20
1739480619.4192476,16,-83,-86
1739480619.4652476,27,37,68
1739480619.5102477,17,-81,16
1739480619.5562477,73,-3,48
1739480619.6022477,-55,0,-86
1739480619.6472476,32,-63,80
1739480619.6932476,-21,-81,-37
1739480619.7392476,-6,-105,-72
1739480619.7852476,-123,-18,-111
1739480619.8302476,-25,-98,-93
1739480619.8762476,41,-33,-28
1739480619.9222476,45,-29,-93
1739480619.9672475,46,-149,-159
1739480620.0132475,91,-115,-96
1739480620.0592475,-82,64,20
1739480620.1052475,-1,2,0
1739480620.1502476,16,-49,10
1739480620.1962476,66,-25,-80
1739480620.2422476,-10,-73,-88
1739480620.2872477,76,77,-31
1739480620.3332477,9,3,-46
1739480620.3792477,-106,64,-24
1739480620.4252477,58,119,-61
1739480620.4702475,2,11,-23
1739480620.5162475,-8,-9,-71
1739480620.5622475,10,-45,-45
1739480620.6072476,9,44,15
1739480620.6532476,67,9,-16
1739480620.6992476,7,47,14
1739480620.7452476,73,19,-123
1739480620.7902474,3,-23,-23
1739480620.8362474,-13,37,-35
1739480620.8822474,-1,16,-18
1739480620.9272475,28,-33,-89
1739480620.9732475,14,-49,-39
1739480621.0192475,72,-115,-101
1739480621.0652475,34,-57,57
1739480621.1102476,35,65,110
1739480621.1562476,13,-127,-122
1739480621.2022476,-36,-88,9
1739480621.2472477,-89,28,-154
1739480621.2932477,-28,-124,-77
1739480621.3392477,63,14,-4
1739480621.3852477,48,-131,-74
1739480621.4302475,81,-1,-66
1739480621.4762475,2,-22,-28
1739480621.5222476,-30,147,38
1739480621.5672476,70,-11,-51
1739480621.6132476,10,-100,160
1739480621.6652474,31,-51,-50
1739480621.7102475,-12,-10,-52
1739480621.7562475,-39,-72,-85
1739480621.8022475,37,-83,-41
1739480621.8472476,-25,-15,-53
1739480621.8932476,-7,-1,-126
1739480621.9392476,-30,-141,-30
1739480621.9852476,10,-131,-12
1739480622.0302474,1,-40,-74
1739480622.0762477,-39,-12,12
1739480622.1222477,-44,80,56
1739480622.1672475,-1,-28,-48
1739480622.2132475,-10,-40,47
1739480622.2592475,-58,-98,-167
1739480622.3052475,-37,-51,-84
1739480622.3502476,-30,-131,4
1739480622.3962476,64,-76,-131
1739480622.4422476,-22,35,-136
1739480622.4872477,-1,121,-117
1739480622.5332477,31,-127,30
1739480622.5792477,-20,-11,-85
1739480622.6252477,-58,13,-24
1739480622.6702476,-36,-123,7
1739480622.7162476,23,-39,-145
1739480622.7622476,-33,42,-40
1739480622.8072476,-37,-100,-60
1739480622.8532476,52,-125,-71
1739480622.8992476,16,-17,94
1739480622.9452477,-62,-56,-114
1739480622.9902475,-60,-96,-15
1739480623.0362475,40,-73,0
1739480623.0822475,18,38,-28
1739480623.1272476,22,-31,-102
1739480623.1732476,16,-57,1
1739480623.2192476,-5,-38,27
1739480623.2652476,-42,-45,43
1739480623.3102477,-136,0,-7
1739480623.3562477,48,20,-100
1739480623.4022477,-7,-16,4
1739480623.4472475,-58,8,-105
1739480623.4932475,-57,-144,62
1739480623.5392475,-2,8,82
1739480623.5852475,11,-22,5
1739480623.6302476,-2,-58,-13
1739480623.6762476,-42,-83,-34
1739480623.7222476,27,-44,-134
1739480623.7672474,-18,39,32
1739480623.8132474,13,-126,-142
1739480623.8592474,0,30,54
1739480623.9052474,-25,12,8
1739480623.9502475,22,-39,12
1739480623.9962475,44,71,-25
1739480624.0422475,35,-62,-57
1739480624.0872476,57,-76,-97
1739480624.1332476,55,32,-106
1739480624.1792476,-4,21,-16
1739480624.2252476,47,35,61
1739480624.2702477,37,68,-156
1739480624.3162477,40,-65,-10
1739480624.3622477,22,34,-94
1739480624.4072475,-39,39,-30
1739480624.4532475,25,-51,17
1739480624.4992476,-38,-119,-7
1739480624.5452476,11,-56,-119
1739480624.5902476,31,-92,-9
1739480624.6362476,-18,-48,36
1739480624.6822476,-15,-24,-122
1739480624.7272477,28,-7,26
1739480624.7732477,-140,-88,-32
1739480624.8192475,34,7,21
1739480624.8652475,22,69,-144
1739480624.9102476,48,-41,-60
1739480624.9562476,0,-85,-34
1739480625.0022476,70,91,-72
1739480625.0472476,-54,106,-54
1739480625.0932477,-1,-27,-82
1739480625.1392477,8,-75,-38
1739480625.1852477,-48,-148,-35
1739480625.2302475,72,-9,-5
1739480625.2762475,76,-127,30
1739480625.3222475,30,235,-11
1739480625.3672476,47,47,-24
1739480625.4132476,2,18,-36
1739480625.4592476,-11,-36,13
1739480625.5052476,43,-87,-53
1739480625.5502477,-7,-95,0
1739480625.5962474,-16,17,-49
1739480625.6422474,33,-73,57
1739480625.6872475,-82,-40,-10
1739480625.7332475,12,-64,-31
1739480625.7792475,-29,-118,15
1739480625.8252475,-39,46,-44
1739480625.8702476,21,-83,152
1739480625.9162476,28,58,0
1739480625.9622476,15,-5,33
1739480626.0072474,-22,-65,3
1739480626.0532477,-8,-158,-100
1739480626.0992477,-37,-66,18
1739480626.1452477,33,-23,87
1739480626.1902475,-28,-14,-11
1739480626.2362475,41,-49,-116
1739480626.2822475,41,-37,-50
1739480626.3272476,9,-85,-86
1739480626.3732476,-29,-6,-82
1739480626.4192476,55,-5,-87
1739480626.4652476,48,-107,-61
1739480626.5102477,-44,-50,-72
1739480626.5562477,-38,-16,-128
1739480626.6022477,23,43,-44
1739480626.6472476,-34,1,-15
1739480626.6932476,84,-123,64
1739480626.7392476,11,-97,-48
1739480626.7852476,81,45,-99
1739480626.8302476,42,1,25
1739480626.8762476,6,-120,-67
1739480626.9222476,15,2,-54
1739480626.9672475,62,-133,61
1739480627.0132475,-55,18,-48
1739480627.0592475,14,-30,135
1739480627.1052475,-34,-30,8
1739480627.1502476,-17,-66,-8
1739480627.1962476,-16,-28,-7
1739480627.2422476,37,-45,-44
1739480627.2872477,12,-60,-125
1739480627.3332477,3,4,26
1739480627.3792477,-50,-28,-43
1739480627.4252477,12,58,-154
1739480627.4702475,50,-15,62
1739480627.5162475,57,-7,-21
1739480627.5622475,-92,-26,48
1739480627.6072476,21,-9,23
1739480627.6532476,-51,-7,-146
1739480627.6992476,11,-77,-67
1739480627.7452476,67,-53,-63
1739480627.7902474,-44,0,-162
1739480627.8362474,-49,10,-140
1739480627.8822474,5,-19,5
1739480627.9272475,25,-54,-99
1739480627.9732475,16,6,-43
1739480628.0192475,63,-37,-123
1739480628.0652475,-22,-44,-95
1739480628.1102476,6,-99,-11
1739480628.1562476,67,-21,30
1739480628.2022476,30,-207,-21
1739480628.2472477,0,63,-2
1739480628.2932477,22,-54,85
1739480628.3392477,37,-57,0
1739480628.3852477,69,-105,-4
1739480628.4302475,75,25,3
1739480628.4762475,-61,-156,67
1739480628.5222476,-7,20,-57
1739480628.5672476,-14,-30,3
1739480628.6132476,88,51,-13
1739480628.6592476,78,59,-82
1739480628.7052476,-48,62,103
1739480628.7502477,-36,-142,-64
1739480628.7962475,-8,-80,-20
1739480628.8422475,25,55,84
1739480628.8872476,20,15,-123
1739480628.9332476,2,-53,24
1739480628.9792476,1,-106,-15
1739480629.0252476,-16,-106,-92
1739480629.0702477,-34,22,-37
1739480629.1162477,31,25,8
1739480629.1622477,-25,-76,-166
1739480629.2072475,-22,-4,20
1739480629.2532475,88,-9,-72
1739480629.2992475,58,-71,-70
1739480629.3452475,-15,-50,16
1739480629.3902476,-77,42,-1
1739480629.4362476,22,-47,-82
1739480629.4822476,54,16,49
1739480629.5272477,35,-38,88
1739480629.5732474,38,-28,-105
1739480629.6192474,-23,-48,-12
1739480629.6652474,-11,-73,25
1739480629.7102475,150,-3,37
1739480629.7562475,-10,-176,-67
1739480629.8022475,27,-125,-52
1739480629.8472476,33,-8,4
1739480629.8932476,47,11,0
1739480629.9392476,-53,-105,-75
1739480629.9852476,81,-2,28
1739480630.0302474,6,-32,-61
1739480630.0762477,-39,-105,-38
1739480630.1222477,-46,-19,-113
1739480630.1672475,22,-150,15
1739480630.2132475,15,-36,81
1739480630.2592475,-33,-109,48
1739480630.3052475,-28,0,-77
1739480630.3502476,-20,13,-160
1739480630.3962476,0,-89,50
1739480630.4422476,46,-92,-48
1739480630.4872477,32,-64,-87
1739480630.5332477,55,-124,2
1739480630.5792477,81,-133,67
1739480630.6252477,-30,3,22
1739480630.6702476,51,0,-73
1739480630.7162476,-17,-47,-97
1739480630.7622476,47,-54,26
1739480630.8072476,0,-125,58
1739480630.8532476,-39,-1,-36
1739480630.8992476,40,-31,58
1739480630.9442475,-3,-54,-58
1739480630.9902475,32,-60,-84
1739480631.0362475,-71,-176,-65
1739480631.0822475,-12,14,-65
1739480631.1272476,-18,11,-91
1739480631.1732476,-11,-12,-88
1739480631.2192476,-6,-152,59
1739480631.2642477,-13,13,25
1739480631.3102477,-72,18,-126
1739480631.3562477,-33,90,82
1739480631.4022477,-45,1,-61
1739480631.4472475,33,-161,-112
1739480631.4932475,-39,-38,-171
1739480631.5392475,-17,42,-57
1739480631.5842476,-66,94,-80
1739480631.6362476,34,-49,-108
1739480631.6822476,-66,-96,67
1739480631.7272477,20,-63,-60
1739480631.7732477,17,-207,-119
1739480631.8192475,91,-37,-30
1739480631.8642476,59,-1,4
1739480631.9102476,-28,-79,66
1739480631.9562476,17,-38,-66
1739480632.0022476,2,-67,60
1739480632.0472476,9,-113,-66
1739480632.0932477,20,-70,50
1739480632.1392477,-45,125,30
1739480632.1842475,-54,-1,49
1739480632.2302475,26,-34,-100
1739480632.2762475,23,58,-75
1739480632.3222475,-26,7,-73
1739480632.3672476,1,23,-42
1739480632.4132476,-53,-13,-58
1739480632.4592476,-65,20,-26
1739480632.5042477,42,109,-67
1739480632.5502477,-9,-104,111
1739480632.5962474,60,-125,-4
1739480632.6422474,-14,-124,-41
1739480632.6872475,6,-87,-56
1739480632.7332475,4,-7,-43
1739480632.7792475,-7,14,-39
1739480632.8242476,14,-9,88
1739480632.8702476,106,-13,-130
1739480632.9162476,-51,-110,69
1739480632.9622476,4,-87,-6
1739480633.0072474,7,-96,-19
1739480633.0532477,30,-108,-30
1739480633.0992477,31,42,100
1739480633.1442475,67,-40,10
1739480633.1902475,33,8,-2
1739480633.2362475,-20,-135,-106
1739480633.2822475,73,-22,121
1739480633.3272476,87,-44,3
1739480633.3732476,-11,-32,-39
1739480633.4192476,-41,27,90
1739480633.4642477,-10,43,2
1739480633.5102477,-49,62,-63
1739480633.5562477,-93,-132,11
1739480633.6022477,80,-71,58
1739480633.6472476,34,13,-122
1739480633.6932476,-34,-136,-55
1739480633.7392476,-33,-104,41
1739480633.7842476,77,-5,38
1739480633.8302476,-35,-10,20
1739480633.8762476,-13,-40,-18
1739480633.9222476,-25,117,-86
1739480633.9672475,-53,-68,81
1739480634.0132475,-80,2,-42
1739480634.0592475,-27,-60,0
1739480634.1042476,38,-73,-27
1739480634.1502476,28,16,-38
1739480634.1962476,-65,17,-143
1739480634.2422476,-84,51,-90
1739480634.2872477,98,98,54
1739480634.3332477,81,-24,-63
1739480634.3792477,-65,-75,-43
1739480634.4242475,3,-95,45
1739480634.4702475,28,72,-98
1739480634.5162475,-31,-9,-46
1739480634.5622475,39,-56,-132
1739480634.6072476,6,-53,-36
1739480634.6532476,61,-66,-22
1739480634.6992476,-2,-159,-13
1739480634.7442474,5,-76,-64
1739480634.7902474,-10,-55,-38
1739480634.8362474,19,-46,-16
1739480634.8822474,13,-13,88
1739480634.9272475,90,-44,-28
1739480634.9732475,-71,17,-42
1739480635.0192475,-64,61,-28
1739480635.0642476,-20,87,-85
1739480635.1102476,-101,-71,-114
1739480635.1562476,51,78,-119
1739480635.2022476,-84,-13,-65
1739480635.2472477,-24,31,-40
1739480635.2932477,12,-126,-75
1739480635.3392477,28,3,-18
1739480635.3842475,4,8,33
1739480635.4302475,34,65,54
1739480635.4762475,22,-70,-51
1739480635.5222476,-47,24,51
1739480635.5672476,-39,-104,-12
1739480635.6132476,28,5,13
1739480635.6592476,4,29,54
1739480635.7042477,2,25,-38
1739480635.7502477,3,-55,-18
1739480635.7962475,-16,56,0
1739480635.8422475,38,15,-22
1739480635.8872476,-47,37,-107
1739480635.9332476,80,-54,-115
1739480635.9792476,10,-33,11
1739480636.0242476,-37,14,-83
1739480636.0702477,41,-41,-64
1739480636.1162477,-24,-49,-76
1739480636.1622477,1,59,-65
1739480636.2072475,16,92,-26
1739480636.2532475,-1,11,-151
1739480636.2992475,29,-9,-33
1739480636.3442476,-48,148,-158
1739480636.3902476,-14,-6,-49
1739480636.4362476,-6,-173,40
1739480636.4822476,15,-6,86
1739480636.5272477,64,-6,19
1739480636.5732474,64,-56,-98
1739480636.6192474,22,-166,-29
1739480636.6642475,-15,-65,32
1739480636.7102475,58,-70,-42
1739480636.7562475,37,25,-26
1739480636.8022475,4,-48,-8
1739480636.8472476,26,-136,1
1739480636.8932476,-22,1,-93
1739480636.9392476,79,-12,-9
1739480636.9842474,21,64,-67
1739480637.0302474,0,-118,-83
1739480637.0762477,0,-143,95
1739480637.1222477,42,-85,4
1739480637.1672475,117,-47,-31
1739480637.2132475,20,-91,-98
1739480637.2592475,-8,85,22
1739480637.3042476,39,57,93
1739480637.3502476,70,-49,-102
1739480637.3962476,102,-93,-38
1739480637.4422476,-47,-64,10
1739480637.4872477,-26,-88,-15
1739480637.5332477,32,7,90
1739480637.5792477,4,-62,-128
1739480637.6242476,11,-30,0
1739480637.6702476,6,-155,-100
1739480637.7162476,-47,-208,-75
1739480637.7622476,52,-47,-1
1739480637.8072476,64,-109,-31
1739480637.8532476,81,-79,7
1739480637.8992476,4,-22,-29
1739480637.9442475,36,1,-98
1739480637.9902475,39,-120,-10
1739480638.0362475,-61,-27,0
1739480638.0822475,76,8,-79
1739480638.1272476,4,-15,-19
1739480638.1732476,19,-34,-17
1739480638.2192476,59,-108,-313
1739480638.2642477,-19,113,51
1739480638.3102477,-39,-81,-28
1739480638.3562477,-18,-46,-68
1739480638.4022477,70,-38,-21
1739480638.4472475,5,-133,-41
1739480638.4932475,72,-79,-6
1739480638.5392475,22,-71,-70
1739480638.5842476,-5,-14,-62
1739480638.6302476,60,47,-91
1739480638.6762476,2,37,-62
1739480638.7222476,-21,-150,29
1739480638.7672474,27,12,-7
1739480638.8132474,8,-11,15
1739480638.8592474,-44,-16,0
1739480638.9042475,5,-3,33
1739480638.9502475,11,2,92
1739480638.9962475,65,15,-1
1739480639.0422475,33,-71,-81
1739480639.0872476,23,-53,48
1739480639.1332476,-39,-30,-52
1739480639.1792476,-33,128,-35
1739480639.2242477,-9,17,-94
1739480639.2702477,-32,-58,-139
1739480639.3162477,-49,-62,-17
1739480639.3602476,24,-63,-65
1739480639.4062476,-30,-112,39
1739480639.4522476,-84,-64,-48
1739480639.4982476,-59,32,67
1739480639.5432477,41,37,-14
1739480639.5892477,39,51,-21
1739480639.6352477,67,105,-54
1739480639.6802475,35,-79,-37
1739480639.7262475,8,9,4
1739480639.7722476,-28,-72,-80
1739480639.8182476,23,9,-26
1739480639.8632476,86,-85,-64
1739480639.9092476,14,106,-94
1739480639.9552476,55,-67,-16
1739480640.0002477,49,-27,-126
1739480640.0462475,2,26,-106
1739480640.0922475,39,-15,-34
1739480640.1382475,30,0,-2
1739480640.1832476,22,16,7
1739480640.2292476,28,-97,-144
1739480640.2752476,73,-99,-12
1739480640.3202477,1,106,-118
1739480640.3662477,16,19,-15
1739480640.4122477,-24,26,3
1739480640.4582477,12,-23,-10
1739480640.5032475,47,21,62
1739480640.5492475,55,-23,18
1739480640.5952475,33,-57,18
1739480640.6402476,-2,-31,-109
1739480640.6862476,-49,29,35
1739480640.7322476,51,68,0
1739480640.7782476,12,-76,102
1739480640.8232474,-40,-51,34
1739480640.8692474,-26,-35,-96
1739480640.9152474,-28,-37,43
1739480640.9602475,-40,55,-142
1739480641.0062475,-38,-16,-100
1739480641.0522475,43,61,-48
1739480641.0982475,-51,-134,-24
1739480641.1432476,16,-60,9
1739480641.1892476,-15,-32,-143
1739480641.2352476,-30,-68,-3
1739480641.2802474,-25,-107,117
1739480641.3262477,0,-118,54
1739480641.3722477,-22,-131,-96
1739480641.4182477,83,-74,32
1739480641.4632475,-109,-51,-17
1739480641.5092475,21,66,-68
1739480641.5552475,20,-19,-38
1739480641.6002476,-47,-75,-84
1739480641.6522477,27,-38,-76
1739480641.6982474,-25,19,-95
1739480641.7432475,-43,-49,-55
1739480641.7892475,-4,36,51
1739480641.8352475,-61,-193,43
1739480641.8802476,30,-126,-5
1739480641.9262476,33,-84,-36
1739480641.9722476,-59,-83,-80
1739480642.0182476,42,-9,-13
1739480642.0632474,-39,-95,-64
1739480642.1092474,-53,-55,80
1739480642.1552474,55,5,-37
1739480642.2002475,50,-38,-61
1739480642.2462475,-50,-113,171
1739480642.2922475,61,-10,-24
1739480642.3382475,-7,78,76
1739480642.3832476,3,46,-111
1739480642.4292476,-1,-32,-45
1739480642.4752476,36,78,35
1739480642.5202477,39,-40,-94
1739480642.5662477,-35,-7,-41
1739480642.6122477,-44,-49,-15
1739480642.6582477,44,-74,-158
1739480642.7032475,2,3,-65
1739480642.7492476,32,104,68
1739480642.7952476,34,-113,20
1739480642.8402476,-83,-59,5
1739480642.8862476,67,-56,-95
1739480642.9322476,31,-116,-173
1739480642.9782476,-30,-61,25
1739480643.0232477,6,-22,104
1739480643.0692475,-41,117,-80
1739480643.1152475,17,-86,-96
1739480643.1602476,41,40,53
1739480643.2062476,60,-88,22
1739480643.2522476,40,-88,-67
1739480643.2982476,-12,-133,-43
1739480643.3432477,42,-36,-60
1739480643.3892477,34,-138,-60
1739480643.4352477,-23,-32,-64
1739480643.4802475,48,-140,-173
1739480643.5262475,44,24,114
1739480643.5722475,39,-48,81
1739480643.6182475,-8,1,141
1739480643.6632476,-17,17,15
1739480643.7092476,-45,37,-99
1739480643.7552476,-2,-83,71
1739480643.8002477,-17,13,-130
1739480643.8462474,-54,-49,-34
1739480643.8922474,39,-128,-79
1739480643.9382474,28,-116,12
1739480643.9832475,-6,2,-48
1739480644.0292475,3,20,-106
1739480644.0752475,-98,-75,-26
1739480644.1202476,-86,81,5
1739480644.1672475,-12,-65,5
1739480644.2132475,-85,-53,62
1739480644.2592475,33,0,-41
1739480644.3042476,35,-80,-85
1739480644.3502476,-44,-25,-62
1739480644.3962476,61,-72,-11
1739480644.4422476,70,64,-22
1739480644.4872477,56,-6,73
1739480644.5332477,71,-216,-93
1739480644.5792477,-5,23,-56
1739480644.6242476,-30,-7,-3
1739480644.6702476,70,-22,-91
1739480644.7162476,22,-8,55
1739480644.7622476,-32,109,21
1739480644.8072476,-28,-31,-71
1739480644.8532476,9,0,-51
1739480644.8992476,84,-106,21
1739480644.9442475,-31,-83,-103
1739480644.9902475,-51,-9,-94
1739480645.0362475,91,76,-41
1739480645.0822475,0,-166,-22
1739480645.1272476,96,-24,-81
1739480645.1732476,20,-54,101
1739480645.2192476,-68,23,47
1739480645.2642477,58,-81,-83
1739480645.3102477,-19,64,-73
1739480645.3562477,-41,-36,30
1739480645.4022477,-54,-118,123
1739480645.4472475,82,1,-15
1739480645.4932475,1,-43,90
1739480645.5392475,32,-7,70
1739480645.5842476,40,-51,-23
1739480645.6302476,51,-20,46
1739480645.6762476,-40,79,-42
1739480645.7222476,-76,-15,-13
1739480645.7672474,-12,15,33
1739480645.8132474,-31,53,-40
1739480645.8592474,7,28,-14
1739480645.9042475,-27,-55,-22
1739480645.9502475,-22,-27,-20
1739480645.9962475,3,27,-15
1739480646.0422475,25,-85,-82
1739480646.0872476,-1,-69,18
1739480646.1332476,-8,-116,-78
1739480646.1792476,-55,-42,-92
1739480646.2242477,21,65,-8
1739480646.2702477,32,-20,-62
1739480646.3162477,21,4,-42
1739480646.3622477,72,-43,-70
1739480646.4072475,-60,-71,-23
1739480646.4532475,-37,7,63
1739480646.4992476,61,21,-71
1739480646.5442476,42,-132,-26
1739480646.5902476,10,-20,-69
1739480646.6362476,23,-105,-98
1739480646.6822476,23,-135,6
1739480646.7272477,18,65,0
1739480646.7732477,13,91,-56
1739480646.8192475,1,2,-108
1739480646.8642476,4,1,-102
1739480646.9102476,9,54,-100
1739480646.9562476,-62,-7,-44
1739480647.0022476,-16,-28,24
1739480647.0472476,19,-111,28
1739480647.0932477,15,-60,-16
1739480647.1392477,18,-104,-42
1739480647.1842475,24,-71,-61
1739480647.2302475,10,-151,-16
1739480647.2762475,-33,-106,-51
1739480647.3222475,4,-71,-28
1739480647.3672476,7,-26,-35
1739480647.4132476,20,-159,-101
1739480647.4592476,9,-109,-6
1739480647.5042477,-130,36,-36
1739480647.5502477,1,-63,-24
1739480647.5962474,-9,5,-137
1739480647.6422474,-37,-39,17
1739480647.6872475,18,-69,-31
1739480647.7332475,-9,-54,-106
1739480647.7792475,-27,-11,-26
1739480647.8242476,1,8,29
1739480647.8702476,-40,-80,-160
1739480647.9162476,-3,-160,-33
1739480647.9622476,-45,-12,26
1739480648.0072474,-65,-32,16
1739480648.0532477,-79,16,-1
1739480648.0992477,58,-75,9
1739480648.1442475,18,-87,-55
1739480648.1902475,11,-85,-11
1739480648.2362475,27,-107,4
1739480648.2822475,-22,60,-15
1739480648.3272476,36,-95,15
1739480648.3732476,28,-103,-53
1739480648.4192476,80,-111,-70
1739480648.4642477,20,49,-46
1739480648.5102477,33,-1,-37
1739480648.5562477,-15,0,-41
1739480648.6022477,29,-203,0
1739480648.6472476,46,-43,-114
1739480648.6932476,-20,-4,-53
1739480648.7392476,-37,60,17
1739480648.7842476,47,-69,123
1739480648.8302476,57,-117,-69
1739480648.8762476,35,-89,-39
1739480648.9222476,-38,-94,-72
1739480648.9672475,-84,4,-51
1739480649.0132475,-49,2,22
1739480649.0592475,73,-77,-41
1739480649.1042476,-70,12,-47
1739480649.1502476,-41,88,12
1739480649.1962476,-5,72,-41
1739480649.2422476,31,-109,-59
1739480649.2872477,-78,-68,26
1739480649.3332477,23,-89,-92
1739480649.3792477,-5,50,12
1739480649.4242475,45,-59,125
1739480649.4702475,-28,4,-2
1739480649.5162475,-78,-148,-72
1739480649.5622475,-78,-48,-79
1739480649.6072476,20,49,-120
1739480649.6532476,11,-12,-62
1739480649.6992476,-33,-146,-3
1739480649.7442474,-20,48,24
1739480649.7902474,0,-24,-61
1739480649.8362474,16,-153,33
1739480649.8822474,-30,34,-174
1739480649.9272475,-56,-86,1
1739480649.9732475,21,-81,-111
1739480650.0192475,-12,-74,-77
1739480650.0642476,-3,0,-57
1739480650.1102476,66,35,-3
1739480650.1562476,19,-93,-60
1739480650.2022476,-13,92,36
1739480650.2472477,-13,36,26
1739480650.2932477,-80,-64,-47
1739480650.3392477,-36,-56,-25
1739480650.3842475,83,-173,-57
1739480650.4302475,37,-47,-97
1739480650.4762475,-11,-56,80
1739480650.5222476,-38,-74,-112
1739480650.5672476,-39,-2,-38
1739480650.6132476,7,107,-30
1739480650.6592476,74,-35,-94
1739480650.7042477,-39,66,103
1739480650.7502477,-21,34,-126
1739480650.7962475,45,-77,68
1739480650.8422475,34,-83,-10
1739480650.8872476,62,11,-67
1739480650.9332476,13,160,-21
1739480650.9792476,30,45,36
1739480651.0242476,22,-25,-26
1739480651.0702477,8,39,-84
1739480651.1162477,103,-67,-69
1739480651.1622477,63,63,57
1739480651.2072475,-19,112,-89
1739480651.2532475,-14,-56,56
1739480651.2992475,2,-24,17
1739480651.3442476,60,-5,-82
1739480651.3902476,-19,36,24
1739480651.4362476,-3,-26,-139
1739480651.4822476,92,23,-27
1739480651.5272477,0,-81,-45
1739480651.5732474,100,29,68
1739480651.6192474,-23,28,23
1739480651.6702476,14,31,-40
1739480651.7162476,-19,72,-12
1739480651.7622476,-64,-26,-35
1739480651.8072476,-14,34,-9
1739480651.8532476,-67,-8,-39
1739480651.8992476,17,61,-24
1739480651.9442475,27,17,26
1739480651.9902475,54,-39,-182
1739480652.0362475,24,-115,-14
1739480652.0822475,-103,-52,-63
1739480652.1272476,-4,-64,-27
1739480652.1732476,9,-21,-53
1739480652.2192476,76,-53,0
1739480652.2642477,49,-53,-86
1739480652.3102477,48,-31,70
1739480652.3562477,2,-62,-25
1739480652.4022477,17,-115,24
1739480652.4472475,-25,6,-3
1739480652.4932475,-23,25,-7
1739480652.5392475,-11,-92,-85
1739480652.5842476,-18,-119,-44
1739480652.6302476,-29,-48,-31
1739480652.6762476,-88,84,-127
1739480652.7222476,129,-131,-95
1739480652.7672474,26,-31,-197
1739480652.8132474,-60,62,0
1739480652.8592474,-17,-54,-27
1739480652.9042475,6,19,-127
1739480652.9502475,-24,-78,-104
1739480652.9962475,-2,-131,-70
1739480653.0422475,30,6,-49
1739480653.0872476,-20,48,-111
1739480653.1332476,-38,30,72
1739480653.1792476,-25,-4,14
1739480653.2242477,-14,-56,-181
1739480653.2702477,-19,-25,12
1739480653.3162477,-67,-66,-63
1739480653.3622477,52,-47,41
1739480653.4072475,-7,76,-91
1739480653.4532475,-56,-90,-121
1739480653.4992476,6,15,-84
1739480653.5442476,22,25,10
1739480653.5902476,-22,12,13
1739480653.6362476,-10,93,-20
1739480653.6822476,32,-117,-49
1739480653.7272477,-13,39,-40
1739480653.7732477,32,0,30
1739480653.8192475,23,8,-68
1739480653.8642476,-44,-100,-71
1739480653.9102476,18,-43,54
1739480653.9562476,-20,-108,-69
1739480654.0022476,4,-63,-176
1739480654.0472476,34,0,-134
1739480654.0932477,-33,-43,40
1739480654.1392477,-30,0,-63
1739480654.1842475,83,3,-84
1739480654.2302475,-84,-30,-56
1739480654.2762475,-33,-36,-8
1739480654.3202477,-33,-44,-48
1739480654.3662477,26,-133,-83
1739480654.4122477,-1,-93,-19
1739480654.4582477,35,-35,-49
1739480654.5032475,21,21,111
1739480654.5492475,42,-7,43
1739480654.5952475,48,-45,-30
1739480654.6402476,-78,-32,-61
1739480654.6862476,88,-73,14
1739480654.7322476,29,-45,-107
1739480654.7782476,-1,-104,-119
1739480654.8232474,3,16,-99
1739480654.8692474,-57,-146,-15
1739480654.9152474,42,-201,64
1739480654.9602475,91,-39,-67
1739480655.0062475,-42,-66,39
1739480655.0522475,-5,21,-77
1739480655.0982475,-5,-152,53
1739480655.1432476,-21,37,-92
1739480655.1892476,66,-77,-79
1739480655.2352476,-53,-107,-111
1739480655.2802474,52,-18,-90
1739480655.3262477,-2,80,-2
1739480655.3722477,53,-14,23
1739480655.4182477,-62,-75,6
1739480655.4632475,13,6,-133
1739480655.5092475,-6,-9,16
1739480655.5552475,-49,-57,15
1739480655.6002476,6,-96,-65
1739480655.6462476,4,-132,-10
1739480655.6922476,37,-34,-78
1739480655.7382476,-18,-91,139
1739480655.7832477,5,13,-12
1739480655.8292477,-60,13,23
1739480655.8752477,78,-104,-87
1739480655.9202476,-22,123,-73
1739480655.9662476,85,-52,-77
1739480656.0122476,-82,83,-33
1739480656.0582476,16,-52,-22
1739480656.1032476,70,-16,56
1739480656.1492476,-15,64,-52
1739480656.1952477,91,6,-111
1739480656.2402475,-26,90,13
1739480656.2862475,6,-77,-34
1739480656.3322475,-119,-67,-109
1739480656.3782475,18,-31,-44
1739480656.4232476,48,-115,-147
1739480656.4692476,8,-27,52
1739480656.5152476,-6,-10,-39
1739480656.5602477,6,-116,-72
1739480656.6062477,14,-39,0
1739480656.6522477,-31,-46,-26
1739480656.6982474,-1,-188,-54
1739480656.7432475,-4,-2,-129
1739480656.7892475,-26,71,-39
1739480656.8352475,-49,-73,-67
1739480656.8802476,31,-76,38
1739480656.9262476,98,42,-5
1739480656.9722476,53,-4,-59
1739480657.0182476,-67,-85,103
1739480657.0632474,-103,31,6
1739480657.1092474,-12,-97,44
1739480657.1552474,-77,-95,-33
1739480657.2002475,-9,-28,-105
1739480657.2462475,48,5,-38
1739480657.2922475,22,-56,-73
1739480657.3382475,-48,-31,6
1739480657.3832476,-29,-1,9
1739480657.4292476,45,-65,-28
1739480657.4752476,-18,85,56
1739480657.5202477,14,48,-71
1739480657.5662477,60,-88,-99
1739480657.6122477,-14,115,-62
1739480657.6582477,-63,-37,11
1739480657.7032475,34,-14,-24
1739480657.7492476,113,-48,-8
1739480657.7952476,-19,5,-77
1739480657.8402476,-48,-29,2
1739480657.8862476,-9,-7,34
1739480657.9322476,-56,17,-61
1739480657.9782476,97,-88,49
1739480658.0232477,-46,-57,-41
1739480658.0692475,-3,22,-27
1739480658.1152475,99,-38,-39
1739480658.1602476,47,0,46
1739480658.2062476,-6,-54,17
1739480658.2522476,1,43,-81
1739480658.2982476,-43,-66,-26
1739480658.3432477,25,-130,-32
1739480658.3892477,-15,-63,-80
1739480658.4352477,-26,-121,-149
1739480658.4802475,-12,37,-124
1739480658.5262475,30,-6,-27
1739480658.5722475,24,-108,23
1739480658.6182475,4,-12,18
1739480658.6632476,1,-27,-86
1739480658.7092476,-48,-59,-91
1739480658.7552476,7,-99,-37
1739480658.8002477,27,-70,-38
1739480658.8462474,3,-60,-6
1739480658.8922474,-35,-131,49
1739480658.9382474,-12,35,-71
1739480658.9832475,-56,-3,-43
1739480659.0292475,18,-80,-83
1739480659.0752475,-16,-70,-56
1739480659.1202476,48,41,-47
1739480659.1662476,-5,-22,-47
1739480659.2122476,-65,-108,64
1739480659.2572474,10,-71,-179
1739480659.3032477,19,-37,-140
1739480659.3492477,-90,33,-77
1739480659.3952477,40,-84,-57
1739480659.4402475,5,-9,-29
1739480659.4862475,-9,-79,-80
1739480659.5322475,43,-41,27
1739480659.5782475,-9,-37,-74
1739480659.6232476,-6,-106,-75
1739480659.6692476,32,99,13
1739480659.7152476,-77,-30,27
1739480659.7602477,-42,80,-27
1739480659.8062477,-74,68,-34
1739480659.8522477,-3,69,23
1739480659.8982477,28,-27,-8
1739480659.9432476,40,-87,36
1739480659.9892476,-32,46,-36
1739480660.0352476,-53,0,-55
1739480660.0802476,-25,-88,61
1739480660.1262476,76,-23,28
1739480660.1722476,31,17,-46
1739480660.2182477,31,-15,14
1739480660.2632475,34,-51,-84
1739480660.3092475,-68,-90,0
1739480660.3552475,4,-33,-68
1739480660.4002476,-37,-30,-54
1739480660.4462476,-8,-7,-104
1739480660.4922476,-72,-11,14
1739480660.5382476,46,11,43
1739480660.5832477,-20,66,-1
1739480660.6292477,-27,-12,-34
1739480660.6752477,-14,114,-48
1739480660.7202475,60,-73,36
1739480660.7662475,40,-10,-112
1739480660.8122475,31,-129,-53
1739480660.8582475,-65,-100,25
1739480660.9032476,33,43,105
1739480660.9492476,19,59,-14
1739480660.9952476,-42,32,-78
1739480661.0402474,-102,84,-195
1739480661.0862474,65,-8,-90
1739480661.1322474,-4,-138,-107
1739480661.1782477,-23,-104,24
1739480661.2232475,-33,-85,-42
1739480661.2692475,-30,-100,11
1739480661.3152475,-20,-103,0
1739480661.3602476,-31,-61,-123
1739480661.4062476,36,-30,-6
1739480661.4522476,30,-54,6
1739480661.4982476,28,-85,-100
1739480661.5432477,58,77,102
1739480661.5892477,-52,-26,-90
1739480661.6352477,0,8,-46
1739480661.6862476,18,11,3
1739480661.7322476,-28,-10,-31
1739480661.7782476,3,25,-9
1739480661.8232474,-19,-144,-70
1739480661.8692474,36,-35,5
1739480661.9152474,-48,44,18
1739480661.9602475,25,55,-18
1739480662.0062475,1,18,-60
1739480662.0522475,57,3,-201
1739480662.0982475,9,-10,-88
1739480662.1432476,1,-90,3
1739480662.1892476,80,-48,31
1739480662.2352476,19,77,-60
1739480662.2802474,13,39,63
1739480662.3262477,-46,-29,-106
1739480662.3722477,-73,33,32
1739480662.4182477,67,-8,0
1739480662.4632475,-27,13,-11
1739480662.5092475,8,98,-9
1739480662.5552475,15,8,-118
1739480662.6002476,24,45,20
1739480662.6462476,-27,-22,-88
1739480662.6922476,41,-29,-10
1739480662.7382476,4,125,-52
1739480662.7832477,-5,-82,24
1739480662.8292477,52,75,-70
1739480662.8752477,23,-61,30
1739480662.9202476,-18,34,19
1739480662.9662476,16,-53,-40
1739480663.0122476,-88,-14,-119
1739480663.0572476,62,-3,-146
1739480663.1032476,112,-123,98
1739480663.1492476,-9,112,-44
1739480663.1952477,-10,-64,-27
1739480663.2402475,34,-117,-78
1739480663.2862475,-29,-2,0
1739480663.3322475,-36,-70,94
1739480663.3772476,-2,-106,60
1739480663.4232476,36,-67,-35
1739480663.4692476,4,0,-30
1739480663.5152476,-30,-48,17
1739480663.5602477,-71,6,-26
1739480663.6062477,-5,-51,-32
1739480663.6522477,-18,45,-96
1739480663.6972475,11,-66,44
1739480663.7432475,98,35,-3
1739480663.7892475,3,-170,-54
1739480663.8352475,27,-87,0
1739480663.8802476,9,25,-103
1739480663.9262476,58,19,0
1739480663.9722476,-36,-82,-2
1739480664.0172474,-40,0,-135
1739480664.0632474,-15,-16,53
1739480664.1092474,29,-103,-22
1739480664.1552474,38,-68,-56
1739480664.2002475,-22,-15,-102
1739480664.2462475,-80,31,-49
1739480664.2922475,-75,-29,65
1739480664.3372476,40,-94,-76
1739480664.3832476,6,-24,-16
1739480664.4292476,63,31,23
1739480664.4752476,-38,12,-30
1739480664.5202477,71,-3,162
1739480664.5662477,-7,-26,-82
1739480664.6122477,106,-49,-79
1739480664.6572475,4,-81,-61
1739480664.7032475,22,-41,-106
1739480664.7492476,65,-38,34
1739480664.7952476,38,-22,-6
1739480664.8402476,20,-6,-53
1739480664.8862476,77,49,-14
1739480664.9322476,67,-92,-54
1739480664.9772477,-22,-9,-104
1739480665.0232477,80,-70,-49
1739480665.0692475,-14,18,2
1739480665.1152475,-8,-146,-13
1739480665.1602476,-9,-26,91
1739480665.2062476,-32,-14,-12
1739480665.2522476,-25,-20,-90
1739480665.2972476,27,-33,-62
1739480665.3432477,39,-55,-87
1739480665.3892477,-28,12,79
1739480665.4352477,-12,33,-33
1739480665.4802475,7,-23,-4
1739480665.5262475,18,-69,-103
1739480665.5722475,13,4,-203
1739480665.6172476,14,-35,-101
1739480665.6632476,32,-141,-11
1739480665.7092476,-45,-60,-60
1739480665.7552476,-66,50,6
1739480665.8002477,-68,-26,-148
1739480665.8462474,-14,-94,-53
1739480665.8922474,56,15,-17
1739480665.9372475,9,-27,-68
1739480665.9832475,32,-43,49
1739480666.0292475,77,-75,-75
1739480666.0752475,2,-72,47
1739480666.1202476,-49,6,-16
1739480666.1662476,52,-91,0
1739480666.2122476,17,-29,-103
1739480666.2572474,41,-67,-19
1739480666.3032477,40,-51,7
1739480666.3492477,-43,-48,-43
1739480666.3952477,15,-4,0
1739480666.4402475,48,17,-95
1739480666.4862475,-7,2,-101
1739480666.5322475,20,-12,24
1739480666.5772476,23,-76,-72
1739480666.6232476,7,-48,38
1739480666.6692476,-80,-47,-101
1739480666.7152476,-27,81,-42
1739480666.7602477,52,-28,-81
1739480666.8062477,39,-22,54
1739480666.8522477,-26,-63,-40
1739480666.8972476,5,-82,-67
1739480666.9432476,62,-110,-146
1739480666.9892476,-7,-93,0
1739480667.0352476,56,18,-37
1739480667.0802476,-53,-57,-47
1739480667.1262476,55,-90,36
1739480667.1722476,7,46,-12
1739480667.2172475,-31,-21,-16
1739480667.2632475,23,-74,-27
1739480667.3092475,68,30,-11
1739480667.3552475,-51,1,-78
1739480667.4002476,15,62,91
1739480667.4462476,-15,-50,-134
1739480667.4922476,-66,-15,21
1739480667.5372477,-105,87,48
1739480667.5832477,26,52,79
1739480667.6292477,74,60,-34
1739480667.6752477,73,-144,45
1739480667.7202475,36,24,-62
1739480667.7662475,42,-60,-42
1739480667.8122475,46,-12,74
1739480667.8572476,-53,67,-79
1739480667.9032476,17,-2,-105
1739480667.9492476,46,64,21
1739480667.9952476,60,6,-51
1739480668.0402474,18,-80,-91
1739480668.0862474,4,-125,36
1739480668.1322474,27,-22,2
1739480668.1772475,-18,-1,13
1739480668.2232475,24,-72,27
1739480668.2692475,42,-64,-68
1739480668.3152475,8,-18,108
1739480668.3602476,-93,93,-23
1739480668.4062476,83,-40,-133
1739480668.4522476,-24,-69,-92
1739480668.4972477,-63,-15,-99
1739480668.5432477,20,-92,11
1739480668.5892477,-3,2,-94
1739480668.6352477,-22,-43,25
1739480668.6802475,-23,-93,11
1739480668.7262475,27,-74,23
1739480668.7722476,-24,-21,14
1739480668.8172476,62,-66,-33
1739480668.8632476,-29,-42,-19
1739480668.9092476,29,-56,10
1739480668.9552476,-97,-7,-16
1739480669.0002477,-93,11,6
1739480669.0462475,75,-82,-126
1739480669.0922475,19,0,32
1739480669.1372476,-7,97,-21
1739480669.1832476,2,-80,0
1739480669.2292476,-19,-11,45
1739480669.2752476,-133,-29,-2
1739480669.3202477,-59,-137,30
1739480669.3662477,-113,61,7
1739480669.4122477,61,-73,-7
1739480669.4572475,-13,38,18
1739480669.5032475,-50,60,-70
1739480669.5492475,-106,-54,-64
1739480669.5952475,-37,-56,-80
1739480669.6402476,56,13,-16
1739480669.6862476,14,-15,-97
1739480669.7322476,-92,-14,61
1739480669.7772477,-9,-22,-130
1739480669.8232474,72,-72,-44
1739480669.8692474,-64,-86,-20
1739480669.9152474,5,-100,-49
1739480669.9602475,-3,-4,60
1739480670.0062475,40,-47,-50
1739480670.0522475,-15,0,-32
1739480670.0972476,32,-39,92
1739480670.1432476,-23,-4,-12
1739480670.1892476,64,-11,-97
1739480670.2352476,-82,-53,-58
1739480670.2802474,46,-80,-51
1739480670.3262477,-39,-21,-98
1739480670.3722477,79,-18,-95
1739480670.4172475,23,-105,14
1739480670.4632475,9,-120,-87
1739480670.5092475,3,99,-79
1739480670.5552475,86,-18,-51
1739480670.6002476,-54,-143,-13
1739480670.6462476,20,14,-162
1739480670.6922476,-21,18,16
1739480670.7372477,33,60,-47
1739480670.7832477,-1,-45,-90
1739480670.8292477,-14,-40,-97
1739480670.8752477,-6,-12,10
1739480670.9202476,-25,74,-54
1739480670.9662476,-20,-48,-106
1739480671.0122476,3,-114,-108
1739480671.0572476,-4,-55,-105
1739480671.1032476,44,-17,-108
1739480671.1492476,-29,20,-161
1739480671.1952477,-10,20,-5
1739480671.2402475,-13,-96,-105
1739480671.2862475,-2,-42,-54
1739480671.3322475,-5,83,27
1739480671.3772476,-2,-40,-86
1739480671.4232476,125,-85,-65
1739480671.4692476,45,-20,-140
1739480671.5152476,39,74,39
1739480671.5602477,57,6,-66
1739480671.6062477,8,76,-56
1739480671.6522477,25,-18,-60
1739480671.7032475,23,78,-29
1739480671.7492476,-25,-61,-76
1739480671.7952476,98,-42,0
1739480671.8402476,-102,19,-10
1739480671.8862476,-54,-39,51
1739480671.9322476,-37,20,-30
1739480671.9772477,-43,-31,44
1739480672.0232477,-11,43,-135
1739480672.0692475,-30,-15,55
1739480672.1152475,-31,45,-102
1739480672.1602476,-9,-36,-4
1739480672.2062476,-66,-23,-155
1739480672.2522476,-55,-11,-57
1739480672.2972476,65,82,-34
1739480672.3432477,63,26,3
1739480672.3892477,-35,15,-22
1739480672.4352477,29,-64,-26
1739480672.4802475,-29,51,-8
1739480672.5262475,-2,-148,-70
1739480672.5722475,62,8,-26
1739480672.6172476,18,-58,6
1739480672.6632476,1,-108,-11
1739480672.7092476,76,114,77
1739480672.7552476,-58,-16,-64
1739480672.8002477,12,-52,-187
1739480672.8462474,25,-39,-77
1739480672.8922474,-40,32,-67
1739480672.9372475,13,-82,42
1739480672.9832475,-14,-72,-89
1739480673.0292475,-33,13,-133
1739480673.0752475,76,-192,13
1739480673.1202476,49,-6,8
1739480673.1662476,-3,40,-128
1739480673.2122476,-24,-104,-45
1739480673.2572474,36,-151,-65
1739480673.3032477,-57,116,-119
1739480673.3492477,-44,7,2
1739480673.3952477,-75,-21,60
1739480673.4402475,10,58,43
1739480673.4862475,60,-68,-61
1739480673.5322475,23,12,-167
1739480673.5772476,-60,-35,-43
1739480673.6232476,-11,13,29
1739480673.6692476,45,-54,136
1739480673.7152476,-3,93,-65
1739480673.7602477,-23,-22,-50
1739480673.8062477,-61,-38,27
1739480673.8522477,-2,-6,-122
1739480673.8972476,70,-9,-81
1739480673.9432476,-11,58,-58
1739480673.9892476,49,38,-44
1739480674.0352476,9,27,-58
1739480674.0802476,45,-23,-223
1739480674.1262476,17,-45,-48
1739480674.1722476,-19,-2,34
1739480674.2172475,40,-49,50
1739480674.2632475,-9,-160,-11
1739480674.3092475,39,-7,83
1739480674.3552475,-8,-106,-88
1739480674.4002476,-33,-16,-21
1739480674.4462476,93,-29,-37
1739480674.4922476,42,-115,41
1739480674.5372477,-47,-102,-124
1739480674.5832477,41,-20,4
1739480674.6292477,-33,-19,25
1739480674.6752477,-16,-41,47
1739480674.7202475,49,37,-67
1739480674.7662475,-7,-18,-94
1739480674.8122475,-102,-2,46
1739480674.8572476,18,-149,-31
1739480674.9032476,-37,-70,-29
1739480674.9492476,82,93,-46
1739480674.9952476,-26,-44,-98
1739480675.0402474,1,-28,-25
1739480675.0862474,-27,-162,-47
1739480675.1322474,-24,-110,-75
1739480675.1772475,-9,-32,-108
1739480675.2232475,24,-131,14
1739480675.2692475,-16,0,-21
1739480675.3152475,-65,-70,2
1739480675.3602476,0,-90,-50
1739480675.4062476,-25,-76,-4
1739480675.4522476,28,-115,0
1739480675.4972477,34,-38,0
1739480675.5432477,-10,-38,-98
1739480675.5892477,27,41,12
1739480675.6352477,29,61,-41
1739480675.6802475,63,-26,-120
1739480675.7262475,74,-12,-34
1739480675.7722476,-35,-81,-4
1739480675.8172476,12,-60,-35
1739480675.8632476,20,82,-50
1739480675.9092476,56,-42,-50
1739480675.9552476,10,-61,40
1739480676.0002477,-25,29,-142
1739480676.0462475,-126,18,-48
1739480676.0922475,95,85,-154
1739480676.1372476,-34,-75,-82
1739480676.1832476,-89,-24,-116
1739480676.2292476,-34,19,-59
1739480676.2752476,80,20,-57
1739480676.3202477,90,-2,-7
1739480676.3662477,27,-131,94
1739480676.4122477,-19,-72,86
1739480676.4572475,4,-49,-114
1739480676.5032475,-3,-58,55
1739480676.5492475,-14,36,0
1739480676.5952475,-12,75,8
1739480676.6402476,-42,36,-40
1739480676.6862476,-8,-17,-34
1739480676.7322476,-28,-48,5
1739480676.7772477,2,-160,-60
1739480676.8232474,-34,6,-12
1739480676.8692474,0,3,-116
1739480676.9152474,-39,-136,7
1739480676.9602475,-46,56,61
1739480677.0062475,-31,-16,-35
1739480677.0522475,40,-59,-56
1739480677.0972476,-10,-34,-40
1739480677.1432476,93,-37,-61
1739480677.1892476,60,35,123
1739480677.2352476,21,-22,-83
1739480677.2802474,106,59,-86
1739480677.3262477,107,-67,12
1739480677.3722477,16,39,48
1739480677.4172475,14,-24,-117
1739480677.4632475,21,-141,27
1739480677.5092475,-12,-77,6
1739480677.5552475,114,23,-14
1739480677.6002476,32,-133,-112
1739480677.6462476,55,-173,-26
1739480677.6922476,-30,-80,12
1739480677.7372477,25,-69,66
1739480677.7832477,-52,-88,-44
1739480677.8292477,51,3,-34
1739480677.8752477,-11,-113,6
1739480677.9202476,33,1,84
1739480677.9662476,30,-5,-63
1739480678.0122476,60,35,-46
1739480678.0572476,53,-35,-48
1739480678.1032476,-6,-31,0
1739480678.1492476,-9,-67,21
1739480678.1952477,31,10,77
1739480678.2402475,-58,45,-65
1739480678.2862475,15,-48,2
1739480678.3322475,-79,127,13
1739480678.3772476,-32,-101,-37
1739480678.4232476,-1,64,-7
1739480678.4692476,-23,-76,-57
1739480678.5152476,23,-5,-42
1739480678.5602477,16,-93,50
1739480678.6062477,-19,-135,-16
1739480678.6522477,46,0,9
1739480678.6972475,55,-76,-85
1739480678.7432475,-34,-139,-63
1739480678.7892475,18,-56,-51
1739480678.8352475,16,10,-18
1739480678.8802476,-86,21,-133
1739480678.9262476,25,34,-7
1739480678.9722476,-4,7,1
1739480679.0172474,93,-82,-61
1739480679.0632474,2,-14,-34
1739480679.1092474,-30,-133,44
1739480679.1552474,0,-18,-4
1739480679.2002475,32,46,-81
1739480679.2462475,-3,16,5
1739480679.2922475,-50,-61,76
1739480679.3372476,16,56,-31
1739480679.3832476,67,-52,-37
1739480679.4292476,78,-64,13
1739480679.4752476,14,-7,-32
1739480679.5202477,-30,-23,-31
1739480679.5662477,4,-1,-78
1739480679.6122477,11,58,-37
1739480679.6572475,-1,-58,-119
1739480679.7032475,-23,-19,-45
1739480679.7492476,33,-88,-24
1739480679.7952476,-35,7,-14
1739480679.8402476,-57,-143,-63
1739480679.8862476,-27,-84,-63
1739480679.9322476,-2,22,-89
1739480679.9772477,5,7,-86
1739480680.0232477,-104,-57,-23
1739480680.0692475,-1,50,-125
1739480680.1152475,-8,-31,-3
1739480680.1602476,47,-44,23
1739480680.2062476,-13,-109,-59
1739480680.2522476,38,34,-21
1739480680.2972476,-68,7,-89
1739480680.3432477,-56,-53,-52
1739480680.3892477,-24,-114,-32
1739480680.4352477,-34,35,-23
1739480680.4802475,4,-58,-76
1739480680.5262475,74,-10,-52
1739480680.5722475,-60,5,39
1739480680.6172476,17,-20,-47
1739480680.6632476,44,-46,-22
1739480680.7092476,23,-96,29
1739480680.7552476,163,-18,95
1739480680.8002477,7,-3,-30
1739480680.8462474,-21,16,-97
1739480680.8922474,12,30,-52
1739480680.9362476,59,-77,-77
1739480680.9822476,-65,17,-38
1739480681.0282476,-74,-164,-37
1739480681.0732474,66,-87,-30
1739480681.1192474,12,-105,4
1739480681.1652474,47,-79,61
1739480681.2112474,-8,-58,44
1739480681.2562475,-76,-64,-199
1739480681.3022475,-118,-42,-65
1739480681.3482475,13,-55,-79
1739480681.3932476,20,-73,6
1739480681.4392476,72,0,-66
1739480681.4852476,10,54,-114
1739480681.5312476,56,4,-69
1739480681.5762477,-51,-37,-22
1739480681.6222477,-28,-41,-52
1739480681.6732476,-20,-127,-85
1739480681.7192476,60,-80,-21
1739480681.7652476,46,62,-31
1739480681.8112476,78,-6,55
1739480681.8562477,47,112,-44
1739480681.9022477,-11,-10,57
1739480681.9482474,-8,-100,-3
1739480681.9932475,63,-59,-14
1739480682.0392475,42,-83,123
1739480682.0852475,-19,-11,-46
1739480682.1312475,37,65,-56
1739480682.1762476,-25,135,4
1739480682.2222476,-6,-61,-61
1739480682.2682476,94,-53,-64
1739480682.3132474,116,26,56
1739480682.3592474,-20,61,-62
1739480682.4052474,-10,-33,-27
1739480682.4512477,-41,7,-59
1739480682.4962475,-11,-128,-14
1739480682.5422475,30,-54,17
1739480682.5882475,16,23,-223
1739480682.6332476,-94,-59,-158
1739480682.6792476,-27,-91,-33
1739480682.7252476,6,-54,11
1739480682.7712476,-46,29,42
1739480682.8162477,-36,89,-30
1739480682.8622477,41,-32,-59
1739480682.9082477,71,-58,2
1739480682.9532475,-109,-87,9
1739480682.9992476,22,-16,-30
1739480683.0452476,78,-52,39
1739480683.0912476,11,6,-100
1739480683.1362476,145,32,-46
1739480683.1822476,-8,-7,-23
1739480683.2282476,16,-54,-105
1739480683.2732477,-61,-197,5
1739480683.3192475,-71,-55,11
1739480683.3652475,-24,-83,-30
1739480683.4112475,-44,9,21
1739480683.4562476,22,-132,-7
1739480683.5022476,28,48,43
1739480683.5482476,-51,5,-47
1739480683.5932477,-13,-135,-60
1739480683.6392477,34,-110,-110
1739480683.6852477,-7,62,12
1739480683.7312477,-46,-126,-82
1739480683.7762475,-25,-26,0
1739480683.8222475,-57,-9,40
1739480683.8682475,-46,37,37
1739480683.9132476,9,42,63
1739480683.9592476,-3,38,-170
1739480684.0052476,29,-4,9
1739480684.0512476,-54,35,2
1739480684.0962474,44,22,7
1739480684.1422474,3,-96,25
1739480684.1882474,-10,36,-67
1739480684.2332475,-51,-82,-88
1739480684.2792475,0,105,-13
1739480684.3252475,-87,9,-8
1739480684.3712475,-1,1,3
1739480684.4162476,69,-1,-109
1739480684.4622476,-12,-4,-9
1739480684.5082476,-20,28,-147
1739480684.5532477,37,41,-50
1739480684.5992477,-56,30,-2
1739480684.6452477,11,-7,12
1739480684.6912477,64,-97,0
1739480684.7362475,-2,-94,-130
1739480684.7822475,-8,-76,28
1739480684.8282475,86,21,114
1739480684.8732476,-5,-14,-32
1739480684.9192476,42,13,-48
1739480684.9652476,8,-36,-43
1739480685.0112476,-44,-30,-50
1739480685.0562477,40,-13,-2
1739480685.1022477,-56,-14,3
1739480685.1482477,-20,-144,-50
1739480685.1932476,51,-31,-53
1739480685.2402475,3,53,-4
1739480685.2862475,-1,11,-55
1739480685.3322475,-76,-90,-33
1739480685.3772476,2,30,-33
1739480685.4232476,94,50,-77
1739480685.4692476,41,-110,-29
1739480685.5152476,42,0,-36
1739480685.5602477,0,44,158
1739480685.6062477,7,-36,-39
1739480685.6522477,16,-58,-5
1739480685.6972475,-28,-33,-27
1739480685.7432475,-5,-90,-78
1739480685.7892475,-62,-59,-70
1739480685.8352475,-111,-25,-183
1739480685.8802476,34,-1,-88
1739480685.9262476,-18,10,-60
1739480685.9722476,-24,28,-21
1739480686.0172474,-8,28,-15
1739480686.0632474,-61,-36,-14
1739480686.1092474,29,-143,17
1739480686.1552474,-40,-93,-31
1739480686.2002475,-13,38,81
1739480686.2462475,83,0,-8
1739480686.2922475,44,-54,28
1739480686.3372476,-32,-147,-93
1739480686.3832476,52,-47,24
1739480686.4292476,22,-22,-188
1739480686.4752476,-100,-55,8
1739480686.5202477,-16,-74,35
1739480686.5662477,62,-49,15
1739480686.6122477,40,-109,-49
1739480686.6572475,19,-117,-10
1739480686.7032475,10,-150,75
1739480686.7492476,1,5,17
1739480686.7952476,64,-19,-56
1739480686.8402476,2,-48,-144
1739480686.8862476,-48,-128,-13
1739480686.9322476,-61,12,-51
1739480686.9772477,-39,-108,1
1739480687.0232477,14,-27,-47
1739480687.0692475,47,-99,-100
1739480687.1152475,8,-114,20
1739480687.1602476,-78,-20,-13
1739480687.2062476,60,-27,-63
1739480687.2522476,51,-143,6
1739480687.2972476,51,19,-19
1739480687.3432477,78,-6,-51
1739480687.3892477,-27,22,-32
1739480687.4352477,-14,-69,-31
1739480687.4802475,35,-97,-28
1739480687.5262475,29,-90,-57
1739480687.5722475,27,-13,-12
1739480687.6172476,21,12,103
1739480687.6632476,99,0,-83
1739480687.7092476,-54,1,-205
1739480687.7552476,-38,43,-108
1739480687.8002477,5,-85,27
1739480687.8462474,53,24,-55
1739480687.8922474,51,-188,-33
1739480687.9372475,-31,9,4
1739480687.9832475,-19,-10,-179
1739480688.0292475,-31,-9,40
1739480688.0752475,31,-118,-45
1739480688.1202476,-93,17,18
1739480688.1662476,64,30,-17
1739480688.2122476,56,-28,-201
1739480688.2572474,-37,-69,-101
1739480688.3032477,-120,17,-81
1739480688.3492477,46,10,0
1739480688.3952477,-48,-7,-67
1739480688.4402475,100,-162,-103
1739480688.4862475,-24,11,90
1739480688.5322475,0,-9,45
1739480688.5772476,22,-124,124
1739480688.6232476,60,-63,-24
1739480688.6692476,-12,-88,-109
1739480688.7152476,-143,69,-14
1739480688.7602477,-40,-65,-62
1739480688.8062477,-73,-89,-61
1739480688.8522477,5,130,-89
1739480688.8972476,-30,95,45
1739480688.9432476,-39,-95,-26
1739480688.9892476,70,-20,-7
1739480689.0352476,42,-74,-53
1739480689.0802476,-18,17,19
1739480689.1262476,64,-74,-89
1739480689.1722476,-27,-47,12
1739480689.2172475,-5,9,101
1739480689.2632475,21,90,-5
1739480689.3092475,64,-86,-61
1739480689.3552475,13,1,-53
1739480689.4002476,23,-80,39
1739480689.4462476,28,-128,-130
1739480689.4922476,38,-54,-86
1739480689.5372477,-18,-11,-53
1739480689.5832477,20,-58,-19
1739480689.6292477,22,-32,52
1739480689.6752477,-37,-97,44
1739480689.7202475,-16,119,-10
1739480689.7662475,18,-40,-8
1739480689.8122475,25,-88,-107
1739480689.8572476,64,-78,65
1739480689.9032476,29,30,-42
1739480689.9492476,-80,-93,-123
1739480689.9952476,-30,-141,40
1739480690.0402474,66,80,-103
1739480690.0862474,-86,33,-16
1739480690.1322474,-61,71,34
1739480690.1772475,47,-28,23
1739480690.2232475,37,-22,-106
1739480690.2692475,-37,-45,-52
1739480690.3152475,1,-44,56
1739480690.3602476,40,56,-76
1739480690.4062476,73,48,11
1739480690.4522476,-19,-37,8
1739480690.4972477,-52,-47,-114
1739480690.5432477,-12,25,-30
1739480690.5892477,3,-87,-88
1739480690.6352477,-85,-97,22
1739480690.6802475,-31,49,-121
1739480690.7262475,-10,1,-27
1739480690.7722476,1,24,99
1739480690.8172476,36,-186,-17
1739480690.8632476,-56,29,30
1739480690.9092476,-37,77,-15
1739480690.9552476,-6,32,5
1739480691.0002477,55,94,-44
1739480691.0462475,-4,17,-1
1739480691.0922475,45,-98,-40
1739480691.1372476,0,6,-93
1739480691.1832476,25,-26,65
1739480691.2292476,3,-22,-45
1739480691.2752476,-17,-33,27
1739480691.3202477,0,-68,56
1739480691.3662477,43,-28,-135
1739480691.4122477,-25,97,30
1739480691.4572475,-70,-113,-138
1739480691.5032475,-7,59,-36
1739480691.5492475,20,-139,-21
1739480691.5952475,2,-75,-149
1739480691.6402476,-84,-181,-84
1739480691.6922476,-36,-11,-40
1739480691.7372477,-3,-106,37
1739480691.7832477,-28,19,59
1739480691.8292477,-40,-35,0
1739480691.8752477,81,-112,-36
1739480691.9202476,-5,-11,-17
1739480691.9662476,11,47,-71
1739480692.0122476,-16,4,-10
1739480692.0572476,17,-134,-86
1739480692.1032476,108,-106,161
1739480692.1492476,-12,11,-99
1739480692.1952477,-2,50,-7
1739480692.2402475,17,134,50
1739480692.2862475,-3,-14,-22
1739480692.3322475,27,-78,-9
1739480692.3772476,64,80,25
1739480692.4232476,-1,-86,75
1739480692.4692476,5,-15,29
1739480692.5152476,-9,-31,119
1739480692.5602477,66,-18,-41
1739480692.6062477,52,-6,3
1739480692.6522477,-116,-99,-71
1739480692.6972475,-2,49,63
1739480692.7432475,-53,-5,-199
1739480692.7892475,16,32,-136
1739480692.8352475,51,-18,14
1739480692.8802476,57,72,87
1739480692.9262476,36,16,35
1739480692.9722476,84,-32,-131
1739480693.0172474,-70,-17,-72
1739480693.0632474,-33,-73,-75
1739480693.1092474,-121,41,-82
1739480693.1552474,20,-46,-140
1739480693.2002475,-40,-15,-26
1739480693.2462475,10,-52,-95
1739480693.2922475,14,26,5
1739480693.3372476,16,21,-2
1739480693.3832476,6,-27,-7
1739480693.4292476,61,-60,4
1739480693.4752476,-90,-39,38
1739480693.5202477,-2,-32,-9
1739480693.5662477,49,-64,-14
1739480693.6122477,28,2,21
1739480693.6572475,37,-54,90
1739480693.7032475,54,76,50
1739480693.7492476,-138,41,20
1739480693.7952476,19,-6,-44
1739480693.8402476,-17,-19,-41
1739480693.8862476,-98,-131,23
1739480693.9322476,-85,51,-73
1739480693.9772477,-23,-11,-108
1739480694.0232477,5,0,-146
1739480694.0692475,-86,-73,-55
1739480694.1152475,-21,-35,-36
1739480694.1602476,118,-82,-38
1739480694.2062476,35,-62,28
1739480694.2522476,46,-44,-215
1739480694.2972476,-34,1,-50
1739480694.3432477,-68,-9,-53
1739480694.3892477,0,45,5
1739480694.4342475,85,6,-8
1739480694.4802475,-45,-73,-11
1739480694.5262475,-4,-73,-24
1739480694.5722475,-13,-12,-1
1739480694.6172476,11,-69,53
1739480694.6632476,-75,-33,-29
1739480694.7092476,9,-68,-118
1739480694.7542477,-2,-85,-100
1739480694.8002477,77,-94,13
1739480694.8462474,129,10,-108
1739480694.8922474,55,-40,78
1739480694.9372475,-44,-39,-29
1739480694.9832475,45,-28,-5
1739480695.0292475,-63,61,31
1739480695.0742476,35,-110,69
1739480695.1202476,11,-74,-33
1739480695.1662476,92,-124,86
1739480695.2122476,-9,-146,-65
1739480695.2572474,54,82,28
1739480695.3032477,-6,16,-67
1739480695.3492477,5,-71,-30
1739480695.3942475,-13,-43,122
1739480695.4402475,-31,-73,48
1739480695.4862475,3,89,54
1739480695.5322475,24,-4,4
1739480695.5772476,-55,-75,48
1739480695.6232476,-2,-87,33
1739480695.6692476,-20,0,53
1739480695.7142477,-88,-119,11
1739480695.7602477,4,-105,-134
1739480695.8062477,-15,27,-22
1739480695.8522477,0,-75,-33
1739480695.8972476,37,26,-18
1739480695.9432476,-19,69,-27
1739480695.9892476,20,-2,40
1739480696.0342476,-12,-31,-90
1739480696.0802476,5,-28,-131
1739480696.1262476,-10,-81,-30
1739480696.1722476,22,-48,-29
1739480696.2172475,25,-20,-79
1739480696.2632475,4,-97,8
1739480696.3092475,24,-106,-2
1739480696.3542476,45,-54,-65
1739480696.3992476,-13,-107,-18
1739480696.4452477,-17,-41,51
1739480696.4902475,0,-110,-62
1739480696.5362475,-4,-7,-89
1739480696.5822475,93,-80,45
1739480696.6282475,27,4,-51
1739480696.6732476,38,-94,-6
1739480696.7192476,71,-120,-84
1739480696.7652476,45,-104,2
1739480696.8102477,91,-80,-19
1739480696.8562477,80,-98,-9
1739480696.9022477,2,-162,-62
1739480696.9482474,-8,34,-72
1739480696.9932475,-22,28,-6
1739480697.0392475,12,-106,108
1739480697.0852475,-65,-23,-6
1739480697.1302476,-17,-13,11
1739480697.1762476,67,-94,19
1739480697.2222476,37,-92,-77
1739480697.2682476,-25,45,64
1739480697.3132474,9,-84,-76
1739480697.3592474,3,93,-117
1739480697.4052474,6,-8,-104
1739480697.4502475,21,19,-41
1739480697.4962475,40,-2,-12
1739480697.5422475,45,104,22
1739480697.5882475,-84,-94,-59
1739480697.6332476,-20,34,-32
1739480697.6792476,-40,50,-6
1739480697.7252476,-53,-83,-138
1739480697.7702477,-38,-28,-31
1739480697.8162477,-34,-66,24
1739480697.8622477,-105,-70,31
1739480697.9082477,-19,50,-170
1739480697.9532475,-15,-114,42
1739480697.9992476,-18,24,-125
1739480698.0452476,-36,-40,10
1739480698.0902476,-22,-98,-123
1739480698.1362476,5,-47,7
1739480698.1822476,34,-43,-55
1739480698.2282476,-75,94,-41
1739480698.2732477,12,23,-93
1739480698.3192475,-18,104,-68
1739480698.3652475,111,-85,17
1739480698.4102476,116,-85,-129
1739480698.4562476,13,-90,-132
1739480698.5022476,4,111,1
1739480698.5482476,-10,-106,2
1739480698.5932477,-52,0,18
1739480698.6392477,-5,-91,-23
1739480698.6852477,25,6,27
1739480698.7302475,15,3,9
1739480698.7762475,18,-147,40
1739480698.8222475,-19,-29,63
1739480698.8682475,-24,62,-75
1739480698.9132476,23,12,-161
1739480698.9592476,31,59,-3
1739480699.0052476,20,-55,-15
1739480699.0502477,-16,-58,6
1739480699.0962474,-1,-92,7
1739480699.1422474,-52,-20,-92
1739480699.1882474,-36,-10,-24
1739480699.2332475,13,67,-31
1739480699.2792475,35,39,52
1739480699.3252475,31,5,31
1739480699.3702476,-31,-6,3
1739480699.4162476,52,-77,-127
1739480699.4622476,9,-88,-47
1739480699.5082476,76,37,-5
1739480699.5532477,90,17,-111
1739480699.5992477,-38,96,-90
1739480699.6452477,4,-37,-42
1739480699.6902475,-66,-30,-18
1739480699.7362475,-14,6,-55
1739480699.7822475,-33,-208,16
1739480699.8282475,16,1,8
1739480699.8732476,35,-13,-58
1739480699.9192476,88,-27,1
1739480699.9652476,41,-67,-30
1739480700.0102477,72,-83,-63
1739480700.0562477,44,-1,-8
1739480700.1022477,-10,-54,-23
1739480700.1482477,-38,-126,-57
1739480700.1932476,-38,18,-23
1739480700.2392476,46,7,-136
1739480700.2852476,-12,-102,-165
1739480700.3302476,-26,-72,-113
1739480700.3762476,62,-83,-69
1739480700.4222476,43,-49,67
1739480700.4682477,25,-3,-98
1739480700.5132475,68,5,-8
1739480700.5592475,-59,-126,-35
1739480700.6052475,-4,-65,-78
1739480700.6502476,-70,43,-59
1739480700.6962476,17,-48,-74
1739480700.7422476,-11,21,-27
1739480700.7882476,90,-4,-76
1739480700.8332477,10,-54,-64
1739480700.8792477,-23,-41,83
1739480700.9252477,-15,-14,-42
1739480700.9702475,13,-85,4
1739480701.0162475,67,-16,-49
1739480701.0622475,76,-56,9
1739480701.1082475,1,8,0
1739480701.1532476,47,-150,-60
1739480701.1992476,6,-164,-34
1739480701.2452476,7,86,18
1739480701.2902474,45,-152,-48
1739480701.3362474,35,40,65
1739480701.3822474,-44,-1,33
1739480701.4282477,-1,31,-44
1739480701.4732475,57,-34,-163
1739480701.5192475,10,-47,-150
1739480701.5652475,-47,-67,0
1739480701.6102476,-34,-58,-55
1739480701.6562476,43,54,-57
1739480701.7082477,-30,-69,86
1739480701.7532475,18,34,-58
1739480701.7992475,-60,143,107
1739480701.8452475,-35,-65,-36
1739480701.8902476,67,-68,27
1739480701.9362476,-5,-32,-13
1739480701.9822476,-31,-22,-24
1739480702.0282476,-6,-101,-127
1739480702.0732474,52,138,-52
1739480702.1192474,-34,-6,59
1739480702.1652474,-64,-83,54
1739480702.2102475,8,-87,-91
1739480702.2572474,22,-7,-10
1739480702.3032477,35,-127,-91
1739480702.3492477,43,3,55
1739480702.3942475,74,-3,-5
1739480702.4402475,38,-31,41
1739480702.4862475,-68,-39,-138
1739480702.5322475,-27,34,61
1739480702.5772476,53,-2,-74
1739480702.6232476,-32,-43,-1
1739480702.6692476,90,-22,68
1739480702.7142477,1,-58,37
1739480702.7602477,-53,-19,3
1739480702.8062477,-62,-103,-12
1739480702.8522477,-3,-80,0
1739480702.8972476,-31,-3,-97
1739480702.9432476,-67,87,-122
1739480702.9892476,-17,-204,-14
1739480703.0342476,24,-241,30
1739480703.0802476,-43,-66,-31
1739480703.1262476,20,-79,-7
1739480703.1722476,-9,-94,-77
1739480703.2172475,19,-93,-77
1739480703.2632475,16,23,-54
1739480703.3092475,108,91,-15
1739480703.3542476,-16,86,-94
1739480703.4002476,-24,-128,59
1739480703.4462476,-64,-172,-10
1739480703.4922476,44,-65,-111
1739480703.5372477,59,7,-22
1739480703.5832477,55,35,-12
1739480703.6292477,28,-25,-21
1739480703.6742475,-9,-76,-30
1739480703.7202475,24,67,14
1739480703.7662475,-78,5,11
1739480703.8122475,70,-40,60
1739480703.8572476,-25,-29,-81
1739480703.9032476,-56,-11,-80
1739480703.9492476,26,61,117
1739480703.9942474,-44,-97,-82
1739480704.0402474,88,-50,-84
1739480704.0862474,-6,-63,-86
1739480704.1322474,15,-4,90
1739480704.1772475,-8,-19,-57
1739480704.2232475,29,36,-12
1739480704.2692475,-33,-68,13
1739480704.3142476,-3,-99,21
1739480704.3602476,21,55,23
1739480704.4062476,66,-100,-51
1739480704.4522476,51,-85,75
1739480704.4972477,-16,95,-104
1739480704.5432477,48,-7,-22
1739480704.5892477,-23,-22,40
1739480704.6342475,-1,-23,-98
1739480704.6802475,-87,-150,-10
1739480704.7262475,-36,-91,-29
1739480704.7722476,49,-121,-20
1739480704.8172476,-91,-90,-6
1739480704.8632476,-31,-60,0
1739480704.9092476,35,-47,-37
1739480704.9542477,29,4,-79
1739480705.0002477,-48,-14,-1
1739480705.0462475,9,-111,-90
1739480705.0922475,-4,-64,-72
1739480705.1372476,-59,-66,1
1739480705.1832476,-25,-34,-99
1739480705.2292476,-63,14,-53
1739480705.2742476,-15,43,-48
1739480705.3202477,13,95,-88
1739480705.3662477,-5,-20,-93
1739480705.4122477,-2,-14,-84
1739480705.4572475,-114,-60,-43
1739480705.5032475,15,-59,17
1739480705.5492475,18,-35,46
1739480705.5942476,41,65,-36
1739480705.6402476,43,-25,-22
1739480705.6862476,78,-159,10
1739480705.7322476,-90,-196,-61
1739480705.7772477,21,-31,-92
1739480705.8232474,10,47,21
1739480705.8692474,-7,-34,-20
1739480705.9142475,-58,-6,-31
1739480705.9602475,-103,-92,21
1739480706.0062475,-5,-74,16
1739480706.0522475,74,-29,8
1739480706.0972476,60,-17,-39
1739480706.1432476,8,0,-30
1739480706.1892476,-38,-2,-52
1739480706.2342474,23,-11,15
1739480706.2802474,-26,-42,-59
1739480706.3262477,36,31,0
1739480706.3722477,48,-23,21
1739480706.4172475,-6,-96,-28
1739480706.4632475,99,39,-11
1739480706.5092475,-14,-76,-1
1739480706.5542476,32,-101,-25
1739480706.6002476,-54,-28,-14
1739480706.6462476,-44,-26,15
1739480706.6922476,11,25,-146
1739480706.7372477,49,-75,-58
1739480706.7832477,-106,10,-20
1739480706.8292477,-14,-32,39
1739480706.8742476,11,56,2
1739480706.9202476,36,-85,-40
1739480706.9662476,-49,-50,15
1739480707.0122476,1,-20,-160
1739480707.0572476,-14,-78,-99
1739480707.1032476,55,-37,-64
1739480707.1492476,-74,-90,34
1739480707.1942475,58,-19,17
1739480707.2402475,-2,1,-72
1739480707.2862475,12,65,-32
1739480707.3322475,2,28,-31
1739480707.3772476,-13,0,15
1739480707.4232476,43,-105,0
1739480707.4692476,-70,-156,-54
1739480707.5142477,7,-3,-43
1739480707.5602477,-40,-24,5
1739480707.6062477,-14,-96,3
1739480707.6522477,3,-99,55
1739480707.6972475,-10,-122,-49
1739480707.7432475,-22,14,-78
1739480707.7892475,29,-145,33
1739480707.8342476,-31,8,23
1739480707.8802476,-80,-142,-2
1739480707.9262476,57,-51,-72
1739480707.9722476,-30,-112,-112
1739480708.0172474,18,7,-50
1739480708.0632474,-69,-94,38
1739480708.1092474,-65,38,0
1739480708.1542475,43,93,-40
1739480708.2002475,13,-79,-97
1739480708.2462475,-21,-2,-62
1739480708.2922475,-15,54,0
1739480708.3372476,-57,-36,-52
1739480708.3832476,31,57,-15
1739480708.4292476,78,-3,-41
1739480708.4742477,-70,-52,-20
1739480708.5202477,-35,-32,-113
1739480708.5662477,-57,66,0
1739480708.6122477,-23,78,-58
1739480708.6572475,-27,34,-100
1739480708.7032475,16,45,87
1739480708.7492476,-5,-13,-62
1739480708.7942476,36,-31,-55
1739480708.8402476,-14,-80,25
1739480708.8862476,60,-123,49
1739480708.9322476,-17,60,-88
1739480708.9772477,-65,-20,-78
1739480709.0232477,1,-5,-48
1739480709.0692475,-51,-54,-84
1739480709.1142476,-31,-104,-3
1739480709.1602476,0,-54,-19
1739480709.2062476,92,-149,-144
1739480709.2522476,26,-15,46
1739480709.2972476,46,-25,-133
1739480709.3432477,-59,-36,-82
1739480709.3892477,44,0,-8
1739480709.4342475,61,95,-36
1739480709.4802475,-17,-40,-34
1739480709.5262475,-51,36,-13
1739480709.5722475,14,-35,-122
1739480709.6172476,-2,-23,18
1739480709.6632476,-67,-16,64
1739480709.7092476,-86,-6,-88
1739480709.7542477,-18,36,-43
1739480709.8002477,40,5,-81
1739480709.8462474,64,-57,-8
1739480709.8922474,-25,10,-17
1739480709.9372475,-10,-36,-28
1739480709.9832475,-9,-124,-82
1739480710.0292475,-31,-66,53
1739480710.0742476,19,41,-24
1739480710.1202476,-106,8,-86
1739480710.1662476,0,-116,-58
1739480710.2122476,-7,62,-88
1739480710.2572474,-107,-28,66
1739480710.3032477,-44,0,-28
1739480710.3492477,113,-17,86
1739480710.3942475,-17,-62,-111
1739480710.4402475,22,17,-79
1739480710.4862475,19,-13,-26
1739480710.5322475,7,-109,1
1739480710.5772476,-51,-68,-61
1739480710.6232476,71,53,-60
1739480710.6692476,-17,-28,-15
1739480710.7142477,-5,8,69
1739480710.7602477,-80,-16,-101
1739480710.8062477,-2,-150,33
1739480710.8522477,-30,-94,71
1739480710.8972476,-57,-80,10
1739480710.9432476,-81,-20,-33
1739480710.9892476,11,-77,39
1739480711.0342476,-32,-74,-79
1739480711.0802476,-40,-46,-64
1739480711.1262476,77,-47,-100
1739480711.1722476,76,-37,-110
1739480711.2172475,-23,-184,-19
1739480711.2632475,21,125,-19
1739480711.3092475,-1,60,-68
1739480711.3542476,-22,-38,-33
1739480711.4002476,-5,-4,-40
1739480711.4462476,-36,-140,-23
1739480711.4922476,-10,-20,-177
1739480711.5372477,-18,-56,-75
1739480711.5832477,-16,6,-34
1739480711.6292477,-131,20,2
1739480711.6742475,56,-37,-51
1739480711.7262475,37,3,-34
1739480711.7722476,28,-19,-32
1739480711.8172476,11,65,8
1739480711.8632476,42,-25,15
1739480711.9092476,-21,4,-18
1739480711.9542477,112,-101,-86
1739480712.0002477,65,-113,-84
1739480712.0462475,-71,-12,-129
1739480712.0922475,-25,-46,-85
1739480712.1372476,-38,-48,-4
1739480712.1832476,73,-9,-22
1739480712.2292476,-18,-36,-6
1739480712.2742476,130,-107,-66
1739480712.3202477,102,-101,-96
1739480712.3662477,-22,52,-38
1739480712.4102476,7,55,-91
1739480712.4562476,-76,-14,-20
1739480712.5022476,-59,-44,-22
1739480712.5482476,25,7,-53
1739480712.5932477,68,-83,88
1739480712.6392477,7,-24,-6
1739480712.6852477,14,-88,-10
1739480712.7302475,27,-11,30
1739480712.7762475,71,23,-45
1739480712.8222475,65,99,-27
1739480712.8682475,31,-51,34
1739480712.9132476,-19,-40,10
1739480712.9592476,6,-42,75
1739480713.0052476,-62,6,8
1739480713.0502477,-31,-118,-6
1739480713.0962474,19,47,-163
1739480713.1422474,26,43,-115
1739480713.1882474,80,-65,29
1739480713.2332475,72,-85,131
1739480713.2792475,-43,-28,-99
1739480713.3252475,-41,-2,-25
1739480713.3702476,-70,-6,-30
1739480713.4162476,-60,44,102
1739480713.4622476,2,-28,-103
1739480713.5082476,8,31,-86
1739480713.5532477,63,-48,29
1739480713.5992477,12,19,16
1739480713.6452477,-46,-83,-24
1739480713.6902475,-4,-73,-100
1739480713.7362475,-4,34,-20
1739480713.7822475,2,-5,-7
1739480713.8282475,-7,-1,-59
1739480713.8732476,5,-24,-66
1739480713.9192476,-63,-231,-48
1739480713.9652476,94,28,-22
1739480714.0102477,-5,45,42
1739480714.0562477,-8,27,-53
1739480714.1022477,-55,-113,12
1739480714.1482477,-45,11,-21
1739480714.1932476,-78,-43,47
1739480714.2392476,0,-27,-72
1739480714.2852476,9,24,-137
1739480714.3302476,31,-94,39
1739480714.3762476,15,20,-101
1739480714.4222476,-15,-83,72
1739480714.4682477,-36,-57,-9
1739480714.5132475,-8,57,-21
1739480714.5592475,-30,-65,125
1739480714.6052475,5,152,12
1739480714.6502476,-23,-61,-138
1739480714.6962476,11,26,14
1739480714.7422476,0,-31,122
1739480714.7882476,0,58,-57
1739480714.8332477,29,-30,-124
1739480714.8792477,-53,-125,-28
1739480714.9252477,29,26,-22
1739480714.9702475,33,-114,0
1739480715.0162475,-50,-123,-79
1739480715.0622475,-40,-27,-37
1739480715.1082475,9,-38,56
1739480715.1532476,-16,3,-22
1739480715.1992476,-25,53,112
1739480715.2452476,42,-18,23
1739480715.2902474,-58,-87,0
1739480715.3362474,62,32,-22
1739480715.3822474,-1,61,-11
1739480715.4282477,-47,47,-3
1739480715.4732475,34,-48,99
1739480715.5192475,-25,0,-37
1739480715.5652475,22,-57,-74
1739480715.6102476,-18,-13,-48
1739480715.6562476,-22,-3,-32
1739480715.7022476,14,17,-183
1739480715.7482476,-62,-65,29
1739480715.7932477,39,-74,-28
1739480715.8392477,-56,-21,-27
1739480715.8852477,-5,-56,80
1739480715.9302475,30,0,-131
1739480715.9762475,3,18,-98
1739480716.0222476,-26,-91,-36
1739480716.0682476,-24,-29,-47
1739480716.1132476,15,9,25
1739480716.1592476,-18,9,-98
1739480716.2052476,-2,158,-117
1739480716.2502477,27,-110,69
1739480716.2962475,-42,-39,-59
1739480716.3422475,-56,-5,58
1739480716.3882475,19,-99,-42
1739480716.4332476,23,59,-8
1739480716.4792476,97,89,106
1739480716.5252476,54,64,-15
1739480716.5702477,-37,-10,-72
1739480716.6162477,-1,-122,-19
1739480716.6622477,-19,-32,-19
1739480716.7082477,-33,-42,-33
1739480716.7532475,4,-7,-138
1739480716.7992475,-1,-37,-58
1739480716.8452475,-79,-35,-32
1739480716.8902476,82,-15,2
1739480716.9362476,-11,-114,-153
1739480716.9822476,-37,-49,-35
1739480717.0282476,-75,-71,84
1739480717.0732474,29,30,125
1739480717.1192474,-28,13,-39
1739480717.1652474,1,5,-134
1739480717.2102475,-43,-119,-111
1739480717.2562475,45,-59,-72
1739480717.3022475,-29,-30,-32
1739480717.3482475,13,-41,53
1739480717.3932476,93,-7,-91
1739480717.4392476,41,-85,68
1739480717.4852476,1,61,-12
1739480717.5302474,-4,-116,0
1739480717.5762477,69,-103,-14
1739480717.6222477,-23,-47,75
1739480717.6682477,32,93,119
1739480717.7132475,-24,-106,-98
1739480717.7592475,19,69,-58
1739480717.8052475,-56,-2,12
1739480717.8502476,18,-100,-84
1739480717.8962476,14,-20,-79
1739480717.9422476,23,-57,-63
1739480717.9882476,10,115,-68
1739480718.0332477,-68,-134,-119
1739480718.0792477,-6,89,-32
1739480718.1252477,-19,-128,-81
1739480718.1702476,-31,-128,1
1739480718.2162476,-85,-39,-128
1739480718.2622476,7,-35,-165
1739480718.3082476,-42,26,-25
1739480718.3532476,8,3,-42
1739480718.3992476,-40,-28,86
1739480718.4452477,44,45,-23
1739480718.4902475,48,-87,-91
1739480718.5362475,5,-43,-49
1739480718.5822475,-46,-62,-71
1739480718.6282475,-52,-102,-41
1739480718.6732476,-4,-73,21
1739480718.7192476,-68,112,-22
1739480718.7652476,-64,4,49
1739480718.8102477,12,63,30
1739480718.8562477,-19,-62,-22
1739480718.9022477,-46,10,33
1739480718.9482474,46,-7,-53
1739480718.9932475,-17,-72,44
1739480719.0392475,54,-93,-73
1739480719.0852475,-2,75,8
1739480719.1302476,-24,26,-18
1739480719.1762476,6,-46,9
1739480719.2222476,-61,-94,27
1739480719.2682476,28,-89,43
1739480719.3132474,43,-69,24
1739480719.3592474,-68,-12,-18
1739480719.4052474,-76,-74,-6
1739480719.4502475,37,-11,-90
1739480719.4962475,8,-75,-25
1739480719.5422475,19,77,-27
1739480719.5882475,18,23,-103
1739480719.6332476,-161,-178,-68
1739480719.6792476,33,-155,19
1739480719.7252476,22,-13,15
1739480719.7702477,0,-79,16
1739480719.8162477,15,11,-3
1739480719.8622477,-15,-52,-142
1739480719.9082477,-2,-16,-103
1739480719.9532475,-20,-72,-15
1739480719.9992476,-14,-100,-56
1739480720.0452476,22,25,0
1739480720.0902476,10,-11,51
1739480720.1362476,58,-119,-63
1739480720.1822476,31,-15,75
1739480720.2282476,-37,-77,3
1739480720.2732477,28,-36,-157
1739480720.3192475,20,-20,-115
1739480720.3652475,-51,49,-80
1739480720.4102476,19,-56,-52
1739480720.4562476,-32,-81,-69
1739480720.5022476,-21,-147,76
1739480720.5482476,-5,-30,-77
1739480720.5932477,-41,73,58
1739480720.6392477,-25,-29,-25
1739480720.6852477,33,38,-11
1739480720.7302475,-18,-43,-1
1739480720.7762475,18,-92,31
1739480720.8222475,15,-50,43
1739480720.8682475,29,-32,-10
1739480720.9132476,67,-70,-42
1739480720.9592476,28,4,45
1739480721.0052476,2,-100,-127
1739480721.0502477,-6,-77,-174
1739480721.0962474,9,-34,-6
1739480721.1422474,-48,-3,8
1739480721.1882474,24,8,0
1739480721.2332475,10,-32,-3
1739480721.2792475,-47,0,40
1739480721.3252475,-4,-96,-137
1739480721.3702476,12,-56,-54
1739480721.4162476,-80,50,-38
1739480721.4622476,-35,-80,39
1739480721.5082476,-43,-15,-42
1739480721.5532477,-15,38,21
1739480721.5992477,-24,-12,-18
1739480721.6452477,-41,-146,9
1739480721.6902475,-11,-40,50
1739480721.7422476,88,-13,-16
1739480721.7882476,4,-115,-28
1739480721.8332477,4,-32,-70
1739480721.8792477,-43,-82,17
1739480721.9252477,0,-45,-14
1739480721.9702475,60,21,-40
1739480722.0162475,-70,-88,-34
1739480722.0622475,71,33,-51
1739480722.1082475,-4,-49,-87
1739480722.1532476,-36,-64,49
1739480722.1992476,-8,50,-143
1739480722.2452476,31,-49,-83
1739480722.2902474,2,9,-115
1739480722.3362474,11,-199,3
1739480722.3822474,-33,-48,-46
1739480722.4282477,11,71,-67
1739480722.4732475,9,93,-49
1739480722.5192475,69,-133,-65
1739480722.5652475,94,-63,-54
1739480722.6102476,73,-69,17
1739480722.6562476,-41,-74,6
1739480722.7022476,24,-73,-138
1739480722.7482476,69,-83,-9
1739480722.7932477,-1,-68,81
1739480722.8392477,26,-103,-17
1739480722.8852477,21,-53,-4
1739480722.9302475,31,-61,-152
1739480722.9762475,74,-105,-82
1739480723.0222476,-28,-124,-36
1739480723.0682476,-32,-102,-60
1739480723.1132476,-56,16,-141
1739480723.1592476,67,49,34
1739480723.2052476,54,-26,-99
1739480723.2502477,-48,-15,-82
1739480723.2962475,23,88,-28
1739480723.3422475,10,-69,-38
1739480723.3882475,-88,-19,-95
1739480723.4332476,-15,-1,17
1739480723.4792476,7,-56,-8
1739480723.5252476,-14,-83,6
1739480723.5702477,-26,-45,1
1739480723.6162477,45,-64,46
1739480723.6622477,25,0,-79
1739480723.7082477,15,-24,-128
1739480723.7532475,-55,-67,-15
1739480723.7992475,8,-44,67
1739480723.8452475,2,93,-1
1739480723.8902476,15,-145,-17
1739480723.9362476,-38,-49,1
1739480723.9822476,-17,-32,-22
1739480724.0282476,15,-23,-44
1739480724.0732474,-38,-41,-89
1739480724.1192474,8,5,-32
1739480724.1652474,48,-48,21
1739480724.2102475,-34,3,22
1739480724.2562475,6,2,-108
1739480724.3022475,-10,115,55
1739480724.3482475,-37,-57,-109
1739480724.3932476,9,-73,-16
1739480724.4392476,-28,-65,-85
1739480724.4852476,-74,-111,-7
1739480724.5302474,-2,-66,-18
1739480724.5762477,0,-65,13
1739480724.6222477,16,-91,-28
1739480724.6682477,127,-84,81
1739480724.7132475,15,-99,-53
1739480724.7592475,-1,-9,102
1739480724.8052475,-44,-101,-73
1739480724.8502476,-28,-23,-25
1739480724.8962476,0,-46,-74
1739480724.9422476,-44,63,80
1739480724.9882476,-32,-125,-14
1739480725.0332477,44,-22,-87
1739480725.0792477,47,114,-15
1739480725.1252477,-7,-78,67
1739480725.1702476,-60,55,0
1739480725.2162476,33,0,21
1739480725.2622476,-50,7,-84
1739480725.3082476,63,28,-133
1739480725.3532476,38,-132,129
1739480725.3992476,-34,21,29
1739480725.4452477,-35,13,-43
1739480725.4902475,-44,47,-70
1739480725.5362475,-38,-225,-45
1739480725.5822475,12,-51,-33
1739480725.6272476,9,-28,-102
1739480725.6732476,-3,-41,97
1739480725.7192476,18,2,220
1739480725.7652476,28,-50,-69
1739480725.8102477,-69,-75,86
1739480725.8562477,-16,144,-55
1739480725.9022477,24,-36,-7
1739480725.9472475,-47,-113,-32
1739480725.9932475,-64,-95,31
1739480726.0392475,-48,-57,-41
1739480726.0852475,11,-71,-116
1739480726.1302476,93,-52,-43
1739480726.1762476,-40,-47,-19
1739480726.2222476,12,14,-15
1739480726.2672474,-24,-152,-59
1739480726.3132474,13,-51,-34
1739480726.3592474,48,-46,-54
1739480726.4052474,0,69,-45
1739480726.4502475,-13,-110,-127
1739480726.4962475,-15,-39,-52
1739480726.5422475,-13,-95,-31
1739480726.5872476,42,-17,55
1739480726.6332476,10,-51,-16
1739480726.6792476,-26,75,-49
1739480726.7252476,-28,-28,-52
1739480726.7702477,17,-35,-48
1739480726.8162477,-73,-126,-110
1739480726.8622477,-39,18,-65
1739480726.9072475,48,-41,-90
1739480726.9532475,-28,-96,-68
1739480726.9992476,26,-70,26
1739480727.0452476,-65,-35,-42
1739480727.0902476,14,-168,-130
1739480727.1362476,-66,-77,40
1739480727.1822476,21,-106,93
1739480727.2272477,19,59,106
1739480727.2732477,-63,148,-125
1739480727.3192475,-9,-2,-134
1739480727.3652475,2,4,-53
1739480727.4102476,-6,-68,-122
1739480727.4562476,-15,-22,-65
1739480727.5022476,-33,-12,-10
1739480727.5472476,6,71,42
1739480727.5932477,-27,-112,-37
1739480727.6392477,58,-22,-75
1739480727.6852477,-57,-30,68
1739480727.7302475,-49,52,-154
1739480727.7762475,-8,49,79
1739480727.8222475,-2,45,-80
1739480727.8672476,-43,27,-72
1739480727.9132476,20,-64,28
1739480727.9592476,-58,23,-70
1739480728.0052476,92,36,23
1739480728.0502477,6,-47,39
1739480728.0962474,-16,21,-5
1739480728.1422474,7,-98,51
1739480728.1872475,-45,-81,-102
1739480728.2332475,-46,55,-140
1739480728.2792475,-58,-47,-117
1739480728.3252475,-80,-109,-86
1739480728.3702476,31,-54,-69
1739480728.4162476,-73,-24,-52
1739480728.4622476,33,-40,-42
1739480728.5072474,-34,-60,-35
1739480728.5532477,1,-18,-28
1739480728.5992477,-71,-94,-73
1739480728.6452477,16,96,-10
1739480728.6902475,4,-51,-54
1739480728.7362475,40,-94,-110
1739480728.7822475,-10,-123,0
1739480728.8272476,63,106,79
1739480728.8732476,-45,-25,-19
1739480728.9192476,15,77,15
1739480728.9652476,-27,40,10
1739480729.0102477,16,31,-41
1739480729.0562477,52,-54,-20
1739480729.1022477,-11,-70,-98
1739480729.1472476,15,-59,-116
1739480729.1932476,-4,-82,-66
1739480729.2392476,-97,57,-118
1739480729.2852476,15,13,-145
1739480729.3302476,51,18,-82
1739480729.3762476,-46,-36,-9
1739480729.4222476,15,-19,54
1739480729.4672475,18,19,37
1739480729.5132475,44,97,2
1739480729.5592475,43,-51,-22
1739480729.6052475,-41,-44,45
1739480729.6502476,-66,-62,-41
1739480729.6962476,-3,-63,37
1739480729.7422476,-14,-65,2
1739480729.7872477,-23,22,-65
1739480729.8332477,50,-155,-21
1739480729.8792477,-21,18,-14
1739480729.9252477,-44,-84,17
1739480729.9702475,-27,18,-5
1739480730.0162475,66,-59,56
1739480730.0622475,-3,-108,-32
1739480730.1072476,-11,22,-15
1739480730.1532476,70,33,-80
1739480730.1992476,-37,-6,-69
1739480730.2452476,-25,0,81
1739480730.2902474,88,-51,-44
1739480730.3362474,-17,-128,-28
1739480730.3822474,-76,-14,-99
1739480730.4272475,-12,36,13
1739480730.4732475,67,-23,29
1739480730.5192475,-17,-22,53
1739480730.5652475,10,-41,-72
1739480730.6102476,-4,-121,61
1739480730.6562476,14,-3,78
1739480730.7022476,-33,-98,-134
1739480730.7472477,-57,56,54
1739480730.7932477,-9,64,-16
1739480730.8392477,78,97,91
1739480730.8852477,-18,-142,-171
1739480730.9302475,6,-138,-110
1739480730.9762475,-45,-22,-114
1739480731.0222476,68,-47,32
1739480731.0672476,-98,-84,-79
1739480731.1132476,7,4,71
1739480731.1592476,-31,-72,-44
1739480731.2052476,-60,-120,65
1739480731.2502477,17,-97,-10
1739480731.2962475,60,7,-64
1739480731.3422475,-42,-120,-55
1739480731.3872476,-12,-68,-76
1739480731.4332476,-53,-62,-41
1739480731.4792476,103,-3,6
1739480731.5252476,14,28,19
1739480731.5702477,-19,-60,-93
1739480731.6162477,12,-18,-75
1739480731.6622477,-12,63,-15
1739480731.7132475,37,-79,-22
1739480731.7592475,27,1,0
1739480731.8052475,5,5,-82
1739480731.8502476,43,-28,-26
1739480731.8962476,76,90,27
1739480731.9422476,8,-42,-22
1739480731.9872477,14,50,15
1739480732.0332477,14,-76,-60
1739480732.0792477,60,112,-92
1739480732.1252477,-48,39,49
1739480732.1702476,-19,25,-39
1739480732.2162476,98,44,-62
1739480732.2622476,-10,59,-80
1739480732.3072476,9,-93,-180
1739480732.3532476,-22,-135,15
1739480732.3992476,-62,-65,-32
1739480732.4452477,-17,-13,-249
1739480732.4902475,68,-142,37
1739480732.5362475,15,-54,-135
1739480732.5822475,-14,-29,-19
1739480732.6272476,-25,-101,29
1739480732.6732476,-41,11,161
1739480732.7192476,-49,-139,-89
1739480732.7652476,-100,21,-80
1739480732.8102477,62,2,-72
1739480732.8562477,47,-38,15
1739480732.9022477,-27,-33,18
1739480732.9472475,-43,-26,-42
1739480732.9932475,86,-44,-58
1739480733.0392475,84,48,8
1739480733.0852475,14,-36,98
1739480733.1302476,0,-100,-82
1739480733.1762476,13,-11,-44
1739480733.2222476,-9,46,30
1739480733.2672474,-52,-49,-13
1739480733.3132474,29,-132,-122
1739480733.3592474,-31,-7,-114
1739480733.4052474,36,0,-20
1739480733.4502475,-41,-35,-15
1739480733.4962475,25,32,-95
1739480733.5422475,-38,67,-6
1739480733.5872476,40,-2,-29
1739480733.6332476,7,10,-48
1739480733.6792476,-27,-123,-19
1739480733.7252476,6,86,-26
1739480733.7702477,90,50,-118
1739480733.8162477,82,-152,130
1739480733.8622477,-40,-123,-63
1739480733.9072475,-7,3,-78
1739480733.9532475,24,-66,-113
1739480733.9992476,-125,-97,52
1739480734.0452476,-22,124,-88
1739480734.0902476,-58,-29,-61
1739480734.1362476,-41,21,-41
1739480734.1822476,29,-113,-61
1739480734.2272477,-11,-106,-33
1739480734.2732477,-80,-103,15
1739480734.3192475,97,-48,-89
1739480734.3652475,-62,33,-68
1739480734.4102476,62,-124,69
1739480734.4562476,27,-40,-103
1739480734.5022476,-35,-35,-66
1739480734.5472476,36,-30,34
1739480734.5932477,21,-15,25
1739480734.6392477,68,66,-60
1739480734.6852477,18,19,-103
1739480734.7302475,37,-126,33
1739480734.7762475,24,-76,-38
1739480734.8222475,50,-62,-34
1739480734.8672476,-49,53,33
1739480734.9132476,10,0,54
1739480734.9592476,59,38,-78
1739480735.0052476,7,-100,-89
1739480735.0502477,24,2,-208
1739480735.0962474,35,-62,-90
1739480735.1422474,20,-114,-64
1739480735.1872475,-9,-30,114
1739480735.2332475,-47,-111,39
1739480735.2792475,88,6,-42
1739480735.3252475,35,-58,-90
1739480735.3702476,3,-110,-28
1739480735.4162476,-99,45,-27
1739480735.4622476,-32,61,-61
1739480735.5072474,-27,-115,-78
1739480735.5532477,42,-26,-122
1739480735.5992477,-56,-99,17
1739480735.6452477,93,-96,-93
1739480735.6902475,99,-36,-47
1739480735.7362475,-32,19,-19
1739480735.7822475,18,182,-58
1739480735.8272476,-1,37,-5
1739480735.8732476,15,-20,25
1739480735.9192476,86,-24,-29
1739480735.9652476,-12,-85,-66
1739480736.0102477,-114,4,44
1739480736.0562477,74,-39,-76
1739480736.1022477,-33,-50,-142
1739480736.1472476,33,-21,-26
1739480736.1932476,58,-23,-86
1739480736.2392476,-25,-28,-19
1739480736.2852476,-75,-78,14
1739480736.3302476,-20,69,-18
1739480736.3762476,-94,0,-45
1739480736.4222476,83,3,-24
1739480736.4672475,28,-133,-70
1739480736.5132475,20,79,-112
1739480736.5592475,49,-65,44
1739480736.6052475,30,-87,2
1739480736.6502476,-60,-12,-54
1739480736.6962476,31,-46,17
1739480736.7422476,-130,-68,-23
1739480736.7872477,-71,-46,32
1739480736.8332477,-8,-104,-1
1739480736.8792477,27,31,-1
1739480736.9252477,-21,78,-39
1739480736.9702475,6,7,2
1739480737.0162475,8,-24,38
1739480737.0622475,42,8,-53
1739480737.1072476,8,39,-95
1739480737.1532476,1,-39,-6
1739480737.1992476,-39,-75,55
1739480737.2452476,45,-64,-96
1739480737.2902474,-48,-2,-47
1739480737.3362474,13,-108,41
1739480737.3822474,-12,-91,-75
1739480737.4272475,24,-59,-26
1739480737.4722476,-77,30,-115
1739480737.5182476,19,-99,-48
1739480737.5632474,48,-77,-20
1739480737.6092474,39,19,-63
1739480737.6552474,-39,-116,-34
1739480737.7012477,3,60,-97
1739480737.7462475,-15,-114,-90
1739480737.7922475,12,4,-31
1739480737.8382475,39,7,-48
1739480737.8832476,30,5,-134
1739480737.9292476,94,-91,-38
1739480737.9752476,53,75,-71
1739480738.0212476,-59,6,43
1739480738.0662477,6,-75,-102
1739480738.1122477,1,14,60
1739480738.1582477,16,-15,0
1739480738.2032475,-62,-64,15
1739480738.2492476,107,-135,-60
1739480738.2952476,-9,66,26
1739480738.3412476,26,-85,-26
1739480738.3862476,11,-128,39
1739480738.4322476,28,-93,12
1739480738.4782476,64,147,-101
1739480738.5232477,45,-100,60
1739480738.5692475,-9,-172,0
1739480738.6152475,110,-61,-2
1739480738.6612475,-53,98,-81
1739480738.7062476,40,-77,-7
1739480738.7522476,-93,-88,-93
1739480738.7982476,-25,132,-114
1739480738.8432477,18,35,-84
1739480738.8892477,23,-38,-141
1739480738.9352477,-44,-25,5
1739480738.9812477,52,29,-42
1739480739.0262475,-44,-7,6
1739480739.0722475,24,0,31
1739480739.1182475,-30,-57,12
1739480739.1632476,-20,-85,-188
1739480739.2092476,57,-149,-95
1739480739.2552476,-45,-36,-124
1739480739.3012476,19,111,-32
1739480739.3462474,96,-42,-112
1739480739.3922474,-25,13,8
1739480739.4382474,10,18,-46
1739480739.4832475,66,44,75
1739480739.5292475,-27,31,-51
1739480739.5752475,4,-8,-120
1739480739.6212475,40,45,-11
1739480739.6662476,-70,-72,-20
1739480739.7122476,11,44,-117
1739480739.7582476,22,14,67
1739480739.8032477,-27,-53,-108
1739480739.8492477,-27,-4,-28
1739480739.8952477,51,-39,11
1739480739.9412477,-64,-54,-47
1739480739.9862475,35,-59,99
1739480740.0322475,38,-33,22
1739480740.0782475,-6,68,-30
1739480740.1232476,-15,-3,-8
1739480740.1692476,-14,0,20
1739480740.2152476,14,-40,-8
1739480740.2612476,72,-55,58
1739480740.3062477,28,-37,-6
1739480740.3522477,-75,40,18
1739480740.3982477,-18,-72,-155
1739480740.4432476,12,-17,-7
1739480740.4892476,-68,20,-66
1739480740.5352476,-60,22,-84
1739480740.5812476,-121,-14,-48
1739480740.6262476,83,79,-34
1739480740.6722476,-7,33,-50
1739480740.7182477,29,55,-51
1739480740.7632475,-42,-51,37
1739480740.8092475,0,-84,41
1739480740.8552475,-59,10,33
1739480740.9012475,-62,-136,-23
1739480740.9462476,-4,-210,72
1739480740.9922476,22,23,-103
1739480741.0382476,36,37,-21
1739480741.0832477,86,1,-51
1739480741.1292477,-26,-42,-26
1739480741.1752477,24,12,48
1739480741.2212474,-28,74,29
1739480741.2662475,36,55,16
1739480741.3122475,-63,-176,-102
1739480741.3582475,-16,-35,-14
1739480741.4032476,-53,-36,39
1739480741.4492476,23,-33,-97
1739480741.4952476,-10,-5,-118
1739480741.5412476,-57,-24,1
1739480741.5862474,-4,40,-27
1739480741.6322474,-37,-156,-56
1739480741.6782477,66,29,-6
1739480741.7292476,-46,-22,-49
1739480741.7752476,24,-55,-34
1739480741.8212476,55,-81,-5
1739480741.8662477,10,-67,1
1739480741.9122477,30,15,-14
1739480741.9582477,6,39,-63
1739480742.0032475,-48,-44,12
1739480742.0492475,-108,68,6
1739480742.0952475,-65,86,-56
1739480742.1412475,43,1,-35
1739480742.1862476,19,-46,-72
1739480742.2322476,11,-12,-101
1739480742.2782476,40,-78,36
1739480742.3232474,-10,17,-6
1739480742.3692474,-23,-67,36
1739480742.4152474,-17,-145,42
1739480742.4612474,-49,-23,-1
1739480742.5062475,29,-120,-22
1739480742.5522475,-54,-19,-85
1739480742.5982475,-59,-149,-13
1739480742.6432476,-45,45,-11
1739480742.6892476,68,-138,-96
1739480742.7352476,47,14,-77
1739480742.7812476,33,-93,-99
1739480742.8262477,-37,-137,-59
1739480742.8722477,21,-34,-147
1739480742.9182477,-50,53,-38
1739480742.9632475,22,-140,-94
1739480743.0092475,-5,-74,-143
1739480743.0552475,14,-4,-66
1739480743.1012475,33,8,23
1739480743.1462476,-52,-69,-53
1739480743.1922476,-29,-29,-34
1739480743.2382476,-90,-15,-28
1739480743.2832477,20,-10,-6
1739480743.3292477,-1,10,19
1739480743.3752477,-29,-49,-38
1739480743.4212475,-3,-12,-44
1739480743.4662476,-38,-37,-69
1739480743.5122476,10,-29,-32
1739480743.5582476,55,-10,-114
1739480743.6032476,-30,121,12
1739480743.6492476,-42,27,-20
1739480743.6952477,82,-33,39
1739480743.7412477,76,-23,29
1739480743.7862475,-61,-3,-80
1739480743.8322475,-39,33,52
1739480743.8782475,58,-82,-24
1739480743.9232476,-76,-71,-46
1739480743.9692476,-7,-12,-36
1739480744.0152476,-2,11,-69
1739480744.0612476,-51,29,-74
1739480744.1062477,12,-62,-23
1739480744.1522477,53,-38,-67
1739480744.1982474,-24,61,-69
1739480744.2432475,-3,-102,-79
1739480744.2892475,-31,-53,-11
1739480744.3352475,-61,57,-139
1739480744.3812475,-41,-75,-135
1739480744.4262476,19,-17,-101
1739480744.4722476,62,-10,-35
1739480744.5182476,0,-11,-15
1739480744.5632474,-51,-231,-46
1739480744.6092474,15,20,-136
1739480744.6552474,66,4,-64
1739480744.7012477,17,20,0
1739480744.7462475,-87,-95,-68
1739480744.7922475,19,-44,-69
1739480744.8382475,63,-2,7
1739480744.8832476,-21,-45,0
1739480744.9292476,-62,89,35
1739480744.9752476,40,-22,2
1739480745.0212476,28,-76,57
1739480745.0662477,30,32,91
1739480745.1122477,-62,-3,-103
1739480745.1582477,-39,-13,-53
1739480745.2032475,25,8,-70
1739480745.2492476,-13,25,140
1739480745.2952476,-3,-83,80
1739480745.3412476,-48,49,0
1739480745.3862476,39,80,-91
1739480745.4322476,-41,23,20
1739480745.4782476,49,0,-136
1739480745.5232477,77,-200,-27
1739480745.5692475,32,24,-93
1739480745.6152475,-29,13,-121
1739480745.6612475,51,62,6
1739480745.7062476,8,-16,94
1739480745.7522476,-26,9,-69
1739480745.7982476,-13,81,-86
1739480745.8432477,31,-103,-36
1739480745.8892477,93,-58,-130
1739480745.9352477,-27,79,-23
1739480745.9812477,-9,117,29
1739480746.0262475,44,37,-62
1739480746.0722475,-8,-78,37
1739480746.1182475,-73,-39,-101
1739480746.1632476,-76,-45,-4
1739480746.2092476,49,58,-78
1739480746.2552476,-15,-63,-75
1739480746.3012476,55,49,-47
1739480746.3462474,-87,35,36
1739480746.3922474,67,130,-10
1739480746.4382474,-115,-71,3
1739480746.4832475,-71,79,-45
1739480746.5292475,-10,-21,-38
1739480746.5752475,-53,-31,-147
1739480746.6212475,31,-24,-101
1739480746.6662476,51,120,-39
1739480746.7122476,-12,49,50
1739480746.7582476,14,17,-48
1739480746.8032477,-38,-45,12
1739480746.8492477,-3,-21,55
1739480746.8952477,10,-61,2
1739480746.9412477,23,42,-107
1739480746.9862475,6,13,79
1739480747.0322475,-4,-85,-49
1739480747.0782475,-12,-85,17
1739480747.1232476,-28,41,91
1739480747.1692476,50,74,-29
1739480747.2152476,-5,-42,71
1739480747.2612476,15,-124,-48
1739480747.3062477,10,7,1
1739480747.3522477,2,-14,52
1739480747.3982477,-29,-23,-132
1739480747.4432476,-5,-129,7
1739480747.4892476,7,82,52
1739480747.5352476,-22,-33,14
1739480747.5812476,-42,29,-58
1739480747.6262476,-28,-41,-103
1739480747.6722476,-68,-25,-69
1739480747.7182477,-74,-55,-6
1739480747.7632475,-7,-5,33
1739480747.8092475,-11,-58,26
1739480747.8552475,-49,-97,2
1739480747.9012475,-3,-118,-145
1739480747.9462476,11,-131,-90
1739480747.9922476,-51,-99,-73
1739480748.0382476,35,-50,-46
1739480748.0832477,38,-138,19
1739480748.1292477,11,-26,79
1739480748.1752477,104,-46,-43
1739480748.2212474,-121,-21,7
1739480748.2662475,11,12,26
1739480748.3122475,-7,-4,-18
1739480748.3582475,-107,-55,-64
1739480748.4032476,27,102,-97
1739480748.4492476,-20,17,-18
1739480748.4952476,0,-14,-151
1739480748.5412476,-26,15,-19
1739480748.5862474,20,-78,12
1739480748.6322474,-2,-33,-51
1739480748.6782477,56,160,-1
1739480748.7232475,36,12,-17
1739480748.7692475,-2,-29,-74
1739480748.8152475,-64,107,-19
1739480748.8612475,-60,-29,-48
1739480748.9062476,121,-62,-51
1739480748.9522476,84,-56,-19
1739480748.9982476,14,-81,-64
1739480749.0432477,0,-13,0
1739480749.0892477,-17,-52,-35
1739480749.1352477,-61,-45,-48
1739480749.1812477,-13,40,-146
1739480749.2262475,5,27,-81
1739480749.2722476,18,-59,44
1739480749.3182476,2,41,65
1739480749.3632476,-14,0,88
1739480749.4092476,5,16,-79
1739480749.4552476,-53,-76,-10
1739480749.5012476,-41,-108,-50
1739480749.5462475,86,-39,-25
1739480749.5922475,10,-124,-3
1739480749.6382475,51,-152,-179
1739480749.6832476,-53,-35,-21
1739480749.7292476,-75,-23,-39
1739480749.7752476,-39,-95,156
1739480749.8212476,-15,-149,-47
1739480749.8662477,115,-24,-90
1739480749.9122477,-9,-105,-54
1739480749.9582477,-23,-11,-140
1739480750.0032475,-12,36,54
1739480750.0492475,-16,-5,-34
1739480750.0952475,29,13,96
1739480750.1412475,-41,-1,-46
1739480750.1862476,39,4,42
1739480750.2322476,-3,-37,101
1739480750.2782476,36,-44,-45
1739480750.3232474,-31,-1,25
1739480750.3692474,25,-23,-44
1739480750.4152474,0,-119,-64
1739480750.4612474,38,-102,-23
1739480750.5062475,17,-66,-78
1739480750.5522475,48,-80,65
1739480750.5982475,106,-142,1
1739480750.6432476,94,-25,-12
1739480750.6892476,42,-36,0
1739480750.7352476,-6,-78,-19
1739480750.7812476,1,-117,7
1739480750.8262477,-85,30,-44
1739480750.8722477,15,-124,-126
1739480750.9182477,-101,-8,66
1739480750.9632475,49,-33,-49
1739480751.0092475,72,-45,-42
1739480751.0552475,10,-52,-36
1739480751.1012475,1,-124,-110
1739480751.1462476,-57,-20,35
1739480751.1922476,-8,46,-162
1739480751.2382476,76,-129,20
1739480751.2832477,18,37,27
1739480751.3292477,-68,-84,-20
1739480751.3752477,52,-54,-112
1739480751.4212475,-77,-209,-26
1739480751.4662476,-43,-83,-201
1739480751.5122476,-113,-97,-55
1739480751.5582476,-40,-95,24
1739480751.6032476,33,-15,1
1739480751.6492476,8,-48,27
1739480751.6952477,-13,-137,16
1739480751.7462475,16,-62,62
1739480751.7922475,-17,-78,9
1739480751.8382475,26,19,-32
1739480751.8832476,-5,-28,2
1739480751.9292476,7,-80,104
1739480751.9752476,66,27,-35
1739480752.0212476,11,-29,-87
1739480752.0662477,-15,-15,-134
1739480752.1122477,27,115,94
1739480752.1582477,21,-24,-15
1739480752.2032475,73,-97,-176
1739480752.2492476,-59,-70,108
1739480752.2952476,12,-35,-40
1739480752.3412476,24,-2,-90
1739480752.3862476,32,47,-32
1739480752.4322476,34,-37,-144
1739480752.4782476,23,-34,3
1739480752.5232477,23,89,-12
1739480752.5692475,-84,-61,-176
1739480752.6152475,-22,-36,83
1739480752.6612475,33,0,88
1739480752.7062476,-64,-82,47
1739480752.7522476,-34,12,28
1739480752.7982476,49,45,-30
1739480752.8432477,88,-51,14
1739480752.8892477,-23,0,-157
1739480752.9352477,25,2,27
1739480752.9812477,8,-46,-86
1739480753.0262475,65,-1,3
1739480753.0722475,5,-115,-7
1739480753.1182475,-4,-87,-78
1739480753.1632476,-7,-94,-88
1739480753.2092476,42,45,-84
1739480753.2552476,1,46,33
1739480753.3012476,-5,-30,-79
1739480753.3462474,-15,90,33
1739480753.3922474,-8,-94,-20
1739480753.4382474,55,-82,-59
1739480753.4832475,34,-7,-21
1739480753.5292475,-18,-60,-14
1739480753.5752475,45,-19,-32
1739480753.6212475,-43,-48,49
1739480753.6662476,34,-92,-138
1739480753.7122476,58,-184,-101
1739480753.7582476,-94,70,-23
1739480753.8032477,7,-61,-135
1739480753.8492477,156,-11,-134
1739480753.8952477,11,-121,28
1739480753.9412477,64,39,89
1739480753.9862475,66,-15,81
1739480754.0322475,4,-147,2
1739480754.0782475,-2,79,-42
1739480754.1232476,-19,-56,-54
1739480754.1692476,22,33,-108
1739480754.2152476,51,30,-9
1739480754.2612476,-60,-46,-38
1739480754.3062477,9,54,-134
1739480754.3522477,-72,-42,-116
1739480754.3982477,-55,-68,-112
1739480754.4432476,34,1,8
1739480754.4892476,-4,50,18
1739480754.5352476,2,-4,79
1739480754.5812476,-48,48,-18
1739480754.6262476,-36,-58,-32
1739480754.6722476,-3,-156,-11
1739480754.7182477,36,-21,8
1739480754.7632475,64,37,-101
1739480754.8092475,11,-148,9
1739480754.8552475,-16,-79,-110
1739480754.9012475,-67,0,9
1739480754.9462476,64,-23,11
1739480754.9922476,82,-47,-160
1739480755.0382476,26,-31,-82
1739480755.0832477,68,73,44
1739480755.1292477,-152,20,-72
1739480755.1752477,116,-29,-41
1739480755.2212474,2,-11,36
1739480755.2662475,91,-11,66
1739480755.3122475,-3,2,-69
1739480755.3582475,-17,-46,-17
1739480755.4032476,-48,-74,-63
1739480755.4492476,-99,-106,18
1739480755.4952476,0,53,-71
1739480755.5412476,5,-128,-96
1739480755.5862474,-7,-8,37
1739480755.6322474,7,-126,-136
1739480755.6782477,-56,-96,48
1739480755.7232475,-12,-114,-22
1739480755.7692475,-19,6,21
1739480755.8152475,-62,-104,-108
1739480755.8612475,-7,12,-15
1739480755.9062476,8,-109,-118
1739480755.9522476,-14,-86,-74
1739480755.9982476,-34,76,-100
1739480756.0432477,-41,64,-120
1739480756.0892477,-15,-139,-132
1739480756.1352477,65,3,-43
1739480756.1812477,14,19,9
1739480756.2262475,-71,-76,-3
1739480756.2722476,-3,-87,60
1739480756.3182476,-29,-114,41
1739480756.3632476,64,-131,55
1739480756.4092476,0,105,-2
1739480756.4552476,11,87,-18
1739480756.5012476,-7,-32,-157
1739480756.5462475,70,85,-30
1739480756.5922475,26,31,60
1739480756.6382475,7,-19,-13
1739480756.6832476,-6,-10,20
1739480756.7292476,-26,38,-47
1739480756.7752476,1,-120,-75
1739480756.8212476,-47,-52,0
1739480756.8662477,-67,-50,-30
1739480756.9122477,10,-38,-57
1739480756.9582477,-13,-34,6
1739480757.0032475,-38,-42,-50
1739480757.0492475,-23,-62,-45
1739480757.0952475,27,-53,-72
1739480757.1412475,-30,-106,-39
1739480757.1862476,28,-31,-108
1739480757.2322476,-12,-112,-60
1739480757.2782476,-60,-4,-24
1739480757.3232474,-3,-40,-24
1739480757.3692474,18,-44,-68
1739480757.4152474,-16,-2,33
1739480757.4602475,-36,-22,-50
1739480757.5062475,22,-27,-60
1739480757.5522475,-60,-32,-115
1739480757.5982475,14,-125,-119
1739480757.6432476,-29,-6,-55
1739480757.6892476,1,43,-88
1739480757.7352476,28,-9,-129
1739480757.7802474,41,-3,0
1739480757.8262477,-3,-78,20
1739480757.8722477,7,-69,14
1739480757.9182477,75,-127,0
1739480757.9632475,-81,-12,-150
1739480758.0092475,-4,45,-10
1739480758.0552475,-7,-4,-91
1739480758.1002476,39,-35,-5
1739480758.1462476,12,22,-175
1739480758.1922476,71,-31,-84
1739480758.2382476,30,7,-69
1739480758.2832477,-21,2,-130
1739480758.3292477,20,13,-90
1739480758.3752477,-3,-61,66
1739480758.4202476,-22,33,21
1739480758.4662476,79,-76,-14
1739480758.5122476,20,-66,-129
1739480758.5582476,-6,-57,150
1739480758.6032476,93,24,-3
1739480758.6492476,-1,-16,-88
1739480758.6952477,23,-73,1
1739480758.7402475,-33,1,1
1739480758.7862475,29,-32,-84
1739480758.8322475,-5,-74,-95
1739480758.8782475,45,24,-98
1739480758.9232476,-130,-36,48
1739480758.9692476,-21,-108,-40
1739480759.0152476,50,11,37
1739480759.0602477,-10,-1,-24
1739480759.1062477,-20,16,4
1739480759.1522477,-23,-110,-120
1739480759.1982474,85,-37,-170
1739480759.2432475,57,33,-33
1739480759.2892475,40,-74,-161
1739480759.3352475,-119,-47,-55
1739480759.3802476,10,29,-90
1739480759.4262476,-1,-96,44
1739480759.4722476,-11,-29,-36
1739480759.5182476,31,-79,-46
1739480759.5632474,58,-92,-153
1739480759.6092474,-56,-33,-35
1739480759.6552474,-107,-148,-77
1739480759.7002475,-2,-62,-51
1739480759.7462475,-7,6,-88
1739480759.7922475,-13,-41,-139
1739480759.8382475,6,-64,50
1739480759.8832476,1,70,87
1739480759.9292476,52,-46,-201
1739480759.9752476,32,-85,-142
1739480760.0202477,37,-99,37
1739480760.0662477,-5,3,-30
1739480760.1122477,-47,-65,51
1739480760.1582477,15,69,6
1739480760.2032475,-22,39,-13
1739480760.2492476,-2,-97,-185
1739480760.2952476,16,2,-45
1739480760.3402476,-31,49,-34
1739480760.3862476,-68,-65,-77
1739480760.4322476,-15,141,-33
1739480760.4782476,1,-87,-46
1739480760.5232477,-52,4,-19
1739480760.5692475,11,52,-62
1739480760.6152475,-16,2,-53
1739480760.6602476,-19,-143,-63
1739480760.7062476,-17,46,-109
1739480760.7522476,27,-113,-94
1739480760.7982476,6,-52,-66
1739480760.8432477,-40,49,-58
1739480760.8892477,-59,27,-126
1739480760.9352477,33,-47,39
1739480760.9802475,-31,-80,-24
1739480761.0262475,-45,-104,27
1739480761.0722475,7,-21,-58
1739480761.1182475,21,-32,82
1739480761.1632476,-10,-13,16
1739480761.2092476,-13,-45,-141
1739480761.2552476,49,30,-46
1739480761.3002477,15,14,13
1739480761.3462474,-42,-97,-147
1739480761.3922474,-31,-75,12
1739480761.4382474,45,46,-75
1739480761.4832475,-83,-89,-5
1739480761.5292475,11,14,-93
1739480761.5752475,0,75,4
1739480761.6202476,18,-84,-118
1739480761.6662476,-40,-8,-45
1739480761.7122476,51,14,13
1739480761.7632475,-83,36,-64
1739480761.8092475,-8,38,-101
1739480761.8552475,65,-26,-88
1739480761.9002476,49,-72,-76
1739480761.9462476,-74,11,-98
1739480761.9922476,19,-201,2
1739480762.0382476,0,-122,-75
1739480762.0832477,48,8,31
1739480762.1292477,21,-2,-18
1739480762.1752477,-8,29,30
1739480762.2202475,-61,-5,-59
1739480762.2662475,90,-14,-66
1739480762.3122475,-20,-27,35
1739480762.3582475,27,-74,-30
1739480762.4032476,-43,-3,-18
1739480762.4492476,-6,-51,-121
1739480762.4952476,13,-121,-109
1739480762.5402474,62,-76,-124
1739480762.5862474,-66,63,-51
1739480762.6322474,84,-64,-2
1739480762.6782477,-12,-1,-168
1739480762.7232475,-1,-180,-100
1739480762.7692475,30,-66,-11
1739480762.8152475,-26,19,-27
1739480762.8602476,-44,-3,8
1739480762.9062476,36,-76,25
1739480762.9522476,-5,48,-75
1739480762.9982476,-74,73,-15
1739480763.0432477,-47,47,45
1739480763.0892477,-14,-97,154
1739480763.1352477,37,-78,43
1739480763.1802475,-24,-69,-19
1739480763.2262475,78,60,-62
1739480763.2722476,24,56,-40
1739480763.3182476,55,-164,-78
1739480763.3632476,11,-66,-80
1739480763.4092476,129,-104,-22
1739480763.4552476,-21,-29,-23
1739480763.5002477,8,-50,-98
1739480763.5462475,-10,19,-100
1739480763.5922475,-10,-4,-47
1739480763.6382475,4,-11,-64
1739480763.6832476,33,-14,-23
1739480763.7292476,26,-38,52
1739480763.7752476,-51,-101,78
1739480763.8202477,-18,95,-46
1739480763.8662477,74,-8,72
1739480763.9122477,21,-48,-81
1739480763.9582477,-79,-47,-12
1739480764.0032475,-43,-13,76
1739480764.0492475,3,-88,88
1739480764.0952475,-32,-115,-8
1739480764.1402476,-16,-1,-26
1739480764.1862476,-17,113,-19
1739480764.2322476,3,-5,40
1739480764.2782476,-5,-53,-73
1739480764.3232474,5,-19,5
1739480764.3692474,-18,-97,-56
1739480764.4152474,33,-94,-41
1739480764.4602475,26,-36,-74
1739480764.5062475,-54,-1,-134
1739480764.5522475,5,94,-19
1739480764.5982475,47,24,32
1739480764.6432476,-45,-127,-214
1739480764.6892476,35,0,-10
1739480764.7352476,-19,-55,13
1739480764.7802474,-36,1,5
1739480764.8262477,-45,35,-22
1739480764.8722477,-63,0,5
1739480764.9182477,-28,-62,-107
1739480764.9632475,-18,-18,-2
1739480765.0092475,-2,-124,6
1739480765.0552475,26,-45,-78
1739480765.1002476,-1,-4,-4
1739480765.1462476,-11,-65,21
1739480765.1922476,4,-38,-66
1739480765.2382476,-23,-112,-77
1739480765.2832477,20,15,-61
1739480765.3292477,76,45,-119
1739480765.3752477,-21,-20,36
1739480765.4202476,96,-117,-63
1739480765.4662476,-22,40,90
1739480765.5122476,31,-93,-67
1739480765.5582476,6,-110,-12
1739480765.6032476,35,-1,-96
1739480765.6492476,9,-113,-112
1739480765.6952477,79,-13,-184
1739480765.7402475,-43,-4,-41
1739480765.7862475,83,-71,0
1739480765.8322475,-86,-57,-33
1739480765.8782475,15,2,-30
1739480765.9232476,19,-44,10
1739480765.9692476,-22,-23,-84
1739480766.0152476,-59,-23,-119
1739480766.0602477,27,-64,27
1739480766.1062477,70,100,-102
1739480766.1522477,42,36,-53
1739480766.1982474,45,-44,43
1739480766.2432475,-9,1,-55
1739480766.2892475,4,65,46
1739480766.3352475,43,-2,27
1739480766.3802476,-55,-101,-116
1739480766.4262476,13,-5,-91
1739480766.4722476,-54,-76,-91
1739480766.5182476,-7,22,-101
1739480766.5632474,-82,-35,-73
1739480766.6092474,-30,-13,-29
1739480766.6552474,-31,-31,-5
1739480766.7002475,-58,-97,-61
1739480766.7462475,-149,-27,-110
1739480766.7922475,-65,-153,-2
1739480766.8382475,-57,-85,29
1739480766.8832476,-2,33,-109
1739480766.9292476,39,-23,-18
1739480766.9752476,-2,-133,-28
1739480767.0202477,-37,-133,-81
1739480767.0662477,2,176,-88
1739480767.1122477,-57,-3,-71
1739480767.1582477,-32,16,-83
1739480767.2032475,-1,-54,-167
1739480767.2492476,-45,69,-53
1739480767.2952476,7,-70,-16
1739480767.3402476,-14,7,41
1739480767.3862476,-3,-21,-48
1739480767.4322476,-32,-87,-91
1739480767.4782476,12,-38,-71
1739480767.5232477,-36,9,-18
1739480767.5692475,-37,-63,92
1739480767.6152475,38,0,-64
1739480767.6602476,-39,-73,44
1739480767.7062476,0,-127,62
1739480767.7522476,28,-65,2
1739480767.7982476,47,-220,40
1739480767.8432477,-21,-37,-119
1739480767.8892477,-64,43,-78
1739480767.9352477,35,-14,-29
1739480767.9802475,-14,-141,-141
1739480768.0262475,-45,-113,-16
1739480768.0722475,62,-12,-101
1739480768.1182475,56,-86,15
1739480768.1632476,28,-4,36
1739480768.2092476,2,0,37
1739480768.2552476,-24,51,11
1739480768.3002477,-1,-67,89
1739480768.3462474,5,-68,44
1739480768.3922474,19,-82,-14
1739480768.4382474,-126,-135,-36
1739480768.4832475,-11,-79,-48
1739480768.5292475,-12,-4,-88
1739480768.5752475,-43,-49,-47
1739480768.6202476,103,-42,27
1739480768.6662476,3,44,29
1739480768.7122476,-7,-95,-184
1739480768.7582476,-24,-39,-75
1739480768.8032477,32,-54,-26
1739480768.8492477,-60,47,-54
1739480768.8952477,-13,27,-4
1739480768.9402475,-5,-55,-120
1739480768.9862475,-35,-19,20
1739480769.0322475,7,3,-43
1739480769.0782475,-93,0,-29
1739480769.1232476,16,115,-68
1739480769.1692476,18,-2,14
1739480769.2152476,-16,-99,16
1739480769.2602477,62,-30,-29
1739480769.3062477,-5,-18,-41
1739480769.3522477,-41,0,-93
1739480769.3982477,87,-29,-204
1739480769.4432476,9,-145,-106
1739480769.4892476,-8,110,33
1739480769.5352476,52,-83,15
1739480769.5802476,24,-43,-45
1739480769.6262476,25,-27,-66
1739480769.6722476,22,65,-52
1739480769.7182477,-13,-148,-85
1739480769.7632475,-21,-11,-121
1739480769.8092475,45,18,-40
1739480769.8552475,48,-56,1
1739480769.9002476,8,-59,-75
1739480769.9462476,-76,-73,-95
1739480769.9922476,64,-46,15
1739480770.0382476,16,-92,-29
1739480770.0832477,-28,-28,34
1739480770.1292477,77,-23,-16
1739480770.1752477,-69,26,-22
1739480770.2202475,-45,-10,-70
1739480770.2662475,-27,-38,-146
1739480770.3122475,-39,2,-103
1739480770.3582475,28,73,-6
1739480770.4032476,24,-97,-35
1739480770.4492476,-80,-114,-88
1739480770.4952476,-42,21,-98
1739480770.5402474,-2,-19,-25
1739480770.5862474,5,50,2
1739480770.6322474,115,-88,9
1739480770.6782477,-4,-41,-42
1739480770.7232475,-31,1,-56
1739480770.7692475,9,-5,56
1739480770.8152475,42,-46,49
1739480770.8602476,51,-8,21
1739480770.9062476,18,51,-104
1739480770.9522476,-23,-52,-97
1739480770.9982476,-6,29,25
1739480771.0432477,8,-71,-85
1739480771.0892477,38,-53,-16
1739480771.1352477,-70,-24,18
1739480771.1802475,23,47,-67
1739480771.2262475,56,-39,12
1739480771.2722476,-49,0,-59
1739480771.3182476,-34,62,-21
1739480771.3632476,-115,-34,-88
1739480771.4092476,37,-77,17
1739480771.4552476,-23,2,-67
1739480771.5002477,30,-24,-89
1739480771.5462475,13,-16,102
1739480771.5922475,21,80,-62
1739480771.6382475,-38,24,-66
1739480771.6832476,44,0,-132
1739480771.7292476,121,19,19
1739480771.7802474,-9,-68,-39
1739480771.8262477,12,-67,11
1739480771.8722477,84,-91,-12
1739480771.9182477,-50,-136,-19
1739480771.9632475,7,29,10
1739480772.0092475,1,15,-11
1739480772.0552475,-118,-40,-23
1739480772.1002476,36,-75,3
1739480772.1462476,-36,-130,35
1739480772.1922476,-23,-26,-86
1739480772.2382476,32,-5,-20
1739480772.2832477,35,-109,72
1739480772.3292477,97,33,59
1739480772.3752477,-72,18,9
1739480772.4202476,47,-47,5
1739480772.4662476,42,27,-111
1739480772.5122476,61,-69,69
1739480772.5582476,-6,-52,-70
1739480772.6032476,29,-49,-4
1739480772.6492476,9,-59,-48
1739480772.6952477,56,-57,-87
1739480772.7402475,-42,-40,34
1739480772.7862475,-54,110,-6
1739480772.8322475,-6,-47,-256
1739480772.8782475,-89,123,0
1739480772.9232476,-48,-77,-67
1739480772.9692476,52,28,-93
1739480773.0152476,4,43,37
1739480773.0602477,-44,-27,-79
1739480773.1062477,49,-74,-114
1739480773.1522477,-31,-69,-34
1739480773.1982474,0,-93,-102
1739480773.2432475,28,-2,56
1739480773.2892475,-116,-63,-37
1739480773.3352475,14,-108,-130
1739480773.3802476,58,-116,-57
1739480773.4262476,-21,-63,-121
1739480773.4722476,-23,84,-79
1739480773.5182476,15,-36,28
1739480773.5632474,-56,1,-37
1739480773.6092474,-38,135,27
1739480773.6552474,15,-28,32
1739480773.7002475,-56,-65,80
1739480773.7462475,-39,-117,5
1739480773.7922475,55,-40,-54
1739480773.8382475,-37,-9,142
1739480773.8832476,64,34,62
1739480773.9292476,39,-80,-2
1739480773.9752476,-65,61,42
1739480774.0202477,-31,-79,-58
1739480774.0662477,7,14,-23
1739480774.1122477,1,53,-20
1739480774.1582477,-7,-53,-108
1739480774.2032475,38,-72,-75
1739480774.2492476,-27,-105,-63
1739480774.2952476,-4,9,63
1739480774.3402476,61,-48,60
1739480774.3862476,69,-200,-85
1739480774.4322476,-24,-143,-43
1739480774.4782476,-20,25,-21
1739480774.5232477,11,-70,24
1739480774.5692475,-50,57,-173
1739480774.6152475,-10,-76,76
1739480774.6602476,74,18,12
1739480774.7062476,-14,-43,-56
1739480774.7522476,46,-168,-71
1739480774.7982476,-39,-73,76
1739480774.8432477,-46,27,143
1739480774.8892477,-26,-99,-39
1739480774.9352477,-113,21,35
1739480774.9802475,-48,0,26
1739480775.0262475,6,-49,-52
1739480775.0722475,6,69,37
1739480775.1182475,-57,-49,-7
1739480775.1632476,10,-81,-72
1739480775.2092476,-39,61,-49
1739480775.2552476,-5,-30,-48
1739480775.3002477,-8,94,-61
1739480775.3462474,23,-68,6
1739480775.3922474,0,-60,28
1739480775.4382474,49,2,-132
1739480775.4832475,45,-72,-4
1739480775.5292475,17,-140,38
1739480775.5752475,153,-92,-186
1739480775.6202476,2,-37,-37
1739480775.6662476,49,-2,2
1739480775.7122476,110,-108,-45
1739480775.7582476,-52,-11,-48
1739480775.8032477,-3,-49,-59
1739480775.8492477,-73,-1,104
1739480775.8952477,0,-49,-42
1739480775.9402475,39,44,-31
1739480775.9862475,3,76,-153
1739480776.0322475,17,-108,-2
1739480776.0782475,-21,-63,-25
1739480776.1232476,-21,7,95
1739480776.1692476,78,14,-131
1739480776.2152476,-58,-69,-42
1739480776.2602477,-21,6,50
1739480776.3062477,-20,59,22
1739480776.3522477,25,55,-67
1739480776.3982477,59,-2,-208
1739480776.4432476,-72,-102,-62
1739480776.4892476,26,-126,-159
1739480776.5352476,41,-20,73
1739480776.5802476,27,78,-48
1739480776.6262476,-73,-1,2
1739480776.6722476,22,-96,-59
1739480776.7182477,-27,-27,-30
1739480776.7632475,-46,61,-121
1739480776.8092475,-24,-109,19
1739480776.8552475,34,-48,-76
1739480776.9002476,2,61,-48
1739480776.9462476,-55,-103,28
1739480776.9922476,38,-20,-38
1739480777.0382476,63,-42,-15
1739480777.0832477,-108,-71,-7
1739480777.1292477,53,-132,91
1739480777.1752477,26,62,-4
1739480777.2202475,21,-11,-20
1739480777.2662475,-78,-65,23
1739480777.3122475,-25,-27,-28
1739480777.3582475,-11,13,68
1739480777.4032476,47,-8,-21
1739480777.4492476,-39,-35,8
1739480777.4952476,-38,61,-26
1739480777.5402474,-11,-9,-33
1739480777.5862474,40,-20,17
1739480777.6322474,-99,-213,-155
1739480777.6782477,-6,18,0
1739480777.7232475,-13,-93,12
1739480777.7692475,-43,-31,-5
1739480777.8152475,0,36,-43
1739480777.8602476,-11,-25,16
1739480777.9062476,38,-60,-158
1739480777.9522476,-41,-73,-120
1739480777.9982476,-20,-47,-43
1739480778.0432477,10,-32,-85
1739480778.0892477,-19,-5,-41
1739480778.1352477,42,16,-62
1739480778.1802475,-38,-115,-119
1739480778.2262475,9,-76,46
1739480778.2722476,14,-31,-92
1739480778.3182476,103,-36,77
1739480778.3632476,17,50,-4
1739480778.4092476,-53,-49,0
1739480778.4552476,-16,-169,75
1739480778.5002477,149,-72,58
1739480778.5462475,9,10,-108
1739480778.5922475,42,-2,-103
1739480778.6382475,3,38,-19
1739480778.6832476,-5,-14,-4
1739480778.7292476,13,-120,33
1739480778.7752476,48,-36,-87
1739480778.8202477,-37,-73,-66
1739480778.8662477,48,-58,82
1739480778.9122477,-16,-77,-150
1739480778.9582477,-73,13,-8
1739480779.0032475,20,-22,-46
1739480779.0482476,-56,-53,-45
1739480779.0942476,37,30,-26
1739480779.1392477,-1,-64,64
1739480779.1852477,-17,-27,1
1739480779.2312477,9,28,-10
1739480779.2762475,71,-10,18
1739480779.3222475,-38,-97,-69
1739480779.3682475,-37,-55,-5
1739480779.4142475,82,-94,81
1739480779.4592476,12,151,-39
1739480779.5052476,-57,-69,-51
1739480779.5512476,-20,-79,-7
1739480779.5962474,118,14,-2
1739480779.6422474,-42,-69,22
1739480779.6882474,5,57,-10
1739480779.7342474,-26,-99,-90
1739480779.7792475,9,-65,-9
1739480779.8252475,-12,-130,-3
1739480779.8712475,49,-74,-1
1739480779.9162476,-58,-69,-35
1739480779.9622476,100,-146,-114
1739480780.0082476,10,-77,43
1739480780.0542476,37,-32,63
1739480780.0992477,-22,-83,93
1739480780.1452477,29,-142,-64
1739480780.1912477,15,-15,-26
1739480780.2362475,52,-24,-33
1739480780.2822475,3,12,-4
1739480780.3282475,86,-98,-115
1739480780.3742476,39,-32,21
1739480780.4192476,32,7,-149
1739480780.4652476,0,5,57
1739480780.5112476,23,-63,-13
1739480780.5562477,-71,-82,98
1739480780.6022477,113,-115,45
1739480780.6482477,-70,-92,49
1739480780.6942475,-28,-57,51
1739480780.7392476,56,-138,-58
1739480780.7852476,-74,39,-57
1739480780.8312476,-13,-86,-168
1739480780.8762476,-67,31,-58
1739480780.9222476,39,14,-67
1739480780.9682477,-26,4,43
1739480781.0142477,49,-90,-14
1739480781.0592475,-27,-87,72
1739480781.1052475,22,-53,-29
1739480781.1512475,6,-108,79
1739480781.1962476,7,-74,43
1739480781.2422476,-42,84,80
1739480781.2882476,1,-41,-39
1739480781.3342476,42,-95,-116
1739480781.3792477,-16,-52,-16
1739480781.4252477,0,0,73
1739480781.4712474,8,26,-24
1739480781.5162475,0,-200,-46
1739480781.5622475,37,7,87
1739480781.6082475,-35,-97,-61
1739480781.6542475,-28,-121,-68
1739480781.6992476,33,-28,-105
1739480781.7512476,14,-24,-44
1739480781.7962475,-85,80,5
1739480781.8422475,16,-63,93
1739480781.8882475,79,27,-115
1739480781.9342475,14,-25,-31
1739480781.9792476,-27,0,13
1739480782.0252476,-31,-80,-1
1739480782.0712476,14,26,-134
1739480782.1162477,-51,-104,-1
1739480782.1622477,6,-17,-14
1739480782.2082477,6,97,-70
1739480782.2542477,16,-11,-27
1739480782.2992475,-24,36,-82
1739480782.3452475,22,-29,-146
1739480782.3912475,39,-139,-13
1739480782.4362476,-82,64,-15
1739480782.4822476,41,-59,-116
1739480782.5282476,0,15,3
1739480782.5742476,54,-11,59
1739480782.6192474,22,-71,-26
1739480782.6652474,52,-17,53
1739480782.7112474,-7,-8,17
1739480782.7562475,37,-65,-149
1739480782.8022475,-62,-30,-39
1739480782.8482475,-73,-224,48
1739480782.8942475,36,17,35
1739480782.9392476,103,31,54
1739480782.9852476,77,0,91
1739480783.0312476,-37,-44,-3
1739480783.0762477,43,-51,58
1739480783.1222477,45,-81,77
1739480783.1682477,22,33,45
1739480783.2142477,5,-31,-103
1739480783.2592475,45,21,31
1739480783.3052475,10,-63,54
1739480783.3502476,-25,-58,-71
1739480783.3952477,9,-55,-47
1739480783.4412477,42,-173,62
1739480783.4872477,-61,-16,-23
1739480783.5322475,-60,54,42
1739480783.5782475,114,-101,-102
1739480783.6242476,-26,-198,14
1739480783.6702476,-69,-2,-6
1739480783.7152476,0,-117,-24
1739480783.7612476,37,-55,41
1739480783.8072476,89,25,-39
1739480783.8522477,-6,43,14
1739480783.8982477,40,105,-116
1739480783.9442475,22,47,2
1739480783.9902475,-9,-18,-10
1739480784.0352476,-42,-4,-63
1739480784.0812476,-34,-190,21
1739480784.1272476,-17,75,-32
1739480784.1722476,-36,16,87
1739480784.2182477,-54,38,90
1739480784.2642477,6,0,21
1739480784.3102477,-109,-98,-15
1739480784.3552475,-18,-68,43
1739480784.4012475,76,-37,-78
1739480784.4472475,-49,8,-138
1739480784.4922476,-52,-62,13
1739480784.5382476,-19,26,-70
1739480784.5842476,2,-109,-30
1739480784.6302476,-40,-46,-1
1739480784.6752477,21,67,-96
1739480784.7212474,55,43,-21
1739480784.7672474,55,-131,36
1739480784.8122475,55,-29,-47
1739480784.8582475,-53,40,29
1739480784.9042475,24,-219,-53
1739480784.9502475,-103,-14,11
1739480784.9952476,-9,-70,-68
1739480785.0412476,-11,-46,-91
1739480785.0872476,16,-147,-54
1739480785.1322474,109,-23,-113
1739480785.1782477,11,-65,-94
1739480785.2242477,40,-1,103
1739480785.2702477,38,41,-18
1739480785.3152475,-27,-114,12
1739480785.3612475,-21,54,-56
1739480785.4072475,-14,-14,-67
1739480785.4522476,16,-111,-191
1739480785.4982476,0,4,-106
1739480785.5442476,-24,15,6
1739480785.5902476,61,0,-115
1739480785.6352477,14,-65,-35
1739480785.6812477,-7,-36,-40
1739480785.7272477,-74,-106,129
1739480785.7722476,40,-1,-20
1739480785.8182476,-29,-108,105
1739480785.8642476,47,-21,-201
1739480785.9102476,-19,-97,-17
1739480785.9552476,0,167,21
1739480786.0012476,-38,-29,-122
1739480786.0472476,7,14,-7
1739480786.0922475,-57,-60,-68
1739480786.1382475,-37,-32,-149
1739480786.1842475,-42,5,-42
1739480786.2302475,-35,-56,-58
1739480786.2752476,-14,-81,-71
1739480786.3212476,26,12,-97
1739480786.3672476,-49,-63,-9
1739480786.4122477,48,-20,-35
1739480786.4582477,-20,-23,-1
1739480786.5042477,58,-4,-6
1739480786.5502477,38,36,-78
1739480786.5952475,23,65,68
1739480786.6412475,31,2,-82
1739480786.6872475,50,-46,-53
1739480786.7322476,5,-72,-160
1739480786.7782476,-44,1,-13
1739480786.8242476,-43,-11,-67
1739480786.8702476,25,30,-59
1739480786.9152474,65,-118,-93
1739480786.9612474,23,-34,-158
1739480787.0072474,-32,23,34
1739480787.0522475,0,-41,-116
1739480787.0982475,-88,49,-45
1739480787.1442475,71,-32,-151
1739480787.1902475,-27,-121,60
1739480787.2352476,3,-37,-74
1739480787.2812476,53,112,-31
1739480787.3272476,79,6,80
1739480787.3722477,-5,0,-232
1739480787.4182477,-20,35,12
1739480787.4642477,62,-202,-66
1739480787.5102477,15,-78,-154
1739480787.5552475,39,-30,-62
1739480787.6012475,-69,-55,-112
1739480787.6472476,37,-86,-71
1739480787.6922476,-13,-18,-9
1739480787.7382476,76,20,29
1739480787.7842476,32,-8,-13
1739480787.8302476,-39,-33,-52
1739480787.8752477,-35,-41,59
1739480787.9212475,-141,7,-37
1739480787.9672475,-33,7,15
1739480788.0122476,46,9,-33
1739480788.0582476,-27,-69,-56
1739480788.1042476,24,-82,-14
1739480788.1502476,73,36,-79
1739480788.1952477,-17,-107,-58
1739480788.2412477,49,-48,-2
1739480788.2872477,61,2,-68
1739480788.3322475,38,20,-79
1739480788.3782475,50,-196,-67
1739480788.4242475,-112,-133,-199
1739480788.4702475,7,-22,-31
1739480788.5152476,-56,-51,-88
1739480788.5612476,-22,-135,11
1739480788.6072476,15,-114,41
1739480788.6522477,42,18,-167
1739480788.6982474,-4,-61,-40
1739480788.7442474,69,-4,-59
1739480788.7902474,39,16,-19
1739480788.8352475,12,-24,4
1739480788.8812475,17,-15,-43
1739480788.9272475,67,-62,-5
1739480788.9722476,-57,-69,-27
1739480789.0182476,-74,-67,33
1739480789.0642476,25,-44,10
1739480789.1092474,6,-66,-148
1739480789.1552474,-74,-75,82
1739480789.2012477,5,59,-51
1739480789.2472477,-6,-48,-133
1739480789.2922475,10,-32,20
1739480789.3382475,52,0,-119
1739480789.3842475,-55,-27,8
1739480789.4292476,-94,-89,43
1739480789.4752476,13,-61,-16
1739480789.5212476,-45,-76,51
1739480789.5672476,11,25,-124
1739480789.6122477,-13,-173,28
1739480789.6582477,-29,0,-113
1739480789.7042477,-19,-22,107
1739480789.7492476,13,0,35
1739480789.7952476,-14,-18,-9
1739480789.8412476,-66,-56,-24
1739480789.8872476,32,34,-77
1739480789.9322476,22,-48,10
1739480789.9782476,9,-80,-142
1739480790.0242476,-69,53,-97
1739480790.0692475,88,-36,-49
1739480790.1152475,-40,-48,-49
1739480790.1612475,16,-57,-102
1739480790.2072475,6,5,-46
1739480790.2522476,-32,-102,-67
1739480790.2982476,-48,10,0
1739480790.3442476,60,25,-52
1739480790.3892477,14,-42,-71
1739480790.4352477,-41,-9,104
1739480790.4812477,-18,-93,-178
1739480790.5272477,-53,7,-147
1739480790.5722475,46,-24,19
1739480790.6182475,70,-110,-94
1739480790.6642475,7,59,-15
1739480790.7092476,-12,75,-151
1739480790.7552476,-20,-41,-91
1739480790.8012476,6,-1,-24
1739480790.8472476,-48,69,0
1739480790.8922474,-61,-149,-182
1739480790.9382474,40,29,-22
1739480790.9842474,11,5,-1
1739480791.0292475,57,-32,107
1739480791.0752475,-2,-69,-78
1739480791.1212475,51,-61,9
1739480791.1672475,-18,-38,-38
1739480791.2122476,102,-37,-30
1739480791.2582476,3,10,15
1739480791.3042476,24,-105,0
1739480791.3492477,52,-19,-32
1739480791.3952477,73,-11,-53
1739480791.4412477,5,76,48
1739480791.4872477,65,-113,-3
1739480791.5322475,-61,-3,-19
1739480791.5782475,-33,-27,-72
1739480791.6242476,-35,-92,-71
1739480791.6692476,-51,-83,-54
1739480791.7152476,2,-36,39
1739480791.7672474,-44,111,25
1739480791.8122475,40,-6,4
1739480791.8582475,2,35,56
1739480791.9042475,113,-76,-120
1739480791.9492476,-58,29,-166
1739480791.9952476,1,-77,8
1739480792.0412476,-79,-63,22
1739480792.0872476,-5,-32,-151
1739480792.1322474,27,-97,-148
1739480792.1782477,77,-139,-61
1739480792.2242477,-1,-87,-35
1739480792.2692475,5,-64,-62
1739480792.3152475,-34,-82,-60
1739480792.3612475,4,-128,102
1739480792.4072475,72,79,-4
1739480792.4522476,6,-36,-30
1739480792.4982476,44,-133,-78
1739480792.5442476,-5,-132,-30
1739480792.5892477,3,-61,-20
1739480792.6352477,-85,-86,7
1739480792.6812477,-23,-148,61
1739480792.7272477,2,1,-30
1739480792.7722476,20,47,-17
1739480792.8182476,-14,66,74
1739480792.8642476,-9,-53,10
1739480792.9092476,-53,-57,-120
1739480792.9552476,45,5,-50
1739480793.0012476,26,-55,116
1739480793.0472476,-17,-48,-101
1739480793.0922475,-30,-24,-52
1739480793.1382475,2,-48,39
1739480793.1842475,76,-61,57
1739480793.2292476,45,-61,5
1739480793.2752476,26,114,24
1739480793.3212476,61,5,22
1739480793.3672476,18,1,22
1739480793.4122477,37,-53,28
1739480793.4582477,41,-112,-25
1739480793.5042477,6,22,-41
1739480793.5492475,24,0,-52
1739480793.5952475,17,-71,139
1739480793.6412475,-105,-196,45
1739480793.6872475,12,-73,-140
1739480793.7322476,0,52,-54
1739480793.7782476,-8,75,-54
1739480793.8242476,81,3,20
1739480793.8692474,24,-147,45
1739480793.9152474,-42,44,-55
1739480793.9612474,3,-13,-57
1739480794.0072474,-17,-1,-20
1739480794.0522475,-25,0,23
1739480794.0982475,-11,-84,-90
1739480794.1442475,57,57,18
1739480794.1892476,-50,-12,-19
1739480794.2352476,-39,14,7
1739480794.2812476,16,53,-150
1739480794.3272476,-13,-144,-126
1739480794.3722477,11,-74,-49
1739480794.4182477,14,66,-32
1739480794.4642477,-7,-20,-113
1739480794.5092475,-4,-98,37
1739480794.5552475,-1,5,11
1739480794.6012475,52,-13,-72
1739480794.6472476,-2,-42,0
1739480794.6922476,33,-66,-19
1739480794.7382476,-88,40,-16
1739480794.7842476,20,-41,-3
1739480794.8292477,10,-35,15
1739480794.8752477,32,9,-36
1739480794.9212475,50,-55,13
1739480794.9672475,-22,-103,5
1739480795.0122476,14,-22,-25
1739480795.0582476,-7,-25,-5
1739480795.1042476,10,-109,-18
1739480795.1492476,83,-145,29
1739480795.1952477,49,-2,-75
1739480795.2412477,33,-12,-100
1739480795.2872477,-78,58,-72
1739480795.3322475,34,-25,-107
1739480795.3782475,-2,25,-38
1739480795.4242475,20,31,-83
1739480795.4692476,38,113,-33
1739480795.5152476,5,-144,-15
1739480795.5612476,54,-13,41
1739480795.6072476,-36,14,64
1739480795.6522477,36,-4,-28
1739480795.6982474,-36,-60,-3
1739480795.7442474,-2,-58,-52
1739480795.7892475,73,1,77
1739480795.8352475,-74,34,0
1739480795.8812475,-73,42,-38
1739480795.9272475,24,16,31
1739480795.9722476,38,-82,-79
1739480796.0182476,-66,-41,64
1739480796.0642476,5,-80,-12
1739480796.1092474,19,-74,-53
1739480796.1552474,-9,-68,-44
1739480796.2012477,11,-38,-181
1739480796.2472477,-75,-101,11
1739480796.2922475,-57,-53,72
1739480796.3382475,-35,-43,-145
1739480796.3842475,10,-11,31
1739480796.4292476,-18,-17,-48
1739480796.4752476,110,102,-48
1739480796.5212476,-106,-107,10
1739480796.5672476,-28,-65,0
1739480796.6122477,152,46,-8
1739480796.6582477,53,72,-153
1739480796.7042477,-16,19,53
1739480796.7492476,-24,-89,-27
1739480796.7952476,85,-48,22
1739480796.8412476,57,-62,-102
1739480796.8872476,-38,141,-50
1739480796.9322476,59,-46,34
1739480796.9782476,35,-36,-119
1739480797.0242476,-2,-56,-56
1739480797.0692475,33,-60,-23
1739480797.1152475,3,-2,-24
1739480797.1612475,94,-36,-70
1739480797.2072475,73,24,-5
1739480797.2522476,-60,39,-116
1739480797.2982476,47,60,-45
1739480797.3442476,-55,-119,-46
1739480797.3892477,-55,-159,24
1739480797.4352477,21,-20,52
1739480797.4812477,-53,-3,26
1739480797.5272477,-80,-101,-5
1739480797.5722475,-46,-9,-27
1739480797.6182475,42,-158,9
1739480797.6642475,-1,14,-49
1739480797.7092476,80,-152,24
1739480797.7552476,3,-29,-8
1739480797.8012476,-14,-76,-128
1739480797.8472476,47,4,-58
1739480797.8922474,-65,0,33
1739480797.9382474,15,-66,58
1739480797.9842474,-24,-31,19
1739480798.0292475,42,-160,0
1739480798.0752475,-35,131,-50
1739480798.1212475,-65,-35,0
1739480798.1672475,20,-67,50
1739480798.2122476,-25,51,69
1739480798.2582476,-41,-36,-39
1739480798.3042476,75,-60,2
1739480798.3492477,12,5,-67
1739480798.3952477,-64,-112,-79
1739480798.4412477,5,34,-102
1739480798.4872477,-26,30,-203
1739480798.5322475,27,-80,-71
1739480798.5782475,42,-44,-21
1739480798.6242476,-7,40,19
1739480798.6692476,-65,-34,-9
1739480798.7152476,22,-128,-40
1739480798.7612476,89,66,-35
1739480798.8072476,90,-136,15
1739480798.8522477,-46,-18,-30
1739480798.8982477,3,98,59
1739480798.9442475,37,16,-27
1739480798.9892476,11,-44,19
1739480799.0352476,55,34,-55
1739480799.0812476,-72,-93,-134
1739480799.1272476,8,-157,-170
1739480799.1722476,33,12,-54
1739480799.2182477,-57,0,-95
1739480799.2642477,22,-22,-122
1739480799.3092475,-8,-13,-74
1739480799.3552475,-6,-83,21
1739480799.4012475,-21,-101,29
1739480799.4472475,-63,-60,28
1739480799.4922476,46,-13,115
1739480799.5382476,-51,20,-76
1739480799.5842476,-57,-112,77
1739480799.6292477,-25,-88,13
1739480799.6752477,-67,-4,-25
1739480799.7212474,-27,-118,-61
1739480799.7672474,-7,-94,-47
1739480799.8122475,49,-78,-55
1739480799.8582475,50,-101,-181
1739480799.9042475,1,59,30
1739480799.9492476,58,-59,-60
1739480799.9952476,1,54,-39
1739480800.0412476,30,-65,-184
1739480800.0872476,19,-30,-58
1739480800.1322474,-9,-95,59
1739480800.1782477,-69,-48,16
1739480800.2242477,63,-51,-72
1739480800.2692475,20,-3,-62
1739480800.3152475,38,9,-76
1739480800.3612475,-13,-108,-51
1739480800.4072475,28,-13,-5
1739480800.4522476,91,-65,137
1739480800.4982476,4,-1,-51
1739480800.5442476,-26,-22,-161
1739480800.5892477,4,-29,1
1739480800.6352477,80,-11,-59
1739480800.6812477,44,-111,92
1739480800.7272477,-25,-66,-43
1739480800.7722476,-61,-62,-124
1739480800.8182476,48,-83,-32
1739480800.8642476,-25,20,-120
1739480800.9092476,32,-120,-72
1739480800.9552476,3,-13,21
1739480801.0012476,39,-59,25
1739480801.0472476,27,-25,-60
1739480801.0922475,32,5,-29
1739480801.1382475,-3,-22,-42
1739480801.1842475,-26,-111,0
1739480801.2292476,1,-51,-64
1739480801.2752476,-8,-71,-89
1739480801.3212476,-9,-38,-134
1739480801.3672476,26,-77,-78
1739480801.4122477,12,-66,-51
1739480801.4582477,-49,58,-15
1739480801.5042477,73,19,71
1739480801.5492475,59,-81,-58
1739480801.5952475,-2,-48,45
1739480801.6412475,148,-53,-219
1739480801.6872475,20,55,0
1739480801.7322476,-4,7,-75
1739480801.7842476,-33,88,-99
1739480801.8292477,107,-51,10
1739480801.8752477,25,17,5
1739480801.9212475,21,-149,1
1739480801.9672475,76,-33,-83
1739480802.0122476,21,-190,52
1739480802.0582476,35,61,-10
1739480802.1042476,20,-141,16
1739480802.1492476,-15,73,0
1739480802.1952477,36,-29,-76
1739480802.2412477,126,-11,-90
1739480802.2872477,19,37,0
1739480802.3322475,-42,-70,-128
1739480802.3782475,58,-50,-17
1739480802.4242475,75,-26,-6
1739480802.4692476,-38,-102,0
1739480802.5152476,-2,-138,13
1739480802.5612476,-45,0,9
1739480802.6072476,-3,-54,-31
1739480802.6522477,-91,10,-38
1739480802.6982474,-45,31,-68
1739480802.7442474,-38,99,-2
1739480802.7892475,-36,-29,-90
1739480802.8352475,-34,-33,18
1739480802.8812475,-2,-41,-28
1739480802.9272475,-14,-112,-126
1739480802.9722476,21,-57,-10
1739480803.0182476,-3,2,37
1739480803.0642476,-127,-60,-118
1739480803.1092474,-9,-20,-31
1739480803.1552474,-30,-69,40
1739480803.2012477,81,46,-110
1739480803.2472477,-6,-8,-31
1739480803.2922475,-15,19,-51
1739480803.3382475,-10,63,-23
1739480803.3842475,-23,19,-7
1739480803.4292476,-11,-24,-80
1739480803.4752476,8,-118,-71
1739480803.5212476,-44,-1,-87
1739480803.5672476,22,-30,-130
1739480803.6122477,33,7,-138
1739480803.6582477,-19,-3,53
1739480803.7042477,-92,-55,-85
1739480803.7492476,-19,-48,0
1739480803.7952476,-5,6,117
1739480803.8412476,-26,23,33
1739480803.8872476,-21,-39,26
1739480803.9322476,-40,69,8
1739480803.9782476,59,-70,-87
1739480804.0242476,17,56,-55
1739480804.0692475,27,36,-124
1739480804.1152475,18,30,53
1739480804.1612475,-50,-49,-112
1739480804.2072475,-37,83,-76
1739480804.2522476,-52,-11,-19
1739480804.2982476,-22,-7,101
1739480804.3442476,-73,-91,-11
1739480804.3892477,-33,17,8
1739480804.4352477,-93,19,-63
1739480804.4812477,-30,-41,24
1739480804.5272477,-8,-37,44
1739480804.5722475,4,-112,-107
1739480804.6182475,-21,-3,-30
1739480804.6642475,18,-64,-146
1739480804.7092476,8,50,-4
1739480804.7552476,35,80,-55
1739480804.8012476,18,3,55
1739480804.8472476,-21,37,-35
1739480804.8922474,-15,101,42
1739480804.9382474,26,48,56
1739480804.9842474,2,-34,-8
1739480805.0292475,-1,-9,-132
1739480805.0752475,-75,-3,6
1739480805.1212475,15,0,-64
1739480805.1672475,-37,-79,-48
1739480805.2122476,-10,11,-81
1739480805.2582476,56,-84,-58
1739480805.3042476,6,-80,-60
1739480805.3492477,52,-80,-1
1739480805.3952477,50,108,-59
1739480805.4412477,54,-148,-11
1739480805.4872477,-6,-50,-45
1739480805.5322475,49,0,42
1739480805.5782475,-64,-53,-42
1739480805.6242476,35,2,-113
1739480805.6692476,14,-153,-104
1739480805.7152476,51,-48,25
1739480805.7612476,13,-100,-1
1739480805.8072476,76,4,15
1739480805.8522477,40,-18,-20
1739480805.8982477,-39,-131,-11
1739480805.9442475,15,63,-52
1739480805.9892476,-21,-64,-25
1739480806.0352476,-78,-15,-30
1739480806.0812476,-32,13,-56
1739480806.1272476,-59,-101,-80
1739480806.1722476,12,-174,23
1739480806.2182477,49,-10,-121
1739480806.2642477,37,12,-8
1739480806.3092475,-43,-59,-141
1739480806.3552475,10,-54,77
1739480806.4012475,20,-43,-54
1739480806.4472475,-17,-178,-4
1739480806.4922476,-9,-87,-106
1739480806.5382476,-5,51,-33
1739480806.5842476,-69,-9,-102
1739480806.6292477,-2,33,-101
1739480806.6752477,-68,51,-71
1739480806.7212474,-65,-28,17
1739480806.7672474,17,6,-43
1739480806.8122475,84,-71,-38
1739480806.8582475,-57,56,13
1739480806.9042475,-45,-30,-1
1739480806.9492476,-45,30,-154
1739480806.9952476,-47,-79,7
1739480807.0412476,-8,-19,-99
1739480807.0872476,-22,4,-61
1739480807.1322474,32,0,-48
1739480807.1782477,-18,-114,1
1739480807.2242477,68,41,-8
1739480807.2692475,-11,-19,-22
1739480807.3152475,18,-55,11
1739480807.3612475,32,-59,-117
1739480807.4072475,51,15,140
1739480807.4522476,-19,-66,50
1739480807.4982476,16,56,-16
1739480807.5442476,-7,22,-144
1739480807.5892477,14,-29,-55
1739480807.6352477,105,23,36
1739480807.6812477,24,37,-16
1739480807.7272477,-28,-11,-73
1739480807.7722476,-35,-98,42
1739480807.8182476,-165,43,-20
1739480807.8642476,46,-160,58
1739480807.9092476,-68,-87,-26
1739480807.9552476,-10,-46,20
1739480808.0012476,15,-23,1
1739480808.0472476,-54,-90,-101
1739480808.0922475,-17,26,-26
1739480808.1382475,79,-25,40
1739480808.1842475,-61,0,93
1739480808.2292476,7,67,-91
1739480808.2752476,-30,38,21
1739480808.3212476,-69,40,-22
1739480808.3672476,12,-2,-24
1739480808.4122477,-51,-12,-14
1739480808.4582477,-29,-196,-41
1739480808.5042477,18,-1,-60
1739480808.5492475,-32,-34,-48
1739480808.5952475,-28,-30,23
1739480808.6412475,-52,-10,-134
1739480808.6872475,-86,-76,-169
1739480808.7322476,55,-135,68
1739480808.7782476,-1,-3,82
1739480808.8242476,-22,-13,-29
1739480808.8692474,22,17,7
1739480808.9152474,-45,-146,32
1739480808.9612474,38,39,-39
1739480809.0072474,64,-41,-4
1739480809.0522475,47,-67,-6
1739480809.0982475,-15,-66,-81
1739480809.1442475,-54,-2,5
1739480809.1892476,27,37,24
1739480809.2352476,56,-29,67
1739480809.2812476,26,37,131
1739480809.3272476,46,19,-123
1739480809.3722477,80,-67,-90
1739480809.4182477,3,-87,-22
1739480809.4642477,-8,-123,-21
1739480809.5092475,46,44,103
1739480809.5552475,30,-156,-33
1739480809.6012475,-33,-35,-102
1739480809.6472476,1,-112,33
1739480809.6922476,-48,-47,0
1739480809.7382476,68,-56,-84
1739480809.7842476,-8,-5,-71
1739480809.8292477,-53,-83,45
1739480809.8752477,13,42,-44
1739480809.9212475,3,-27,-117
1739480809.9652476,-4,19,-20
1739480810.0112476,7,-52,26
1739480810.0572476,13,91,55
1739480810.1032476,-65,1,3
1739480810.1482477,55,-36,-48
1739480810.1942475,9,-9,-31
1739480810.2402475,50,-15,-89
1739480810.2852476,16,-109,-61
1739480810.3312476,36,56,-47
1739480810.3772476,-12,10,-10
1739480810.4232476,45,-69,-13
1739480810.4682477,-38,-58,-27
1739480810.5142477,26,-7,22
1739480810.5602477,-68,-98,-40
1739480810.6052475,2,-59,-52
1739480810.6512475,67,-11,-33
1739480810.6972475,21,0,24
1739480810.7432475,21,-22,46
1739480810.7882476,22,72,7
1739480810.8342476,-92,103,-52
1739480810.8802476,-25,26,3
1739480810.9252477,11,-143,101
1739480810.9712474,-81,1,-112
1739480811.0172474,29,-68,92
1739480811.0632474,-12,-15,-124
1739480811.1082475,-17,-103,-112
1739480811.1542475,-53,-97,-31
1739480811.2002475,51,-68,20
1739480811.2452476,14,-40,93
1739480811.2912476,0,-51,66
1739480811.3372476,46,-24,-44
1739480811.3832476,32,-34,68
1739480811.4282477,23,78,36
1739480811.4742477,0,197,-46
1739480811.5202477,-14,-151,-52
1739480811.5652475,37,82,15
1739480811.6112475,41,-26,54
1739480811.6572475,65,-112,56
1739480811.7032475,55,-46,-45
1739480811.7482476,33,42,73
1739480811.8002477,9,0,-15
1739480811.8452475,-1,98,-119
1739480811.8912475,44,-66,-67
1739480811.9372475,-122,18,10
1739480811.9832475,25,110,-129
1739480812.0282476,-10,-119,-130
1739480812.0742476,-23,-58,-44
1739480812.1202476,-11,75,-21
1739480812.1652474,-8,-35,35
1739480812.2112474,-52,5,21
1739480812.2572474,-43,25,38
1739480812.3032477,-12,-50,18
1739480812.3482475,10,-114,-59
1739480812.3942475,-48,-57,-32
1739480812.4402475,-1,-191,42
1739480812.4852476,56,-10,14
1739480812.5312476,-43,67,-47
1739480812.5772476,15,-26,11
1739480812.6232476,-94,9,-71
1739480812.6682477,-26,35,-85
1739480812.7142477,20,-2,54
1739480812.7602477,-86,95,66
1739480812.8052475,-34,35,-58
1739480812.8512475,8,34,74
1739480812.8972476,-29,27,-85
1739480812.9432476,-29,31,-130
1739480812.9882476,34,6,112
1739480813.0342476,79,-56,-122
1739480813.0802476,66,-132,19
1739480813.1252477,67,-108,25
1739480813.1712475,-66,103,46
1739480813.2172475,42,44,-29
1739480813.2632475,21,21,-55
1739480813.3082476,9,-54,-66
1739480813.3542476,24,-48,9
1739480813.4002476,86,-130,-96
1739480813.4452477,-35,65,81
1739480813.4912477,-86,55,94
1739480813.5372477,26,24,73
1739480813.5832477,96,-100,119
1739480813.6282475,44,-54,-10
1739480813.6742475,-14,-1,-40
1739480813.7202475,116,-148,88
1739480813.7652476,130,-8,113
1739480813.8112476,-86,13,-95
1739480813.8572476,17,23,-14
1739480813.9032476,55,68,-125
1739480813.9482474,-52,-79,68
1739480813.9942474,-37,-81,-15
1739480814.0402474,-30,-85,-68
1739480814.0852475,-41,-35,-69
1739480814.1312475,17,-56,-9
1739480814.1772475,48,52,-82
1739480814.2232475,31,14,13
1739480814.2692475,43,-48,-83
1739480814.3152475,45,-30,-67
1739480814.3612475,-54,-113,20
1739480814.4072475,-13,-129,-28
1739480814.4522476,-38,111,-53
1739480814.4982476,-62,-49,-49
1739480814.5442476,40,-110,50
1739480814.5892477,20,24,-93
1739480814.6352477,-13,-3,-121
1739480814.6812477,-44,-35,13
1739480814.7272477,17,-54,57
1739480814.7722476,-71,7,-44
1739480814.8182476,47,18,27
1739480814.8642476,-10,-59,-14
1739480814.9092476,10,-135,-126
1739480814.9552476,6,-44,13
1739480815.0012476,17,-40,8
1739480815.0472476,-2,-48,-53
1739480815.0922475,-48,-10,-30
1739480815.1382475,-73,26,-117
1739480815.1842475,-70,-26,-44
1739480815.2292476,-4,-58,10
1739480815.2752476,10,-18,-57
1739480815.3212476,74,-31,-67
1739480815.3672476,3,-153,33
1739480815.4122477,-4,-9,-31
1739480815.4582477,-37,-104,-38
1739480815.5042477,35,-84,110
1739480815.5492475,-114,-93,-2
1739480815.5952475,12,28,28
1739480815.6412475,52,-36,-83
1739480815.6872475,-21,-66,68
1739480815.7322476,-1,-127,-32
1739480815.7782476,17,2,-186
1739480815.8242476,-33,-92,-50
1739480815.8692474,-37,2,-119
1739480815.9152474,43,-5,-103
1739480815.9612474,82,34,-104
1739480816.0072474,33,-114,-94
1739480816.0522475,41,80,-108
1739480816.0982475,7,59,-11
1739480816.1442475,52,-16,-112
1739480816.1892476,81,37,17
1739480816.2352476,7,-125,-65
1739480816.2812476,12,-34,-47
1739480816.3272476,65,-89,-85
1739480816.3722477,14,-138,-83
1739480816.4182477,-6,-20,4
1739480816.4642477,19,136,-37
1739480816.5092475,-18,0,-34
1739480816.5552475,-2,-36,0
1739480816.6012475,-56,-81,-97
1739480816.6472476,-30,-58,-7
1739480816.6922476,-2,-14,-44
1739480816.7382476,5,-52,0
1739480816.7842476,33,-23,-3
1739480816.8292477,-93,32,42
1739480816.8752477,-7,-2,53
1739480816.9212475,-4,-21,0
1739480816.9672475,60,40,-17
1739480817.0122476,-52,-31,33
1739480817.0582476,-27,-31,-17
1739480817.1042476,61,-135,96
1739480817.1492476,-20,33,-132
1739480817.1952477,-35,-28,22
1739480817.2412477,-87,90,-116
1739480817.2872477,80,-195,99
1739480817.3322475,41,73,28
1739480817.3782475,7,-28,-58
1739480817.4242475,63,-9,-79
1739480817.4692476,13,-15,0
1739480817.5152476,-35,-68,-34
1739480817.5612476,19,-87,61
1739480817.6072476,1,-47,41
1739480817.6522477,82,-25,69
1739480817.6982474,-20,-62,19
1739480817.7442474,-102,-84,-74
1739480817.7892475,-32,-136,22
1739480817.8352475,-82,16,-17
1739480817.8812475,25,-53,-33
1739480817.9272475,-49,24,10
1739480817.9722476,19,-125,-40
1739480818.0182476,3,-89,-151
1739480818.0642476,-38,-92,-125
1739480818.1092474,-56,46,-62
1739480818.1552474,-16,-84,-12
1739480818.2012477,12,-52,-60
1739480818.2472477,-53,-144,-38
1739480818.2922475,-14,28,65
1739480818.3382475,36,-143,34
1739480818.3842475,0,-46,-90
1739480818.4292476,19,-29,110
1739480818.4752476,43,-85,-67
1739480818.5212476,73,-41,22
1739480818.5672476,-18,-96,108
1739480818.6122477,-10,-52,0
1739480818.6582477,12,72,-115
1739480818.7042477,-61,-124,-37
1739480818.7492476,-40,-4,-4
1739480818.7952476,0,-94,-162
1739480818.8412476,62,-63,-61
1739480818.8872476,3,-76,73
1739480818.9322476,47,-31,-6
1739480818.9782476,-114,19,-3
1739480819.0242476,78,-66,-127
1739480819.0692475,55,32,10
1739480819.1152475,-35,-149,-124
1739480819.1612475,-24,-59,-70
1739480819.2072475,-25,-59,-159
1739480819.2522476,-5,-10,-156
1739480819.2982476,-48,-49,0
1739480819.3442476,-2,-69,-19
1739480819.3892477,9,-108,-63
1739480819.4352477,-42,-22,-12
1739480819.4812477,48,-60,-87
1739480819.5262475,-12,-30,-8
1739480819.5722475,11,-56,-75
1739480819.6182475,-2,-173,0
1739480819.6642475,-32,-62,-249
1739480819.7092476,-22,52,-61
1739480819.7552476,-27,-24,-22
1739480819.8012476,3,-112,-36
1739480819.8472476,-45,-12,-159
1739480819.8922474,8,-17,-8
1739480819.9382474,5,-36,23
1739480819.9842474,-19,-89,25
1739480820.0292475,67,-45,-33
1739480820.0752475,25,5,-14
1739480820.1212475,25,-57,45
1739480820.1672475,74,18,-10
1739480820.2122476,64,-104,-9
1739480820.2582476,6,-80,-5
1739480820.3042476,-42,-72,-108
1739480820.3492477,46,-23,-61
1739480820.3952477,-15,100,-17
1739480820.4412477,-32,27,26
1739480820.4872477,-42,57,-76
1739480820.5322475,-11,47,-47
1739480820.5782475,68,-40,-26
1739480820.6242476,-71,9,68
1739480820.6692476,94,30,-37
1739480820.7152476,0,99,0
1739480820.7612476,-59,-94,-27
1739480820.8072476,39,-69,36
1739480820.8522477,91,-85,-27
1739480820.8982477,34,49,109
1739480820.9442475,-17,-84,40
1739480820.9892476,20,1,-138
1739480821.0352476,38,-11,-81
1739480821.0812476,7,23,2
1739480821.1262476,28,-20,-34
1739480821.1722476,-47,-77,-44
1739480821.2182477,-16,-84,-103
1739480821.2642477,-25,70,32
1739480821.3092475,-8,-43,50
1739480821.3552475,-44,-82,-124
1739480821.4012475,52,-79,-110
1739480821.4462476,100,88,-26
1739480821.4922476,34,-110,-68
1739480821.5382476,23,-8,-31
1739480821.5842476,27,-36,-37
1739480821.6292477,44,-52,-87
1739480821.6752477,-5,25,21
1739480821.7212474,-4,15,-68
1739480821.7662475,43,-91,122
1739480821.8182476,-16,13,69
1739480821.8642476,6,-78,18
1739480821.9092476,14,40,12
1739480821.9552476,-86,-72,-17
1739480822.0012476,-5,70,-37
1739480822.0462475,2,-70,-45
1739480822.0922475,27,101,-6
1739480822.1382475,41,19,-214
1739480822.1842475,41,-21,-56
1739480822.2292476,-41,4,29
1739480822.2752476,-9,86,-179
1739480822.3212476,-50,-94,7
1739480822.3662477,86,-29,6
1739480822.4122477,9,-37,-6
1739480822.4582477,-31,-38,-132
1739480822.5042477,11,41,67
1739480822.5492475,11,-43,53
1739480822.5952475,12,67,-44
1739480822.6412475,-49,-28,-30
1739480822.6862476,-29,-11,-34
1739480822.7322476,0,-197,-126
1739480822.7782476,-69,-72,56
1739480822.8242476,-25,-60,-3
1739480822.8692474,-34,51,-107
1739480822.9152474,-1,-44,59
1739480822.9612474,9,51,-61
1739480823.0062475,-36,37,-140
1739480823.0522475,58,-72,-136
1739480823.0982475,15,-108,34
1739480823.1442475,-18,4,-108
1739480823.1892476,1,-122,-73
1739480823.2352476,38,-107,18
1739480823.2812476,-51,37,-65
1739480823.3262477,48,-88,-114
1739480823.3722477,-42,-65,-88
1739480823.4182477,53,-36,-106
1739480823.4642477,62,117,69
1739480823.5092475,24,0,16
1739480823.5552475,-4,-10,-4
1739480823.6012475,-35,-133,-46
1739480823.6462476,-43,-155,59
1739480823.6922476,-42,-100,89
1739480823.7382476,-124,-87,-96
1739480823.7842476,-37,-41,-40
1739480823.8292477,-81,8,-70
1739480823.8752477,45,-23,-60
1739480823.9212475,-31,0,-20
1739480823.9662476,31,0,-31
1739480824.0122476,9,-22,-103
1739480824.0582476,22,-56,-40
1739480824.1042476,-21,-26,-152
1739480824.1492476,-2,-35,43
1739480824.1952477,-22,8,-5
1739480824.2412477,24,-134,9
1739480824.2862475,-22,-44,-78
1739480824.3322475,70,45,-50
1739480824.3782475,8,3,-89
1739480824.4242475,-33,-86,-18
1739480824.4692476,29,-127,82
1739480824.5152476,62,105,32
1739480824.5612476,-48,-136,-118
1739480824.6062477,-41,30,-47
1739480824.6522477,-38,34,0
1739480824.6982474,57,-81,52
1739480824.7442474,30,105,-110
1739480824.7892475,33,-155,26
1739480824.8352475,10,30,-66
1739480824.8812475,-1,-57,27
1739480824.9252477,17,122,-123
1739480824.9712474,-3,-40,61
1739480825.0172474,-50,-13,-108
1739480825.0622475,-50,48,38
1739480825.1082475,8,34,-94
1739480825.1542475,-38,29,-97
1739480825.2002475,13,10,-123
1739480825.2452476,-19,-126,-37
1739480825.2912476,-74,-130,26
1739480825.3372476,-47,-138,-92
1739480825.3822474,23,69,-47
1739480825.4282477,28,-79,-10
1739480825.4742477,25,-62,-101
1739480825.5202477,-30,20,0
1739480825.5652475,-51,-42,-32
1739480825.6112475,-38,-70,-53
1739480825.6572475,-23,-26,39
1739480825.7022476,21,-76,93
1739480825.7482476,51,-112,-40
1739480825.7942476,-65,-22,-14
1739480825.8402476,-10,-131,81
1739480825.8852477,-26,-7,-121
1739480825.9312477,-107,-42,-57
1739480825.9772477,-87,-44,-142
1739480826.0222476,-4,-15,-2
1739480826.0682476,15,-41,-45
1739480826.1142476,-3,-10,-28
1739480826.1602476,-29,10,-41
1739480826.2052476,-44,10,-94
1739480826.2512476,64,13,-175
1739480826.2972476,42,-136,-211
1739480826.3422475,28,-53,-5
1739480826.3882475,-22,-34,-144
1739480826.4342475,36,-129,-176
1739480826.4802475,22,-43,-5
1739480826.5252476,-16,14,28
1739480826.5712476,12,-35,0
1739480826.6172476,-8,-16,-123
1739480826.6622477,60,-75,44
1739480826.7082477,30,12,17
1739480826.7542477,-25,-82,-8
1739480826.8002477,51,-73,-140
1739480826.8452475,54,-9,-127
1739480826.8912475,16,31,3
1739480826.9372475,-26,-67,40
1739480826.9822476,10,-104,87
1739480827.0282476,13,55,-30
1739480827.0742476,-25,21,-155
1739480827.1202476,45,-113,-88
1739480827.1652474,12,-151,36
1739480827.2112474,-56,40,-103
1739480827.2572474,-48,-71,-75
1739480827.3022475,0,-8,-37
1739480827.3482475,-1,-17,-68
1739480827.3942475,16,-96,0
1739480827.4402475,0,-92,15
1739480827.4852476,44,53,-48
1739480827.5312476,-22,-60,65
1739480827.5772476,-77,-2,25
1739480827.6222477,26,-67,-93
1739480827.6682477,47,-15,-91
1739480827.7142477,-53,-126,-66
1739480827.7602477,65,27,54
1739480827.8052475,32,27,19
1739480827.8512475,-19,-6,-53
1739480827.8972476,-17,-22,-34
1739480827.9422476,63,-11,69
1739480827.9882476,35,33,93
1739480828.0342476,-87,-50,109
1739480828.0802476,16,3,-101
1739480828.1252477,-36,25,182
1739480828.1712475,48,-55,57
1739480828.2172475,60,-47,8
1739480828.2622476,-14,74,-79
1739480828.3082476,-1,35,-37
1739480828.3542476,40,-65,-23
1739480828.4002476,70,-67,-22
1739480828.4452477,-37,-12,39
1739480828.4912477,-47,-76,-29
1739480828.5372477,104,61,35
1739480828.5822475,43,-27,-19
1739480828.6282475,38,-57,-11
1739480828.6742475,33,-25,-78
1739480828.7202475,43,-131,-54
1739480828.7652476,-52,-28,0
1739480828.8112476,0,-87,35
1739480828.8572476,23,9,39
1739480828.9022477,26,-33,47
1739480828.9482474,-36,-44,24
1739480828.9942474,21,-136,37
1739480829.0402474,-45,17,22
1739480829.0852475,74,54,-45
1739480829.1312475,-43,-9,-26
1739480829.1772475,24,-64,-102
1739480829.2222476,-13,-5,42
1739480829.2682476,33,62,26
1739480829.3142476,6,46,-60
1739480829.3602476,39,-74,-120
1739480829.4052474,-31,13,-43
1739480829.4512477,18,58,-12
1739480829.4972477,65,-30,-79
1739480829.5422475,-39,-41,-25
1739480829.5882475,-35,-59,115
1739480829.6342475,-44,-107,-180
1739480829.6802475,4,1,5
1739480829.7252476,-27,-69,-73
1739480829.7712476,-41,-3,-22
1739480829.8172476,7,-72,0
1739480829.8622477,-17,0,18
1739480829.9082477,39,0,-50
1739480829.9542477,10,-50,-70
1739480830.0002477,-31,57,31
1739480830.0452476,-15,-77,-7
1739480830.0912476,70,-88,-3
1739480830.1372476,-65,-79,-86
1739480830.1822476,6,31,-73
1739480830.2282476,-71,-41,-4
1739480830.2742476,-145,-65,8
1739480830.3202477,11,64,96
1739480830.3652475,20,-70,-114
1739480830.4112475,-24,-91,-117
1739480830.4572475,64,-30,55
1739480830.5022476,84,-38,-52
1739480830.5482476,-9,-102,-32
1739480830.5942476,-71,-75,19
1739480830.6402476,9,76,-40
1739480830.6852477,-57,85,-33
1739480830.7312477,4,26,88
1739480830.7772477,3,-11,79
1739480830.8222475,34,-78,-57
1739480830.8682475,18,92,-53
1739480830.9142475,-11,-41,-29
1739480830.9602475,-50,-36,3
1739480831.0052476,93,-53,69
1739480831.0512476,-42,-16,0
1739480831.0972476,-36,-12,42
1739480831.1422474,-27,-103,-23
1739480831.1882474,-45,-94,-200
1739480831.2342474,-81,-60,-13
1739480831.2802474,79,-11,-23
1739480831.3252475,-6,84,43
1739480831.3712475,-42,-62,20
1739480831.4172475,9,32,2
1739480831.4622476,8,-56,77
1739480831.5082476,50,-109,-52
1739480831.5542476,26,-58,39
1739480831.6002476,40,28,-153
1739480831.6452477,63,-42,46
1739480831.6912477,42,-50,-16
1739480831.7372477,-46,-15,-7
1739480831.7882476,-22,-20,-119
1739480831.8342476,-9,-76,8
1739480831.8802476,-3,-35,54
1739480831.9252477,-11,-97,-35
1739480831.9712474,18,-172,0
1739480832.0172474,0,-45,-15
1739480832.0622475,47,-64,-54
1739480832.1082475,-29,-131,78
1739480832.1542475,-133,-32,-21
1739480832.2002475,43,-71,-20
1739480832.2452476,62,-59,-35
1739480832.2912476,25,-117,44
1739480832.3372476,-35,58,21
1739480832.3822474,-3,57,-18
1739480832.4282477,12,-75,-7
1739480832.4742477,65,-11,3
1739480832.5202477,44,65,-93
1739480832.5652475,-90,-30,24
1739480832.6112475,-11,-37,-107
1739480832.6572475,10,44,15
1739480832.7022476,-48,-124,-33
1739480832.7482476,40,-107,10
1739480832.7942476,-10,12,-12
1739480832.8402476,11,-26,0
1739480832.8852477,-4,-88,-131
1739480832.9312477,-74,-25,50
1739480832.9772477,-58,55,53
1739480833.0222476,-63,7,22
1739480833.0682476,52,-38,16
1739480833.1142476,79,-4,9
1739480833.1602476,26,51,42
1739480833.2052476,30,33,-3
1739480833.2512476,-63,-38,-156
1739480833.2972476,22,-67,93
1739480833.3422475,-53,78,-91
1739480833.3882475,-11,-14,-21
1739480833.4342475,-2,-125,-63
1739480833.4802475,-44,-56,12
1739480833.5252476,-16,-84,48
1739480833.5712476,-18,-102,-22
1739480833.6172476,48,-41,28
1739480833.6622477,55,-173,48
1739480833.7082477,-78,-36,-58
1739480833.7542477,-24,0,-18
1739480833.8002477,-28,-28,-69
1739480833.8452475,104,-37,-163
1739480833.8912475,-39,4,0
1739480833.9372475,6,-138,-77
1739480833.9822476,-37,10,-159
1739480834.0282476,-14,8,-46
1739480834.0742476,27,-39,-146
1739480834.1202476,22,-83,75
1739480834.1652474,80,-97,39
1739480834.2112474,-18,-108,-68
1739480834.2572474,-54,-12,-34
1739480834.3022475,-72,-112,20
1739480834.3482475,-59,-74,-110
1739480834.3942475,-85,-50,8
1739480834.4402475,-47,-142,-50
1739480834.4852476,37,-35,9
1739480834.5312476,60,17,90
1739480834.5772476,-4,-8,-33
1739480834.6222477,-23,-88,-138
1739480834.6682477,32,-63,39
1739480834.7142477,-128,-96,-64
1739480834.7602477,5,-41,-20
1739480834.8052475,35,43,-65
1739480834.8512475,-21,-14,-114
1739480834.8972476,-51,-12,24
1739480834.9422476,7,-89,-69
1739480834.9882476,-39,-70,14
1739480835.0342476,-48,-142,-58
1739480835.0802476,12,39,57
1739480835.1252477,-76,-29,68
1739480835.1712475,57,53,-34
1739480835.2172475,-9,-106,-43
1739480835.2622476,-22,-118,13
1739480835.3082476,37,-53,-20
1739480835.3542476,17,7,-97
1739480835.4002476,-16,-87,5
1739480835.4452477,-10,-16,-151
1739480835.4912477,-62,57,-104
1739480835.5372477,50,-15,-13
1739480835.5822475,15,-54,-50
1739480835.6282475,42,5,52
1739480835.6742475,-47,-6,-33
1739480835.7202475,-32,-93,67
1739480835.7652476,-16,37,-6
1739480835.8112476,-12,33,-27
1739480835.8572476,22,-82,-114
1739480835.9022477,-102,-42,-165
1739480835.9482474,26,6,-97
1739480835.9942474,39,-28,-19
1739480836.0402474,-36,-47,-115
1739480836.0852475,97,-24,12
1739480836.1312475,36,44,-46
1739480836.1772475,12,36,33
1739480836.2222476,-40,-23,36
1739480836.2682476,19,-22,145
1739480836.3142476,43,138,5
1739480836.3602476,-9,-13,-34
1739480836.4052474,48,32,-110
1739480836.4512477,-32,-137,20
1739480836.4972477,-4,-57,1
1739480836.5422475,69,-180,-91
1739480836.5882475,-58,19,-75
1739480836.6342475,-35,-61,-65
1739480836.6802475,94,-26,-66
1739480836.7252476,0,56,-41
1739480836.7712476,56,-90,94
1739480836.8172476,54,26,-56
1739480836.8622477,27,12,-92
1739480836.9082477,104,-84,-15
1739480836.9542477,18,-116,42
1739480837.0002477,21,4,-18
1739480837.0452476,7,0,-1
1739480837.0912476,-27,-139,0
1739480837.1372476,10,-150,39
1739480837.1822476,30,-6,-14
1739480837.2282476,0,56,-83
1739480837.2742476,27,74,-28
1739480837.3202477,-42,-105,97
1739480837.3652475,-67,9,-113
1739480837.4112475,3,3,-18
1739480837.4572475,-17,-25,-146
1739480837.5022476,105,-82,-55
1739480837.5482476,-80,59,77
1739480837.5942476,-67,-57,-16
1739480837.6402476,10,-14,-37
1739480837.6852477,0,5,111
1739480837.7312477,-80,-65,-126
1739480837.7772477,-7,-95,22
1739480837.8222475,43,44,37
1739480837.8682475,55,-38,-12
1739480837.9142475,-4,-49,-80
1739480837.9602475,-27,13,20
1739480838.0052476,18,-54,-121
1739480838.0512476,1,50,-26
1739480838.0972476,53,-158,-94
1739480838.1422474,-34,-73,-58
1739480838.1882474,36,-12,-2
1739480838.2342474,-44,15,-83
1739480838.2802474,22,-54,-50
1739480838.3252475,-34,-23,3
1739480838.3712475,-8,-70,101
1739480838.4172475,18,0,-15
1739480838.4622476,33,-78,-21
1739480838.5082476,39,-98,-50
1739480838.5542476,-13,-67,-1
1739480838.6002476,54,-104,-2
1739480838.6452477,-4,-45,-82
1739480838.6912477,-13,-85,37
1739480838.7372477,47,-104,-66
1739480838.7822475,10,34,-10
1739480838.8282475,-50,-57,-94
1739480838.8742476,-21,-139,89
1739480838.9202476,-35,-53,49
1739480838.9652476,0,-147,31
1739480839.0112476,-45,3,28
1739480839.0572476,3,-73,0
1739480839.1022477,-41,-29,20
1739480839.1482477,-76,33,-9
1739480839.1942475,-26,71,-46
1739480839.2402475,-48,-102,-158
1739480839.2852476,-35,-13,-36
1739480839.3312476,70,-116,-143
1739480839.3772476,-26,35,-50
1739480839.4222476,12,-22,-255
1739480839.4682477,-20,-83,-52
1739480839.5142477,24,-18,-88
1739480839.5602477,4,127,-50
1739480839.6052475,-34,57,-82
1739480839.6512475,-14,-143,17
1739480839.6972475,-26,-33,24
1739480839.7422476,36,-35,-70
1739480839.7882476,-31,-91,-64
1739480839.8342476,57,-122,13
1739480839.8802476,12,22,-58
1739480839.9252477,27,-122,9
1739480839.9712474,4,-16,87
1739480840.0172474,-23,-63,-11
1739480840.0622475,-14,15,-104
1739480840.1082475,-82,1,-92
1739480840.1542475,52,-8,-70
1739480840.2002475,-105,-71,-2
1739480840.2452476,51,-78,-55
1739480840.2912476,45,-125,-16
1739480840.3372476,-22,-106,-63
1739480840.3822474,3,-50,-125
1739480840.4282477,-1,5,-37
1739480840.4742477,38,-158,-65
1739480840.5202477,-20,6,2
1739480840.5652475,54,-65,74
1739480840.6112475,26,32,-48
1739480840.6572475,35,-28,1
1739480840.7022476,0,15,-117
1739480840.7482476,-7,47,28
1739480840.7942476,-71,71,162
1739480840.8402476,-57,-185,-54
1739480840.8852477,13,-50,-148
1739480840.9312477,-78,-52,-95
1739480840.9772477,-12,40,8
1739480841.0222476,21,-23,-76
1739480841.0682476,61,37,-176
1739480841.1142476,-2,-93,-141
1739480841.1602476,17,-131,68
1739480841.2052476,-12,46,-15
1739480841.2512476,-16,-33,-57
1739480841.2972476,-62,-124,-24
1739480841.3422475,-26,42,51
1739480841.3882475,-9,-28,-140
1739480841.4342475,34,-111,10
1739480841.4802475,-58,2,-105
1739480841.5252476,80,53,-59
1739480841.5712476,-44,-117,-131
1739480841.6172476,-78,5,-84
1739480841.6622477,-27,-30,4
1739480841.7082477,-8,-145,29
1739480841.7542477,-40,-65,-55
1739480841.8052475,65,-114,78
1739480841.8512475,-44,-123,-161
1739480841.8972476,2,-114,-107
1739480841.9422476,-66,119,-35
1739480841.9882476,10,2,15
1739480842.0342476,87,-134,-64
1739480842.0802476,-12,-39,57
1739480842.1252477,19,8,-10
1739480842.1712475,-39,-1,-17
1739480842.2172475,-2,-112,-31
1739480842.2622476,-9,-73,62
1739480842.3082476,-5,77,12
1739480842.3542476,-9,-127,-11
1739480842.4002476,43,-38,-57
1739480842.4452477,-34,-129,-76
1739480842.4912477,2,-123,-62
1739480842.5372477,4,81,-38
1739480842.5822475,42,7,-129
1739480842.6282475,55,-53,-25
1739480842.6742475,45,37,-11
1739480842.7202475,3,-117,15
1739480842.7652476,-27,-42,-24
1739480842.8112476,25,-69,-36
1739480842.8572476,-104,-34,-90
1739480842.9022477,60,67,-42
1739480842.9482474,22,-45,132
1739480842.9942474,27,7,-7
1739480843.0402474,-59,-26,41
1739480843.0852475,-72,-64,-108
1739480843.1312475,27,49,-100
1739480843.1772475,79,-13,37
1739480843.2222476,-37,60,14
1739480843.2682476,-4,-4,-135
1739480843.3142476,50,9,-200
1739480843.3602476,-25,-86,-25
1739480843.4052474,-21,-62,-36
1739480843.4512477,-35,22,-17
1739480843.4972477,-105,-12,-121
1739480843.5422475,-28,-168,-14
1739480843.5882475,47,21,-125
1739480843.6342475,59,-25,-147
1739480843.6802475,47,-55,-86
1739480843.7252476,-59,-70,-32
1739480843.7712476,21,22,-105
1739480843.8172476,-7,-54,-115
1739480843.8622477,-68,28,39
1739480843.9082477,43,33,-14
1739480843.9542477,-68,-122,-52
1739480844.0002477,42,-63,98
1739480844.0452476,21,-44,-11
1739480844.0912476,59,-65,77
1739480844.1372476,16,-147,67
1739480844.1822476,-85,-64,69
1739480844.2282476,-6,-42,-111
1739480844.2742476,134,69,-17
1739480844.3202477,26,-1,17
1739480844.3652475,43,-7,14
1739480844.4112475,-68,-72,-9
1739480844.4572475,22,39,-108
1739480844.5022476,54,-91,21
1739480844.5482476,27,-148,-61
1739480844.5942476,19,-109,18
1739480844.6402476,-47,-80,-11
1739480844.6852477,-23,23,-51
1739480844.7312477,57,-33,-113
1739480844.7772477,-36,54,27
1739480844.8222475,-7,-68,-65
1739480844.8682475,19,-23,-85
1739480844.9142475,-115,-42,75
1739480844.9602475,-54,-40,-55
1739480845.0052476,27,49,-102
1739480845.0512476,-65,10,-17
1739480845.0972476,39,11,-96
1739480845.1422474,-27,-50,-8
1739480845.1882474,54,47,-13
1739480845.2342474,-48,-38,20
1739480845.2802474,-31,0,30
1739480845.3252475,70,-67,-65
1739480845.3712475,-41,-94,-64
1739480845.4172475,23,-58,15
1739480845.4622476,25,-38,0
1739480845.5082476,-37,-22,-35
1739480845.5542476,-30,-28,-125
1739480845.6002476,25,-74,3
1739480845.6452477,0,-47,-169
1739480845.6912477,98,41,-35
1739480845.7372477,34,-44,1
1739480845.7822475,-2,-139,-16
1739480845.8282475,52,25,-97
1739480845.8742476,-24,-40,-25
1739480845.9202476,-48,-42,-91
1739480845.9652476,19,-8,-95
1739480846.0112476,76,-129,-27
1739480846.0572476,140,-47,-138
1739480846.1022477,30,-34,24
1739480846.1482477,102,11,16
1739480846.1942475,-19,-166,-45
1739480846.2402475,47,45,-68
1739480846.2852476,-32,-48,-122
1739480846.3312476,48,-9,67
1739480846.3772476,-14,-66,105
1739480846.4222476,24,-73,91
1739480846.4682477,-5,59,12
1739480846.5142477,-39,-50,-31
1739480846.5602477,-109,-64,-85
1739480846.6052475,-3,2,-34
1739480846.6512475,0,-30,-76
1739480846.6972475,2,18,-32
1739480846.7422476,-103,12,-96
1739480846.7882476,35,-13,36
1739480846.8342476,-66,-52,-70
1739480846.8802476,-33,-16,-185
1739480846.9252477,-39,24,-85
1739480846.9712474,15,37,-9
1739480847.0172474,-72,-24,-7
1739480847.0622475,-58,-6,-41
1739480847.1082475,60,-111,76
1739480847.1542475,30,-113,-46
1739480847.2002475,82,-47,-8
1739480847.2452476,35,-71,30
1739480847.2912476,-9,-38,27
1739480847.3372476,-15,-70,-10
1739480847.3822474,-38,-62,25
1739480847.4282477,4,-22,-117
1739480847.4742477,-8,0,-76
1739480847.5202477,-54,56,38
1739480847.5652475,13,-35,-111
1739480847.6112475,3,52,-128
1739480847.6572475,-15,-54,-90
1739480847.7022476,29,-15,-127
1739480847.7482476,-64,-74,-69
1739480847.7942476,-10,-136,15
1739480847.8402476,-23,-42,-47
1739480847.8852477,0,85,-42
1739480847.9312477,-11,60,-17
1739480847.9772477,-1,-109,-5
1739480848.0222476,-126,68,-15
1739480848.0682476,-1,-33,58
1739480848.1142476,-65,-10,-86
1739480848.1602476,14,-36,24
1739480848.2052476,-83,28,-24
1739480848.2512476,-8,-74,0
1739480848.2972476,9,-69,-74
1739480848.3422475,15,-77,-40
1739480848.3882475,-64,-18,-38
1739480848.4342475,-34,-46,-15
1739480848.4802475,1,-28,-44
1739480848.5252476,112,117,4
1739480848.5712476,-45,-147,-52
1739480848.6172476,10,-163,-40
1739480848.6622477,15,-16,-84
1739480848.7082477,13,-54,-44
1739480848.7542477,68,80,-46
1739480848.8002477,-94,29,92
1739480848.8452475,-64,-35,-72
1739480848.8912475,-55,115,0
1739480848.9372475,45,-82,-79
1739480848.9822476,-40,-73,52
1739480849.0282476,57,48,38
1739480849.0742476,62,-40,-42
1739480849.1202476,101,-48,-158
1739480849.1652474,-47,-45,-45
1739480849.2112474,43,-6,-22
1739480849.2572474,28,-76,-12
1739480849.3022475,10,48,-34
1739480849.3482475,12,-30,-26
1739480849.3942475,-37,71,-104
1739480849.4402475,126,-24,-4
1739480849.4852476,8,5,-81
1739480849.5312476,-57,3,21
1739480849.5772476,-30,43,-122
1739480849.6222477,-67,25,-78
1739480849.6682477,24,-4,-12
1739480849.7142477,-19,-23,0
1739480849.7602477,-19,-41,-88
1739480849.8052475,27,-60,-86
1739480849.8512475,47,-70,22
1739480849.8972476,-20,-37,-15
1739480849.9422476,10,-50,45
1739480849.9882476,28,116,-76
1739480850.0342476,48,-152,-55
1739480850.0802476,-63,-73,-83
1739480850.1252477,14,76,-14
1739480850.1712475,43,-10,-56
1739480850.2172475,58,62,-24
1739480850.2622476,29,-174,42
1739480850.3082476,-54,11,-33
1739480850.3542476,40,-90,-117
1739480850.4002476,34,-48,-22
1739480850.4452477,-36,-133,-83
1739480850.4912477,-1,88,-60
1739480850.5372477,-24,-39,-70
1739480850.5822475,57,-70,-98
1739480850.6282475,46,-76,32
1739480850.6742475,50,-48,-1
1739480850.7202475,9,-68,11
1739480850.7652476,-17,0,-45
1739480850.8112476,24,-50,-50
1739480850.8572476,-60,3,-24
1739480850.9022477,-32,1,-42
1739480850.9482474,63,90,-53
1739480850.9942474,0,-22,-79
1739480851.0382476,-19,-50,24
1739480851.0842476,2,-98,-77
1739480851.1302476,-13,-8,6
1739480851.1762476,63,-1,-70
1739480851.2212474,24,-7,-102
1739480851.2672474,19,8,-81
1739480851.3132474,80,-53,6
1739480851.3582475,-86,80,-70
1739480851.4042475,-16,-74,66
1739480851.4502475,38,-3,-106
1739480851.4962475,-35,56,22
1739480851.5412476,2,-126,-87
1739480851.5872476,6,-137,-33
1739480851.6332476,-27,100,-77
1739480851.6782477,49,-55,-67
1739480851.7242477,13,-22,73
1739480851.7702477,-68,-104,-44
1739480851.8212476,-43,39,77
1739480851.8672476,-32,-35,-46
1739480851.9132476,53,-17,7
1739480851.9582477,94,1,16
1739480852.0042477,-36,-123,79
1739480852.0502477,-15,-37,-20
1739480852.0962474,-22,-54,153
1739480852.1412475,49,-9,34
1739480852.1872475,-79,23,-22
1739480852.2332475,18,-32,80
1739480852.2782476,-66,-43,-121
1739480852.3242476,-112,-133,-124
1739480852.3702476,-13,23,40
1739480852.4162476,4,21,-57
1739480852.4612474,9,-108,27
1739480852.5072474,-40,144,-56
1739480852.5532477,22,-91,-136
1739480852.5982475,52,-9,14
1739480852.6442475,-28,4,-117
1739480852.6902475,28,-41,-36
1739480852.7362475,8,31,-22
1739480852.7812476,-31,-8,-130
1739480852.8272476,-31,78,-41
1739480852.8732476,8,-19,-40
1739480852.9182477,39,-23,-58
1739480852.9642477,56,-117,-2
1739480853.0102477,77,-48,-11
1739480853.0552475,-15,139,-5
1739480853.1012475,13,-112,-114
1739480853.1472476,-105,31,-69
1739480853.1932476,-60,107,-85
1739480853.2382476,35,-25,-137
1739480853.2842476,47,-35,-24
1739480853.3302476,42,79,28
1739480853.3752477,37,-33,-36
1739480853.4212475,-33,-56,28
1739480853.4672475,10,-108,139
1739480853.5132475,47,-15,-64
1739480853.5582476,20,-55,-89
1739480853.6042476,-52,-14,-34
1739480853.6502476,16,33,-14
1739480853.6952477,43,-9,-11
1739480853.7412477,71,98,-3
1739480853.7872477,31,25,13
1739480853.8332477,-29,115,39
1739480853.8782475,38,56,103
1739480853.9242475,-41,-95,-76
1739480853.9702475,11,1,-66
1739480854.0152476,-6,-109,-15
1739480854.0612476,10,-43,-14
1739480854.1072476,54,47,-23
1739480854.1532476,-82,-65,38
1739480854.1982474,-40,27,-80
1739480854.2442474,42,-46,-14
1739480854.2902474,18,-17,26
1739480854.3352475,44,96,61
1739480854.3812475,32,-73,-127
1739480854.4272475,-6,-5,-94
1739480854.4732475,55,7,106
1739480854.5182476,-117,1,-109
1739480854.5642476,-6,-203,-44
1739480854.6102476,9,-36,73
1739480854.6552474,-27,-78,-62
1739480854.7012477,8,-170,0
1739480854.7472477,67,87,41
1739480854.7932477,-22,4,-76
1739480854.8392477,10,-89,-115
1739480854.8852477,17,-38,-61
1739480854.9312477,-29,-57,-35
1739480854.9772477,50,44,-48
1739480855.0222476,-47,5,-4
1739480855.0682476,43,-9,-112
1739480855.1142476,16,-107,-25
1739480855.1592476,-53,70,37
1739480855.2052476,6,-34,-127
1739480855.2512476,34,49,-65
1739480855.2972476,-14,6,-9
1739480855.3422475,-49,-85,-37
1739480855.3882475,-56,8,-108
1739480855.4342475,69,-156,-7
1739480855.4792476,11,59,-76
1739480855.5252476,-54,17,-104
1739480855.5712476,-84,7,-54
1739480855.6172476,-75,-119,-101
1739480855.6622477,32,23,-78
1739480855.7082477,-43,-58,-166
1739480855.7542477,36,-220,31
1739480855.7992475,13,-103,-76
1739480855.8452475,26,-84,-22
1739480855.8912475,-10,78,38
1739480855.9372475,44,-89,52
1739480855.9822476,-68,-54,-81
1739480856.0282476,-7,-74,81
1739480856.0742476,-7,1,-169
1739480856.1192474,-3,-23,-50
1739480856.1652474,-30,-32,-15
1739480856.2112474,56,23,-76
1739480856.2572474,-86,-114,5
1739480856.3022475,-28,-30,-68
1739480856.3482475,74,-5,-178
1739480856.3942475,65,7,-38
1739480856.4392476,-18,28,-70
1739480856.4852476,-80,-22,-57
1739480856.5312476,-17,-56,-23
1739480856.5772476,52,-9,-9
1739480856.6222477,-64,50,-42
1739480856.6682477,63,45,-103
1739480856.7142477,-12,-25,-5
1739480856.7592475,-38,30,97
1739480856.8052475,-31,-70,-12
1739480856.8512475,-14,-85,-66
1739480856.8972476,95,-125,-24
1739480856.9422476,17,-125,47
1739480856.9882476,-52,20,-22
1739480857.0342476,39,-25,-207
1739480857.0792477,80,11,-105
1739480857.1252477,6,-33,-145
1739480857.1712475,-43,-2,-76
1739480857.2172475,-51,-100,-71
1739480857.2622476,-65,14,-97
1739480857.3082476,49,-97,8
1739480857.3542476,-23,-18,-88
1739480857.3992476,40,37,-63
1739480857.4452477,10,54,39
1739480857.4912477,20,-155,12
1739480857.5372477,-51,-46,47
1739480857.5822475,-34,-49,-115
1739480857.6282475,2,-78,-168
1739480857.6742475,36,-16,1
1739480857.7192476,-42,25,82
1739480857.7652476,46,-128,57
1739480857.8112476,0,-30,1
1739480857.8572476,-18,-55,-62
1739480857.9022477,-65,-37,-201
1739480857.9482474,14,-18,7
1739480857.9942474,60,88,-65
1739480858.0392475,19,-70,-9
1739480858.0852475,5,-62,-65
1739480858.1312475,-54,30,107
1739480858.1772475,2,-131,-87
1739480858.2222476,-24,-128,-20
1739480858.2682476,59,-49,56
1739480858.3142476,68,45,13
1739480858.3592474,-47,-134,-43
1739480858.4052474,-21,-210,-61
1739480858.4512477,-64,-20,-30
1739480858.4972477,-36,46,-23
1739480858.5422475,11,13,-3
1739480858.5882475,-13,64,-27
1739480858.6342475,-36,-67,-36
1739480858.6792476,-75,-1,-59
1739480858.7252476,39,-80,23
1739480858.7712476,-15,-30,20
1739480858.8172476,43,-5,-48
1739480858.8622477,-27,-29,91
1739480858.9082477,-16,-154,-94
1739480858.9542477,2,-48,114
1739480858.9992476,-27,-126,2
1739480859.0452476,-25,44,-113
1739480859.0912476,-10,35,-7
1739480859.1372476,-65,10,-13
1739480859.1822476,-12,12,-3
1739480859.2282476,83,-8,4
1739480859.2742476,-19,-82,63
1739480859.3192475,-46,-45,8
1739480859.3652475,31,-24,0
1739480859.4112475,-63,-29,-24
1739480859.4572475,-67,-69,0
1739480859.5022476,-31,-38,-20
1739480859.5482476,-7,96,-30
1739480859.5942476,23,-32,-76
1739480859.6392477,28,-16,-121
1739480859.6852477,-42,2,-183
1739480859.7312477,-10,-72,-42
1739480859.7772477,63,-32,-43
1739480859.8222475,32,67,-84
1739480859.8682475,13,-87,-107
1739480859.9142475,2,44,0
1739480859.9592476,-16,-68,0
1739480860.0052476,-12,-100,14
1739480860.0512476,-25,14,-125
1739480860.0972476,-52,-56,-61
1739480860.1422474,15,-51,9
1739480860.1882474,13,-40,-119
1739480860.2342474,-5,-98,-124
1739480860.2792475,-70,-66,77
1739480860.3252475,-5,-167,13
1739480860.3712475,14,-13,-168
1739480860.4172475,25,-81,28
1739480860.4622476,33,-19,-58
1739480860.5082476,32,-11,-176
1739480860.5542476,-66,-134,-136
1739480860.5992477,-18,0,-72
1739480860.6452477,-92,-54,1
1739480860.6912477,8,-41,-13
1739480860.7372477,5,71,15
1739480860.7822475,-23,68,52
1739480860.8282475,57,17,-213
1739480860.8742476,-9,-48,63
1739480860.9192476,0,29,-100
1739480860.9652476,-51,-44,40
1739480861.0112476,35,112,-110
1739480861.0572476,-111,-82,-134
1739480861.1022477,45,21,-4
1739480861.1482477,-27,-48,16
1739480861.1942475,-69,-158,-23
1739480861.2392476,-67,114,-152
1739480861.2852476,59,-93,40
1739480861.3312476,-15,-78,-16
1739480861.3772476,-37,74,-21
1739480861.4222476,5,1,6
1739480861.4682477,-17,-32,44
1739480861.5142477,45,-75,-48
1739480861.5592475,-79,-60,4
1739480861.6052475,-2,9,0
1739480861.6512475,20,-80,20
1739480861.6972475,-53,-28,-17
1739480861.7422476,34,-71,-81
1739480861.7882476,-17,-80,-105
1739480861.8392477,-75,-170,-18
1739480861.8852477,24,23,-108
1739480861.9312477,-45,-40,-36
1739480861.9772477,-1,7,8
1739480862.0222476,27,55,-46
1739480862.0682476,30,-142,27
1739480862.1142476,-67,-60,-28
1739480862.1592476,-71,-24,-54
1739480862.2052476,-36,32,-88
1739480862.2512476,-43,28,-63
1739480862.2972476,-27,-46,-51
1739480862.3422475,-93,-58,-84
1739480862.3882475,27,70,54
1739480862.4342475,-39,-10,-96
1739480862.4792476,46,-85,96
1739480862.5252476,11,-42,-82
1739480862.5712476,-26,-22,-91
1739480862.6172476,34,13,-37
1739480862.6622477,-12,-42,-41
1739480862.7082477,32,25,-117
1739480862.7542477,-2,-81,-63
1739480862.7992475,14,-68,-86
1739480862.8452475,0,2,-80
1739480862.8912475,38,-104,-33
1739480862.9372475,50,-92,-229
1739480862.9822476,-30,91,-42
1739480863.0282476,-62,-69,60
1739480863.0742476,23,26,-75
1739480863.1192474,-11,-39,-32
1739480863.1652474,-24,-3,-37
1739480863.2112474,-32,-47,29
1739480863.2572474,-27,-131,-13
1739480863.3022475,0,0,-61
1739480863.3482475,-83,-19,-23
1739480863.3942475,-17,-64,-76
1739480863.4392476,0,-73,95
1739480863.4852476,-17,-11,34
1739480863.5312476,21,4,5
1739480863.5772476,20,-84,-184
1739480863.6222477,-26,-39,-75
1739480863.6682477,7,-50,35
1739480863.7142477,-27,-37,-57
1739480863.7592475,-16,-65,-72
1739480863.8052475,43,-6,-71
1739480863.8512475,-15,-43,71
1739480863.8972476,-44,37,15
1739480863.9422476,34,46,-21
1739480863.9882476,106,-12,123
1739480864.0342476,2,32,-26
1739480864.0792477,-59,87,-23
1739480864.1252477,32,-130,-99
1739480864.1712475,51,104,70
1739480864.2172475,20,-32,-112
1739480864.2622476,-40,65,11
1739480864.3082476,-60,-179,-48
1739480864.3542476,62,-70,-72
1739480864.3992476,7,-32,28
1739480864.4452477,-32,-119,-108
1739480864.4912477,7,-49,-3
1739480864.5372477,-53,-7,-60
1739480864.5822475,-26,39,-28
1739480864.6282475,76,-64,-95
1739480864.6742475,-21,-97,24
1739480864.7192476,-39,-122,69
1739480864.7652476,-22,3,-165
1739480864.8112476,15,-58,-15
1739480864.8572476,11,-10,-23
1739480864.9022477,4,-69,-15
1739480864.9482474,-48,-57,-25
1739480864.9942474,-73,-49,-77
1739480865.0392475,2,-86,-90
1739480865.0852475,-2,-29,39
1739480865.1312475,-8,-76,11
1739480865.1772475,14,0,-32
1739480865.2222476,-64,-77,-59
1739480865.2682476,-113,-55,44
1739480865.3142476,-3,2,-12
1739480865.3592474,6,77,-34
1739480865.4052474,8,106,18
1739480865.4512477,-66,0,-84
1739480865.4972477,-11,-99,-28
1739480865.5422475,-87,-42,-35
1739480865.5882475,4,71,-40
1739480865.6342475,-17,-114,-99
1739480865.6792476,38,-221,-88
1739480865.7252476,-27,-86,-140
1739480865.7712476,12,-112,-133
1739480865.8172476,0,31,-52
1739480865.8622477,45,-22,-86
1739480865.9082477,-14,-183,-66
1739480865.9542477,64,-48,-89
1739480865.9992476,-60,-97,-30
1739480866.0452476,-87,47,-49
1739480866.0912476,77,-11,-46
1739480866.1372476,15,44,-130
1739480866.1822476,16,-80,-26
1739480866.2282476,-68,-25,55
1739480866.2742476,-51,37,5
1739480866.3192475,43,-90,37
1739480866.3652475,10,-94,80
1739480866.4112475,18,-10,-126
1739480866.4572475,-15,27,-17
1739480866.5012476,35,-137,68
1739480866.5472476,-118,-25,-43
1739480866.5932477,10,-32,-12
1739480866.6382475,-77,39,26
1739480866.6842475,-15,22,-32
1739480866.7302475,-82,-90,41
1739480866.7752476,72,-85,-14
1739480866.8212476,52,-25,34
1739480866.8672476,34,-51,-17
1739480866.9132476,66,23,-73
1739480866.9582477,23,-167,-199
1739480867.0042477,7,-48,68
1739480867.0502477,55,-31,-38
1739480867.0952475,-24,20,-7
1739480867.1412475,52,75,28
1739480867.1872475,12,-38,-168
1739480867.2332475,-23,-43,22
1739480867.2782476,1,-50,-189
1739480867.3242476,-16,-30,57
1739480867.3702476,62,-23,-146
1739480867.4152474,3,38,41
1739480867.4612474,-57,70,33
1739480867.5072474,-4,-28,-44
1739480867.5532477,-96,-20,-57
1739480867.5982475,19,-8,-116
1739480867.6442475,26,23,-15
1739480867.6902475,55,-79,-16
1739480867.7352476,-29,-100,-78
1739480867.7812476,57,3,-25
1739480867.8272476,19,15,10
1739480867.8732476,48,-79,-80
1739480867.9182477,-41,-84,-124
1739480867.9642477,6,-48,50
1739480868.0102477,41,1,-80
1739480868.0552475,58,-91,-68
1739480868.1012475,67,73,0
1739480868.1472476,62,-137,17
1739480868.1932476,-19,-10,42
1739480868.2382476,-4,-58,-6
1739480868.2842476,74,17,23
1739480868.3302476,-20,2,39
1739480868.3752477,47,13,-110
1739480868.4212475,93,-177,6
1739480868.4672475,-8,43,-83
1739480868.5132475,-52,25,-42
1739480868.5582476,-43,-65,-97
1739480868.6042476,15,-36,-103
1739480868.6502476,36,29,24
1739480868.6952477,34,-19,-82
1739480868.7412477,-36,-12,-79
1739480868.7872477,-23,-133,-61
1739480868.8332477,-72,-92,23
1739480868.8782475,71,23,84
1739480868.9242475,16,15,-104
1739480868.9702475,-30,-81,9
1739480869.0152476,101,-125,0
1739480869.0612476,116,-39,19
1739480869.1072476,-10,-144,-3
1739480869.1532476,-15,-31,14
1739480869.1982474,27,8,10
1739480869.2442474,-6,-20,30
1739480869.2902474,-29,-24,-76
1739480869.3352475,27,-175,-163
1739480869.3812475,11,66,66
1739480869.4272475,22,-73,-95
1739480869.4732475,-8,-70,-2
1739480869.5182476,1,-58,106
1739480869.5642476,57,-1,-37
1739480869.6102476,-50,-50,-91
1739480869.6552474,22,-7,43
1739480869.7012477,-41,-84,44
1739480869.7472477,-41,-18,14
1739480869.7932477,-31,-18,-32
1739480869.8382475,93,0,-31
1739480869.8842475,18,33,-92
1739480869.9302475,37,-53,31
1739480869.9752476,-3,-18,-35
1739480870.0212476,73,-61,-45
1739480870.0672476,28,-45,-83
1739480870.1132476,25,-95,-96
1739480870.1582477,43,-91,60
1739480870.2042477,-9,-58,0
1739480870.2502477,78,19,52
1739480870.2952476,-29,-52,-52
1739480870.3412476,-15,109,-21
1739480870.3872476,0,18,52
1739480870.4332476,103,-43,-72
1739480870.4782476,-26,-90,80
1739480870.5242476,-62,24,45
1739480870.5702477,-45,-33,88
1739480870.6152475,14,28,-16
1739480870.6612475,41,8,57
1739480870.7072475,26,-105,0
1739480870.7532475,-44,-122,54
1739480870.7982476,104,-25,-192
1739480870.8442476,9,-55,15
1739480870.8902476,-8,-81,-17
1739480870.9352477,42,-110,12
1739480870.9812477,-44,27,-55
1739480871.0272477,29,33,-34
1739480871.0732474,11,90,26
1739480871.1182475,-42,28,-56
1739480871.1642475,-33,-140,-68
1739480871.2102475,30,41,0
1739480871.2552476,69,-125,47
1739480871.3012476,-6,-136,29
1739480871.3472476,-61,-52,37
1739480871.3932476,-13,-8,-30
1739480871.4382474,48,-171,-13
1739480871.4842474,-13,-51,-45
1739480871.5302474,-95,-35,-48
1739480871.5752475,16,-156,-42
1739480871.6212475,2,-32,3
1739480871.6672475,53,-14,-156
1739480871.7132475,-98,-21,-8
1739480871.7582476,39,46,-86
1739480871.8042476,23,-52,-36
1739480871.8552475,-44,-31,-53
1739480871.9012475,-60,-183,-166
1739480871.9472475,5,14,26
1739480871.9932475,-22,29,-36
1739480872.0382476,95,90,83
1739480872.0842476,8,28,16
1739480872.1302476,71,0,-168
1739480872.1752477,77,-3,-54
1739480872.2212474,37,-66,49
1739480872.2672474,4,-74,-83
1739480872.3132474,64,39,63
1739480872.3592474,-87,74,-26
1739480872.4052474,-60,-58,-55
1739480872.4512477,88,-21,-32
1739480872.4972477,9,45,0
1739480872.5422475,23,63,32
1739480872.5882475,30,-99,-100
1739480872.6342475,42,-31,-98
1739480872.6792476,-11,-154,53
1739480872.7252476,-63,-106,64
1739480872.7712476,-28,-14,-86
1739480872.8172476,-23,38,-116
1739480872.8622477,-25,-56,-49
1739480872.9082477,-25,43,29
1739480872.9542477,-16,-98,31
1739480872.9992476,72,-13,0
1739480873.0452476,12,-135,-40
1739480873.0912476,-76,6,50
1739480873.1372476,-88,-102,-72
1739480873.1822476,-14,-30,-33
1739480873.2282476,11,-47,50
1739480873.2742476,28,-31,-40
1739480873.3192475,24,-151,-42
1739480873.3652475,16,41,-41
1739480873.4112475,12,69,35
1739480873.4572475,-8,30,-44
1739480873.5022476,12,-3,-40
1739480873.5482476,-31,84,82
1739480873.5942476,-11,-55,-35
1739480873.6392477,1,-61,-106
1739480873.6852477,-3,-90,-35
1739480873.7312477,21,-11,-27
1739480873.7772477,-112,-2,-28
1739480873.8222475,0,20,-88
1739480873.8682475,30,-29,-41
1739480873.9142475,-34,-34,-109
1739480873.9592476,-37,128,-76
1739480874.0052476,68,21,-27
1739480874.0512476,-67,-174,11
1739480874.0972476,-21,-54,71
1739480874.1422474,22,-1,-10
1739480874.1882474,-7,-82,-17
1739480874.2342474,-26,-102,-33
1739480874.2792475,-58,-206,-36
1739480874.3252475,59,-107,3
1739480874.3712475,-97,26,17
1739480874.4172475,-30,-24,33
1739480874.4622476,-14,-12,78
1739480874.5082476,2,31,-5
1739480874.5542476,-62,-110,-90
1739480874.5992477,-72,-56,-141
1739480874.6452477,-33,-74,-14
1739480874.6912477,12,21,0
1739480874.7372477,-29,20,-4
1739480874.7822475,-17,6,-90
1739480874.8282475,-52,14,35
1739480874.8742476,-36,86,-11
1739480874.9192476,-21,102,10
1739480874.9652476,15,-133,-73
1739480875.0112476,7,-49,-6
1739480875.0572476,80,-53,78
1739480875.1022477,12,22,-123
1739480875.1482477,12,21,-32
1739480875.1942475,-10,-168,41
1739480875.2392476,-44,-114,-126
1739480875.2852476,86,-75,-166
1739480875.3312476,-76,-52,-106
1739480875.3772476,-99,20,-30
1739480875.4222476,-38,-136,147
1739480875.4682477,-5,-11,31
1739480875.5142477,-44,-152,-39
1739480875.5592475,89,-17,31
1739480875.6052475,-47,-2,-30
1739480875.6512475,48,15,-40
1739480875.6972475,-30,-104,-52
1739480875.7422476,6,-110,-82
1739480875.7882476,42,35,72
1739480875.8342476,14,9,-86
1739480875.8792477,-7,79,-10
1739480875.9252477,-15,-13,-61
1739480875.9712474,17,-67,25
1739480876.0172474,-16,-16,44
1739480876.0622475,-34,0,-46
1739480876.1082475,38,17,-36
1739480876.1542475,30,29,-31
1739480876.1992476,27,-55,-181
1739480876.2452476,-24,-38,-12
1739480876.2912476,77,19,20
1739480876.3372476,19,-141,-3
1739480876.3822474,25,19,-91
1739480876.4282477,11,23,26
1739480876.4742477,-56,-6,14
1739480876.5192475,-1,-36,-139
1739480876.5652475,55,-111,2
1739480876.6112475,-115,-136,-100
1739480876.6572475,-20,-14,2
1739480876.7022476,-35,-66,-60
1739480876.7482476,36,27,1
1739480876.7942476,0,-118,-116
1739480876.8392477,-19,-12,59
1739480876.8852477,-59,-61,-91
1739480876.9312477,38,-235,-17
1739480876.9772477,-88,-73,-75
1739480877.0222476,3,-50,19
1739480877.0682476,73,-98,-17
1739480877.1142476,-38,53,-65
1739480877.1592476,33,28,-13
1739480877.2052476,51,58,-76
1739480877.2512476,-38,-11,68
1739480877.2972476,-75,-131,-22
1739480877.3422475,8,14,58
1739480877.3882475,-35,19,3
1739480877.4342475,-8,21,3
1739480877.4792476,0,-85,-57
1739480877.5252476,-42,-59,-94
1739480877.5712476,54,112,-47
1739480877.6172476,-15,-101,-22
1739480877.6622477,-19,-58,3
1739480877.7082477,13,-66,-46
1739480877.7542477,34,-82,53
1739480877.7992475,-50,85,-203
1739480877.8452475,93,-64,-125
1739480877.8912475,5,7,138
1739480877.9372475,-72,-75,58
1739480877.9822476,26,-48,-30
1739480878.0282476,-20,-31,-20
1739480878.0742476,26,-56,0
1739480878.1192474,8,8,45
1739480878.1652474,83,16,19
1739480878.2112474,23,48,-14
1739480878.2572474,1,-130,-28
1739480878.3022475,-16,-91,12
1739480878.3482475,32,-6,-16
1739480878.3942475,2,-52,-31
1739480878.4392476,-14,-163,-78
1739480878.4852476,-47,-143,-127
1739480878.5312476,-61,-1,-59
1739480878.5772476,92,-78,2
1739480878.6222477,34,-138,-145
1739480878.6682477,-5,-107,-89
1739480878.7142477,-52,-99,32
1739480878.7592475,12,120,43
1739480878.8052475,-3,-7,-96
1739480878.8512475,18,-36,-50
1739480878.8972476,-20,-65,6
1739480878.9422476,-19,-125,27
1739480878.9882476,18,16,91
1739480879.0342476,52,-28,-87
1739480879.0792477,49,-168,4
1739480879.1252477,28,8,-4
1739480879.1712475,67,-86,27
1739480879.2172475,28,74,28
1739480879.2622476,-23,17,34
1739480879.3082476,83,24,-18
1739480879.3542476,12,9,-20
1739480879.3992476,-12,-31,-39
1739480879.4452477,32,34,56
1739480879.4912477,14,58,16
1739480879.5372477,-36,42,0
1739480879.5822475,43,2,-63
1739480879.6282475,-3,-97,7
1739480879.6742475,-16,-44,-5
1739480879.7192476,29,-16,-10
1739480879.7652476,-49,-49,-2
1739480879.8112476,-57,-71,-128
1739480879.8572476,19,1,53
1739480879.9022477,-10,-59,1
1739480879.9482474,-8,-22,54
1739480879.9942474,15,-56,-69
1739480880.0392475,7,-120,-207
1739480880.0852475,-59,15,-90
1739480880.1312475,35,132,-49
1739480880.1772475,18,-155,-159
1739480880.2222476,-38,11,-7
1739480880.2682476,15,-117,-23
1739480880.3142476,-50,-59,-131
1739480880.3592474,-37,0,-44
1739480880.4052474,21,14,4
1739480880.4512477,45,-52,-63
1739480880.4972477,-20,-9,-1
1739480880.5422475,-3,-3,-42
1739480880.5882475,10,-33,-20
1739480880.6342475,-22,0,-61
1739480880.6792476,44,-16,-61
1739480880.7252476,61,-86,-40
1739480880.7712476,-18,23,61
1739480880.8162477,-21,-119,2
1739480880.8622477,-9,-62,-13
1739480880.9082477,51,-75,-39
1739480880.9542477,-47,-44,-133
1739480880.9992476,-46,-63,-121
1739480881.0452476,21,12,-108
1739480881.0912476,-16,-15,22
1739480881.1372476,-25,0,-9
1739480881.1822476,-17,-59,-43
1739480881.2282476,51,44,222
1739480881.2742476,-47,51,-11
1739480881.3192475,-17,-43,-37
1739480881.3652475,57,-12,4
1739480881.4112475,-25,41,-16
1739480881.4572475,-17,-13,23
1739480881.5022476,30,-98,135
1739480881.5482476,-25,-23,-58
1739480881.5942476,66,-26,4
1739480881.6392477,-56,-51,-33
1739480881.6852477,65,46,-20
1739480881.7312477,-11,-47,26
1739480881.7772477,-17,-3,14
1739480881.8282475,-33,25,-15
1739480881.8742476,-7,-115,-21
1739480881.9192476,-43,-43,-90
1739480881.9652476,1,-48,-16
1739480882.0112476,-35,-35,-99
1739480882.0572476,-44,-17,8
1739480882.1022477,23,-4,-64
1739480882.1482477,-48,-31,71
1739480882.1942475,2,-200,-72
1739480882.2392476,0,-7,21
1739480882.2852476,-47,-23,-20
1739480882.3312476,-26,23,54
1739480882.3772476,-10,-141,84
1739480882.4222476,-141,43,24
1739480882.4672475,-81,17,-47
1739480882.5132475,-29,-53,-141
1739480882.5582476,-33,-17,-50
1739480882.6042476,-19,65,46
1739480882.6502476,17,20,-36
1739480882.6952477,40,18,-15
1739480882.7412477,37,-70,65
1739480882.7872477,23,-132,-59
1739480882.8332477,-67,-3,-52
1739480882.8782475,94,-52,-89
1739480882.9242475,23,-52,-13
1739480882.9702475,-67,-31,11
1739480883.0152476,85,-220,1
1739480883.0612476,-12,39,-53
1739480883.1072476,-71,-7,-69
1739480883.1532476,-20,-185,-12
1739480883.1982474,95,-10,3
1739480883.2442474,72,-36,-45
1739480883.2902474,3,60,-71
1739480883.3352475,32,-188,-83
1739480883.3812475,-16,27,-41
1739480883.4272475,-58,11,-65
1739480883.4732475,51,6,-199
1739480883.5182476,-83,-115,-35
1739480883.5642476,27,0,-8
1739480883.6102476,-22,-59,-38
1739480883.6552474,-17,-33,10
1739480883.7012477,70,-4,53
1739480883.7472477,1,-113,-170
1739480883.7932477,7,-88,-13
1739480883.8382475,21,10,-36
1739480883.8842475,-29,121,106
1739480883.9302475,50,-16,-146
1739480883.9752476,17,60,48
1739480884.0212476,-77,31,-16
1739480884.0672476,-68,-63,58
1739480884.1132476,-17,-43,-61
1739480884.1582477,-9,63,5
1739480884.2042477,46,10,-137
1739480884.2502477,-33,-55,34
1739480884.2952476,-9,-23,-55
1739480884.3412476,9,-69,-84
1739480884.3872476,25,23,-87
1739480884.4332476,-49,10,-94
1739480884.4782476,23,-137,-104
1739480884.5242476,26,7,-26
1739480884.5702477,-28,-44,-10
1739480884.6152475,40,-3,-103
1739480884.6612475,-54,-56,-78
1739480884.7072475,2,105,-64
1739480884.7522476,-31,-138,-104
1739480884.7982476,-8,-21,-92
1739480884.8442476,1,-38,6
1739480884.8902476,3,-86,47
1739480884.9352477,9,57,-20
1739480884.9812477,27,-36,57
1739480885.0272477,-7,-50,14
1739480885.0722475,20,72,-122
1739480885.1182475,11,-46,-52
1739480885.1642475,28,-84,-138
1739480885.2102475,-29,-109,-96
1739480885.2552476,-9,-107,-75
1739480885.3012476,-30,-39,-79
1739480885.3472476,29,48,-25
1739480885.3922474,-18,-3,-36
1739480885.4382474,6,39,-99
1739480885.4842474,47,-11,-48
1739480885.5302474,-39,42,-36
1739480885.5752475,-30,77,149
1739480885.6212475,10,-8,-204
1739480885.6672475,5,-130,71
1739480885.7122476,49,59,-137
1739480885.7582476,-1,-32,38
1739480885.8042476,21,-11,-86
1739480885.8502476,26,-113,-24
1739480885.8952477,-28,-66,-52
1739480885.9412477,27,0,-92
1739480885.9872477,-26,-84,-198
1739480886.0322475,-67,46,-83
1739480886.0782475,18,30,12
1739480886.1242476,39,5,57
1739480886.1702476,4,1,-52
1739480886.2152476,28,-59,83
1739480886.2612476,7,9,-18
1739480886.3072476,23,-149,43
1739480886.3522477,-3,-58,17
1739480886.3982477,98,-101,43
1739480886.4442475,-35,-146,62
1739480886.4902475,7,1,-39
1739480886.5352476,-86,-136,16
1739480886.5812476,46,7,-123
1739480886.6272476,50,-10,-116
1739480886.6722476,-8,38,-67
1739480886.7182477,11,-115,-47
1739480886.7642477,27,-140,-58
1739480886.8102477,-102,-84,-30
1739480886.8552475,9,-90,12
1739480886.9012475,51,19,28
1739480886.9472475,-52,42,5
1739480886.9922476,-31,-79,-48
1739480887.0382476,-1,-7,-4
1739480887.0842476,42,-49,7
1739480887.1302476,-3,-78,-56
1739480887.1752477,4,-4,-52
1739480887.2212474,12,-42,7
1739480887.2672474,53,-32,-73
1739480887.3122475,-63,-23,-89
1739480887.3582475,-77,-31,-49
1739480887.4042475,59,-101,6
1739480887.4502475,6,30,-34
1739480887.4952476,-6,-80,-46
1739480887.5412476,-64,16,60
1739480887.5872476,10,-99,82
1739480887.6322474,53,-89,-35
1739480887.6782477,135,119,-41
1739480887.7242477,19,-117,-68
1739480887.7702477,-15,-31,-84
1739480887.8152475,-90,-55,-88
1739480887.8612475,-50,53,-87
1739480887.9072475,48,-38,-129
1739480887.9522476,8,31,49
1739480887.9982476,14,-41,-57
1739480888.0442476,53,-36,78
1739480888.0902476,-3,-57,-64
1739480888.1352477,2,-5,29
1739480888.1812477,26,-14,0
1739480888.2272477,-58,-45,22
1739480888.2722476,-18,-37,29
1739480888.3182476,-13,-28,13
1739480888.3642476,-26,119,71
1739480888.4102476,-3,-33,37
1739480888.4552476,4,-18,89
1739480888.5012476,11,-22,-47
1739480888.5472476,-15,-67,2
1739480888.5922475,-32,-36,-41
1739480888.6382475,-24,22,-99
1739480888.6842475,1,42,-133
1739480888.7302475,37,-44,108
1739480888.7752476,-34,-82,-94
1739480888.8212476,-6,-78,-91
1739480888.8672476,30,-73,-112
1739480888.9122477,9,-51,78
1739480888.9582477,13,-39,4
1739480889.0042477,-28,44,-62
1739480889.0502477,42,-111,-22
1739480889.0952475,72,-87,-41
1739480889.1412475,23,-45,-102
1739480889.1872475,-43,-54,-27
1739480889.2322476,69,0,-35
1739480889.2782476,-59,-87,-188
1739480889.3242476,-58,-69,-61
1739480889.3702476,9,-23,48
1739480889.4152474,-13,101,-52
1739480889.4612474,-57,5,-42
1739480889.5072474,-6,-41,-57
1739480889.5522475,1,22,22
1739480889.5982475,-24,33,-33
1739480889.6442475,-39,77,-32
1739480889.6902475,-40,27,17
1739480889.7352476,37,-30,16
1739480889.7812476,43,2,-77
1739480889.8272476,90,76,-62
1739480889.8722477,-20,13,-120
1739480889.9182477,-23,-70,-78
1739480889.9642477,29,-25,8
1739480890.0102477,-16,-68,-9
1739480890.0552475,47,-25,12
1739480890.1012475,-42,-82,-75
1739480890.1472476,-30,-79,-2
1739480890.1922476,88,-18,-58
1739480890.2382476,53,-8,29
1739480890.2842476,101,-46,27
1739480890.3302476,-65,-49,-99
1739480890.3752477,-51,-47,-2
1739480890.4212475,-8,-14,28
1739480890.4672475,27,-34,-20
1739480890.5122476,-5,65,-58
1739480890.5582476,5,-82,-36
1739480890.6042476,19,-50,-39
1739480890.6502476,-78,11,-70
1739480890.6952477,-40,-9,-48
1739480890.7412477,-4,-20,6
1739480890.7872477,-8,0,1
1739480890.8322475,79,-70,34
1739480890.8782475,11,88,48
1739480890.9242475,66,-24,76
1739480890.9702475,-2,-110,-3
1739480891.0152476,8,-211,-41
1739480891.0612476,-5,-6,25
1739480891.1072476,-28,84,-106
1739480891.1522477,-12,-40,-89
1739480891.1982474,-9,-94,10
1739480891.2442474,43,-83,-76
1739480891.2902474,0,-154,-150
1739480891.3352475,33,-23,22
1739480891.3812475,6,54,-92
1739480891.4272475,-24,-36,-27
1739480891.4722476,-19,12,62
1739480891.5182476,60,7,-54
1739480891.5642476,2,-8,-148
1739480891.6102476,-14,3,71
1739480891.6552474,-31,98,32
1739480891.7012477,42,-27,-49
1739480891.7472477,7,-1,18
1739480891.7922475,20,5,57
1739480891.8442476,7,-44,19
1739480891.8902476,-6,-32,17
1739480891.9352477,52,-129,-56
1739480891.9812477,-11,20,23
1739480892.0272477,-50,52,-11
1739480892.0722475,8,21,16
1739480892.1182475,-9,18,-144
1739480892.1642475,12,43,-4
1739480892.2102475,118,-25,-77
1739480892.2552476,35,3,-91
1739480892.3012476,7,-61,-53
1739480892.3472476,91,-91,-94
1739480892.3922474,-32,-112,10
1739480892.4382474,-61,-29,58
1739480892.4842474,-7,-28,-11
1739480892.5302474,-38,-66,42
1739480892.5752475,53,5,17
1739480892.6212475,15,25,-93
1739480892.6672475,-64,-40,34
1739480892.7122476,-32,4,-196
1739480892.7582476,-23,-50,8
1739480892.8042476,-53,-84,-133
1739480892.8502476,7,-128,-37
1739480892.8952477,47,74,-99
1739480892.9412477,11,-162,-22
1739480892.9872477,-59,-44,-35
1739480893.0322475,-4,-66,-23
1739480893.0782475,5,65,-82
1739480893.1242476,-46,68,-40
1739480893.1702476,-55,-144,21
1739480893.2152476,3,-74,-74
1739480893.2612476,17,-116,-100
1739480893.3072476,6,-70,-42
1739480893.3522477,18,-35,-11
1739480893.3982477,-14,-110,-108
1739480893.4442475,63,-79,-3
1739480893.4902475,-1,90,-173
1739480893.5352476,40,-47,-84
1739480893.5812476,6,-192,-78
1739480893.6272476,-14,-42,-4
1739480893.6722476,-79,-60,43
1739480893.7182477,-22,-100,-28
1739480893.7642477,-95,-14,68
1739480893.8102477,-33,54,-15
1739480893.8552475,67,19,-34
1739480893.9012475,15,-17,-79
1739480893.9472475,-50,-70,-21
1739480893.9922476,-39,74,32
1739480894.0382476,42,-27,-12
1739480894.0842476,-24,14,-100
1739480894.1302476,34,-67,-65
1739480894.1752477,13,-29,-133
1739480894.2212474,82,61,-111
1739480894.2672474,-10,-12,-40
1739480894.3122475,-91,-26,-125
1739480894.3582475,-29,-74,-170
1739480894.4042475,19,-119,-100
1739480894.4502475,71,-47,17
1739480894.4952476,33,25,-124
1739480894.5412476,5,73,-30
1739480894.5872476,-2,-43,-134
1739480894.6322474,37,-11,38
1739480894.6782477,7,-43,102
1739480894.7242477,-47,-32,-117
1739480894.7702477,79,59,-21
1739480894.8152475,-30,44,33
1739480894.8612475,10,-99,-89
1739480894.9072475,-82,22,136
1739480894.9522476,-23,-72,-21
1739480894.9982476,-74,26,-127
1739480895.0442476,41,35,-1
1739480895.0902476,30,-88,-43
1739480895.1352477,38,-43,16
1739480895.1812477,52,-51,14
1739480895.2272477,17,-95,72
1739480895.2722476,-77,-33,-72
1739480895.3182476,-23,-87,-13
1739480895.3642476,21,54,-67
1739480895.4102476,-28,3,-50
1739480895.4552476,-26,17,-3
1739480895.5012476,33,-134,-40
1739480895.5472476,-20,-97,-4
1739480895.5922475,86,-100,-14
1739480895.6382475,-18,-30,10
1739480895.6842475,17,-186,-47
1739480895.7302475,-48,8,-63
1739480895.7752476,-37,-98,-55
1739480895.8212476,21,-79,-165
1739480895.8672476,42,-35,38
1739480895.9122477,-42,-12,-86
1739480895.9582477,-8,3,-29
1739480896.0042477,-9,26,36
1739480896.0502477,-43,-30,-30
1739480896.0952475,-1,-110,-131
1739480896.1412475,59,-23,-94
1739480896.1872475,39,-17,66
1739480896.2322476,26,30,-54
1739480896.2782476,-1,-27,-14
1739480896.3242476,-104,64,-83
1739480896.3702476,82,35,39
1739480896.4152474,-17,-136,-42
1739480896.4612474,100,-98,15
1739480896.5072474,-21,-29,-27
1739480896.5522475,-1,25,-67
1739480896.5982475,-34,-51,2
1739480896.6442475,-7,-11,-93
1739480896.6902475,-97,-27,-85
1739480896.7352476,-27,-73,16
1739480896.7812476,-34,-95,-68
1739480896.8272476,-16,-31,-48
1739480896.8722477,34,-135,-24
1739480896.9182477,16,187,3
1739480896.9642477,-6,18,-90
1739480897.0102477,-37,-57,-51
1739480897.0552475,19,-115,-4
1739480897.1012475,28,-107,-76
1739480897.1472476,63,-153,-62
1739480897.1922476,12,-125,-126
1739480897.2382476,27,-51,20
1739480897.2842476,-9,-134,-53
1739480897.3302476,-21,-68,7
1739480897.3752477,30,-105,-10
1739480897.4212475,-16,141,23
1739480897.4672475,38,18,-161
1739480897.5122476,-55,-83,115
1739480897.5582476,-49,-21,-162
1739480897.6042476,-1,1,-116
1739480897.6502476,-19,-118,-52
1739480897.6952477,-13,41,-34
1739480897.7412477,22,18,-56
1739480897.7872477,-55,-15,-23
1739480897.8322475,54,-101,-134
1739480897.8782475,46,-61,-61
1739480897.9242475,64,5,-106
1739480897.9702475,41,-165,-61
1739480898.0152476,-33,-72,-115
1739480898.0612476,23,-126,-99
1739480898.1072476,-56,66,-19
1739480898.1522477,-17,-48,-28
1739480898.1982474,-26,-42,48
1739480898.2442474,-133,-108,33
1739480898.2902474,-30,78,2
1739480898.3352475,-21,23,30
1739480898.3812475,-46,-52,-79
1739480898.4272475,95,21,-22
1739480898.4722476,9,-25,1
1739480898.5182476,-5,-31,25
1739480898.5642476,15,-23,-98
1739480898.6102476,29,-51,-18
1739480898.6552474,11,-93,-2
1739480898.7012477,34,45,7
1739480898.7472477,-50,-82,-72
1739480898.7922475,43,-23,38
1739480898.8382475,-12,-57,6
1739480898.8842475,33,-241,-175
1739480898.9302475,10,-11,-8
1739480898.9752476,59,-53,-33
1739480899.0212476,14,-172,75
1739480899.0672476,-17,-50,-79
1739480899.1122477,-19,-18,-60
1739480899.1582477,-81,104,-27
1739480899.2042477,49,-21,-82
1739480899.2502477,31,-21,-112
1739480899.2952476,32,-51,30
1739480899.3412476,-10,-70,18
1739480899.3872476,-4,-76,-24
1739480899.4322476,43,-13,-37
1739480899.4782476,17,-72,-99
1739480899.5242476,51,87,-44
1739480899.5702477,4,26,-133
1739480899.6152475,-21,84,-33
1739480899.6612475,-5,41,-95
1739480899.7072475,-57,0,-24
1739480899.7522476,45,-21,-2
1739480899.7982476,31,-27,18
1739480899.8442476,-20,-56,-55
1739480899.8902476,-50,-20,-102
1739480899.9352477,11,1,-136
1739480899.9812477,-27,66,4
1739480900.0272477,-25,-32,3
1739480900.0722475,-9,-6,-16
1739480900.1182475,-24,-48,12
1739480900.1642475,24,1,4
1739480900.2102475,70,-21,-67
1739480900.2552476,48,-144,-126
1739480900.3012476,-11,-30,-90
1739480900.3472476,1,-88,-35
1739480900.3922474,-7,76,-16
1739480900.4382474,97,8,-27
1739480900.4842474,30,-64,-55
1739480900.5302474,31,26,-104
1739480900.5752475,-10,-11,-86
1739480900.6212475,-63,61,-133
1739480900.6672475,-18,-37,-51
1739480900.7122476,31,62,-108
1739480900.7582476,39,-20,40
1739480900.8042476,30,-25,20
1739480900.8502476,55,-119,127
1739480900.8952477,11,-66,34
1739480900.9412477,-40,-113,89
1739480900.9872477,-10,-13,-14
1739480901.0322475,2,20,55
1739480901.0782475,-57,-8,-15
1739480901.1242476,3,-154,-22
1739480901.1702476,-27,-18,45
1739480901.2152476,-71,26,25
1739480901.2612476,39,43,-46
1739480901.3072476,-40,94,-8
1739480901.3522477,-22,-36,20
1739480901.3982477,1,-52,-100
1739480901.4442475,77,-61,-15
1739480901.4902475,-89,-162,-125
1739480901.5352476,30,-69,-121
1739480901.5812476,-9,38,29
1739480901.6272476,113,-89,20
1739480901.6722476,-33,-44,-41
1739480901.7182477,39,47,79
1739480901.7642477,59,37,-40
1739480901.8102477,41,-97,62
1739480901.8612475,26,-25,-28
1739480901.9072475,29,-41,-74
1739480901.9522476,35,43,-38
1739480901.9982476,-36,-115,-12
1739480902.0442476,21,-41,-37
1739480902.0902476,-10,106,-134
1739480902.1352477,109,-38,60
1739480902.1812477,-35,-41,-47
1739480902.2272477,-82,-127,-31
1739480902.2722476,-18,2,39
1739480902.3182476,-51,-47,-83
1739480902.3642476,10,12,-107
1739480902.4102476,63,-64,-19
1739480902.4552476,-48,-35,88
1739480902.5012476,34,8,47
1739480902.5472476,25,20,-148
1739480902.5922475,-58,0,18
1739480902.6382475,-5,97,-134
1739480902.6842475,35,32,13
1739480902.7302475,36,-76,-8
1739480902.7752476,5,-8,-47
1739480902.8212476,-8,56,13
1739480902.8672476,41,-108,-31
1739480902.9122477,5,-61,114
1739480902.9582477,-36,-133,-24
1739480903.0042477,68,-60,29
1739480903.0502477,-22,-65,21
1739480903.0952475,-31,0,-92
1739480903.1412475,13,36,12
1739480903.1872475,14,-56,-15
1739480903.2322476,131,-114,14
1739480903.2782476,4,-59,15
1739480903.3242476,-38,-59,-19
1739480903.3702476,-1,-130,13
1739480903.4152474,-56,25,-47
1739480903.4612474,17,-8,60
1739480903.5072474,-29,-57,110
1739480903.5522475,36,-100,-102
1739480903.5982475,-51,59,-100
1739480903.6442475,-19,3,-24
1739480903.6902475,-2,-73,-161
1739480903.7352476,40,-170,-50
1739480903.7812476,-67,87,-65
1739480903.8272476,-30,63,-52
1739480903.8722477,-55,9,44
1739480903.9182477,32,22,-5
1739480903.9642477,59,-124,-153
1739480904.0102477,10,-50,34
1739480904.0552475,-58,-13,44
1739480904.1012475,43,-60,-125
1739480904.1472476,6,130,-11
1739480904.1922476,-30,19,-39
1739480904.2382476,2,-57,-86
1739480904.2842476,32,48,15
1739480904.3302476,25,81,-79
1739480904.3752477,-77,24,28
1739480904.4212475,1,-76,71
1739480904.4672475,-22,-116,29
1739480904.5122476,-90,56,-60
1739480904.5582476,16,-47,17
1739480904.6042476,22,-93,51
1739480904.6502476,88,23,-161
1739480904.6952477,29,-145,-151
1739480904.7412477,-38,60,96
1739480904.7872477,24,31,-27
1739480904.8322475,11,27,-27
1739480904.8782475,-64,-82,-57
1739480904.9242475,84,-40,-75
1739480904.9702475,-12,-47,-34
1739480905.0152476,-67,43,72
1739480905.0612476,19,76,-52
1739480905.1072476,-3,-6,-23
1739480905.1522477,-36,69,30
1739480905.1982474,26,-26,-65
1739480905.2442474,0,-116,-32
1739480905.2902474,5,-20,-100
1739480905.3352475,10,103,37
1739480905.3812475,-95,-73,-111
1739480905.4272475,14,-39,-150
1739480905.4722476,-85,-79,-107
1739480905.5182476,-8,9,50
1739480905.5642476,13,44,-64
1739480905.6102476,53,82,61
1739480905.6552474,-67,52,-5
1739480905.7012477,43,-18,-24
1739480905.7472477,-81,-62,-30
1739480905.7922475,4,42,-24
1739480905.8382475,0,-36,-28
1739480905.8842475,39,10,-47
1739480905.9302475,-75,57,-16
1739480905.9752476,-27,-43,41
1739480906.0212476,15,-80,23
1739480906.0672476,-7,8,-176
1739480906.1122477,-14,-99,-25
1739480906.1582477,-60,-41,56
1739480906.2042477,-40,-51,35
1739480906.2502477,-106,-69,-11
1739480906.2952476,-41,11,-95
1739480906.3412476,53,122,-52
1739480906.3872476,11,-99,-5
1739480906.4322476,-6,-110,23
1739480906.4782476,-17,-102,78
1739480906.5242476,20,12,-145
1739480906.5702477,-1,-107,-69
1739480906.6152475,-33,-71,-48
1739480906.6612475,-60,-15,-95
1739480906.7072475,15,-46,29
1739480906.7522476,13,-4,73
1739480906.7982476,12,-72,-89
1739480906.8442476,-40,64,-53
1739480906.8902476,16,40,-92
1739480906.9352477,63,3,18
1739480906.9812477,54,-23,14
1739480907.0272477,-24,-118,-38
1739480907.0712476,74,29,-37
1739480907.1172476,-26,-80,-58
1739480907.1632476,12,75,70
1739480907.2082477,-15,-82,-156
1739480907.2542477,-18,55,-77
1739480907.3002477,-9,-56,-120
1739480907.3462474,-11,-102,92
1739480907.3912475,27,9,3
1739480907.4372475,-6,-87,15
1739480907.4832475,34,44,11
1739480907.5282476,13,-64,-40
1739480907.5742476,42,64,-108
1739480907.6202476,-42,-79,0
1739480907.6662476,-28,-38,21
1739480907.7112474,-30,41,-103
1739480907.7572474,36,-90,1
1739480907.8032477,9,-15,-7
1739480907.8482475,31,2,-83
1739480907.8942475,-8,-43,-1
1739480907.9402475,-2,53,-48
1739480907.9862475,28,11,9
1739480908.0312476,11,-90,-13
1739480908.0772476,-8,-41,-38
1739480908.1232476,-1,-33,-50
1739480908.1682477,104,45,17
1739480908.2142477,-17,-130,-92
1739480908.2602477,-123,-36,-31
1739480908.3062477,13,-143,-35
1739480908.3512475,-65,-72,-118
1739480908.3972476,46,29,5
1739480908.4432476,89,0,-47
1739480908.4882476,29,-30,-34
1739480908.5342476,15,-124,-34
1739480908.5802476,-18,-56,-110
1739480908.6262476,29,27,32
1739480908.6712475,31,-24,-103
1739480908.7172475,-41,-133,66
1739480908.7632475,-116,49,-75
1739480908.8082476,99,-86,0
1739480908.8542476,7,14,87
1739480908.9002476,84,21,43
1739480908.9462476,35,50,-104
1739480908.9912477,27,-50,-34
1739480909.0372477,-65,-25,60
1739480909.0832477,32,-37,84
1739480909.1282475,73,-81,22
1739480909.1742475,-28,-13,-7
1739480909.2202475,65,-35,59
1739480909.2662475,19,-23,-39
1739480909.3112476,-6,-11,56
1739480909.3572476,39,-49,-6
1739480909.4032476,-31,-14,-85
1739480909.4482474,-33,15,-114
1739480909.4942474,-1,39,-157
1739480909.5402474,5,56,6
1739480909.5862474,4,-38,-11
1739480909.6312475,89,-48,-87
1739480909.6772475,-26,16,-51
1739480909.7232475,-28,-18,-25
1739480909.7682476,-14,-51,-25
1739480909.8142476,2,22,-18
1739480909.8602476,-4,-76,-70
1739480909.9062476,5,-186,-12
1739480909.9512477,3,-37,103
1739480909.9972477,-64,-52,7
1739480910.0432477,-72,4,29
1739480910.0882475,-55,-40,-66
1739480910.1342475,40,-99,-10
1739480910.1802475,36,67,-117
1739480910.2262475,163,-49,2
1739480910.2712476,49,-49,-50
1739480910.3172476,-65,-112,-16
1739480910.3632476,-92,-20,-31
1739480910.4082477,29,-2,-14
1739480910.4542477,66,3,-49
1739480910.5002477,54,-39,-24
1739480910.5462475,-41,-12,-136
1739480910.5912476,-49,-34,-66
1739480910.6372476,14,75,79
1739480910.6832476,-98,-14,-70
1739480910.7282476,-48,0,12
1739480910.7742476,2,41,66
1739480910.8202477,-17,10,-90
1739480910.8662477,44,15,-7
1739480910.9112475,76,41,-17
1739480910.9572475,-50,-26,-68
1739480911.0032475,77,-23,10
1739480911.0482476,-10,-75,0
1739480911.0942476,20,-79,16
1739480911.1402476,-157,54,-92
1739480911.1862476,22,69,-54
1739480911.2312477,-7,-32,12
1739480911.2772477,6,-15,-101
1739480911.3232474,-29,-26,-173
1739480911.3682475,52,-113,-84
1739480911.4142475,0,-23,-19
1739480911.4602475,5,62,1
1739480911.5062475,15,-145,18
1739480911.5512476,-119,-50,-13
1739480911.5972476,-10,-40,54
1739480911.6432476,29,-71,42
1739480911.6882474,-16,6,-48
1739480911.7342474,68,22,-84
1739480911.7802474,-4,-81,46
1739480911.8262477,-4,-47,-108
1739480911.8772476,-23,-3,31
1739480911.9232476,5,-24,47
1739480911.9682477,-55,-129,-103
1739480912.0142477,6,-21,-36
1739480912.0602477,39,-18,33
1739480912.1062477,-24,-80,14
1739480912.1512475,41,-2,-78
1739480912.1972475,-49,-77,12
1739480912.2432475,45,-38,-111
1739480912.2882476,54,-54,-164
1739480912.3342476,64,-28,-22
1739480912.3802476,65,14,-8
1739480912.4262476,11,-73,51
1739480912.4712474,54,-80,-67
1739480912.5172474,48,-164,-24
1739480912.5632474,41,-2,0
1739480912.6082475,0,64,-41
1739480912.6542475,-30,-66,-53
1739480912.7002475,-47,-57,-35
1739480912.7462475,26,-56,83
1739480912.7912476,12,-73,13
1739480912.8372476,-39,-9,1
1739480912.8832476,46,-2,-8
1739480912.9282477,-75,-133,68
1739480912.9742477,-33,37,-146
1739480913.0202477,-81,-33,86
1739480913.0662477,65,58,-94
1739480913.1112475,-36,-48,-133
1739480913.1572475,-34,-32,-113
1739480913.2032475,73,-138,2
1739480913.2482476,-85,-7,20
1739480913.2942476,34,-128,30
1739480913.3402476,0,6,-122
1739480913.3862476,3,-58,106
1739480913.4312477,23,-41,1
1739480913.4772477,-24,-65,82
1739480913.5232477,2,-67,-71
1739480913.5682476,55,64,16
1739480913.6142476,81,-66,-66
1739480913.6602476,-5,-181,-48
1739480913.7062476,-18,-12,-27
1739480913.7512476,-116,-23,-79
1739480913.7972476,-46,-51,45
1739480913.8432477,-7,-148,-18
1739480913.8882475,-51,-81,-99
1739480913.9342475,64,20,-61
1739480913.9802475,-94,-9,163
1739480914.0262475,14,-62,-61
1739480914.0712476,-59,63,-108
1739480914.1172476,46,136,32
1739480914.1632476,-19,-20,7
1739480914.2082477,-30,1,-71
1739480914.2542477,-9,69,85
1739480914.3002477,85,-156,48
1739480914.3462474,-52,3,10
1739480914.3912475,-20,3,67
1739480914.4372475,-30,-115,8
1739480914.4832475,-31,-5,-93
1739480914.5282476,7,40,66
1739480914.5742476,108,-118,56
1739480914.6202476,-31,-53,84
1739480914.6662476,-4,4,-35
1739480914.7112474,34,-62,-3
1739480914.7572474,-45,-31,-35
1739480914.8032477,-2,-49,24
1739480914.8482475,24,-82,-57
1739480914.8942475,-66,-101,0
1739480914.9402475,-50,61,-79
1739480914.9862475,5,-114,-74
1739480915.0312476,-42,-31,-84
1739480915.0772476,-26,23,68
1739480915.1232476,-97,-31,-38
1739480915.1682477,-36,43,21
1739480915.2142477,46,32,30
1739480915.2602477,-76,-57,6
1739480915.3062477,36,-78,-23
1739480915.3512475,-13,-7,-101
1739480915.3972476,-13,0,40
1739480915.4432476,31,34,-3
1739480915.4882476,-27,7,-76
1739480915.5342476,29,0,53
1739480915.5802476,-25,-133,-48
1739480915.6262476,-7,13,50
1739480915.6712475,51,-108,-70
1739480915.7172475,-62,-57,-85
1739480915.7632475,18,-8,132
1739480915.8082476,-26,-63,-186
1739480915.8542476,59,-64,-18
1739480915.9002476,60,-170,6
1739480915.9452477,5,22,-24
1739480915.9912477,-26,-75,-59
1739480916.0372477,6,-61,-28
1739480916.0832477,4,-83,-89
1739480916.1282475,-73,65,-29
1739480916.1742475,15,-26,95
1739480916.2202475,23,-58,-5
1739480916.2652476,-43,-5,-78
1739480916.3112476,37,-70,-23
1739480916.3572476,-42,-29,5
1739480916.4032476,13,82,7
1739480916.4482474,-47,-51,-13
1739480916.4942474,-93,-17,-58
1739480916.5402474,-101,-19,0
1739480916.5852475,-77,-11,-22
1739480916.6312475,98,-110,-55
1739480916.6772475,33,51,-68
1739480916.7232475,-20,28,1
1739480916.7682476,19,35,19
1739480916.8142476,-117,-28,136
1739480916.8602476,17,49,-38
1739480916.9052474,14,-156,2
1739480916.9512477,-8,-84,-4
1739480916.9972477,-37,5,84
1739480917.0432477,-38,-113,-26
1739480917.0882475,-59,-69,-52
1739480917.1342475,3,54,-32
1739480917.1802475,-6,-89,-128
1739480917.2252476,106,-62,-99
1739480917.2712476,-37,-113,-81
1739480917.3172476,13,13,3
1739480917.3632476,-34,-67,61
1739480917.4082477,24,9,-109
1739480917.4542477,-35,8,-34
1739480917.5002477,-10,18,49
1739480917.5452476,28,11,-60
1739480917.5912476,-40,-78,-64
1739480917.6372476,35,-73,-52
1739480917.6832476,57,-119,-73
1739480917.7282476,-32,-81,56
1739480917.7742476,-17,37,-63
1739480917.8202477,28,-144,-40
1739480917.8652475,63,-10,-37
1739480917.9112475,-19,-19,-80
1739480917.9572475,-2,-59,-102
1739480918.0032475,-29,-97,10
1739480918.0482476,-96,-63,121
1739480918.0942476,3,0,-34
1739480918.1402476,26,-103,20
1739480918.1852477,-14,61,13
1739480918.2312477,-30,-4,-91
1739480918.2772477,52,-5,31
1739480918.3232474,-10,-44,-68
1739480918.3682475,39,-25,-25
1739480918.4142475,51,-117,-126
1739480918.4602475,11,-5,-43
1739480918.5052476,-49,-98,1
1739480918.5512476,-2,24,11
1739480918.5972476,55,45,-31
1739480918.6432476,27,23,-17
1739480918.6882474,11,38,-51
1739480918.7342474,0,-52,-13
1739480918.7802474,53,-45,33
1739480918.8252475,28,68,-16
1739480918.8712475,107,-141,-138
1739480918.9172475,25,-113,67
1739480918.9632475,0,-37,-153
1739480919.0082476,72,-101,-53
1739480919.0542476,-74,-6,-63
1739480919.1002476,29,71,17
1739480919.1452477,4,-131,-2
1739480919.1912477,78,-13,-26
1739480919.2372477,2,-108,46
1739480919.2832477,54,-21,-55
1739480919.3282475,24,19,-71
1739480919.3742476,-62,-160,-173
1739480919.4202476,8,-58,-90
1739480919.4652476,36,-23,-10
1739480919.5112476,29,125,-86
1739480919.5572476,-17,-81,99
1739480919.6032476,-64,-68,-143
1739480919.6482477,33,-43,70
1739480919.6942475,17,8,-1
1739480919.7402475,29,17,14
1739480919.7852476,14,-11,-38
1739480919.8312476,-72,-96,-10
1739480919.8772476,8,-45,-3
1739480919.9232476,-8,22,6
1739480919.9682477,-31,-162,-100
1739480920.0142477,9,-22,36
1739480920.0602477,73,113,108
1739480920.1052475,2,4,129
1739480920.1512475,-96,10,-95
1739480920.1972475,2,50,-116
1739480920.2432475,89,47,-43
1739480920.2882476,-30,59,-87
1739480920.3342476,-33,47,-71
1739480920.3802476,-64,-161,-103
1739480920.4252477,30,-138,-7
1739480920.4712474,29,-20,-31
1739480920.5172474,82,-62,-41
1739480920.5632474,6,82,-142
1739480920.6082475,-13,-1,-99
1739480920.6542475,56,-38,-46
1739480920.7002475,-105,75,-23
1739480920.7452476,9,64,0
1739480920.7912476,-1,-79,113
1739480920.8372476,-21,-1,-68
1739480920.8832476,-56,-107,81
1739480920.9282477,85,-106,-94
1739480920.9742477,-33,-77,4
1739480921.0202477,31,-110,37
1739480921.0652475,-30,-11,3
1739480921.1112475,33,40,107
1739480921.1572475,-7,-123,-32
1739480921.2032475,58,2,-128
1739480921.2482476,-26,-104,-29
1739480921.2942476,-16,-65,-38
1739480921.3402476,-1,15,-19
1739480921.3852477,21,52,-31
1739480921.4312477,-32,-13,-4
1739480921.4772477,-3,-68,42
1739480921.5232477,-123,-33,-81
1739480921.5682476,8,6,0
1739480921.6142476,6,-74,-104
1739480921.6602476,-16,-87,-3
1739480921.7052476,39,-16,-76
1739480921.7512476,49,40,-124
1739480921.7972476,57,14,-26
1739480921.8432477,-54,13,-24
1739480921.8942475,11,-78,-74
1739480921.9402475,-62,-11,-85
1739480921.9852476,30,-61,-136
1739480922.0312476,-37,36,-78
1739480922.0772476,22,0,-53
1739480922.1232476,26,-61,-91
1739480922.1682477,-42,-15,-91
1739480922.2142477,8,21,3
1739480922.2602477,16,-38,18
1739480922.3052475,50,-21,-4
1739480922.3512475,-80,-84,-10
1739480922.3972476,-12,12,-139
1739480922.4432476,-34,4,7
1739480922.4882476,-5,31,-22
1739480922.5342476,-2,74,-97
1739480922.5802476,-37,55,0
1739480922.6252477,-56,33,-8
1739480922.6712475,80,-88,21
1739480922.7172475,-74,13,-81
1739480922.7632475,5,-46,-23
1739480922.8082476,14,-148,-40
1739480922.8542476,82,58,-97
1739480922.9002476,29,-36,-22
1739480922.9452477,40,-148,-64
1739480922.9912477,-16,27,-16
1739480923.0372477,-70,-103,-256
1739480923.0832477,3,11,-24
1739480923.1282475,-34,-119,-53
1739480923.1742475,-22,41,64
1739480923.2202475,58,-58,109
1739480923.2652476,97,-150,-87
1739480923.3112476,-67,-77,-26
1739480923.3572476,54,24,40
1739480923.4032476,-55,-115,5
1739480923.4482474,6,-76,-32
1739480923.4942474,62,-40,40
1739480923.5402474,-39,-11,-79
1739480923.5852475,-52,-7,-83
1739480923.6312475,53,-85,-82
1739480923.6772475,27,19,-6
1739480923.7232475,-118,44,35
1739480923.7682476,-46,-104,-34
1739480923.8142476,-22,10,-28
1739480923.8602476,-41,-70,-47
1739480923.9052474,27,-119,-79
1739480923.9512477,-63,-90,-23
1739480923.9972477,26,-1,-77
1739480924.0432477,-97,32,-44
1739480924.0882475,80,-1,-96
1739480924.1342475,23,-110,-2
1739480924.1802475,-24,-112,-73
1739480924.2252476,-20,-34,27
1739480924.2712476,32,-75,23
1739480924.3172476,-21,-121,-70
1739480924.3632476,-37,-32,-85
1739480924.4082477,-9,58,123
1739480924.4542477,-37,-102,70
1739480924.5002477,21,3,-43
1739480924.5452476,17,-14,-38
1739480924.5912476,0,55,-36
1739480924.6372476,20,11,-61
1739480924.6832476,9,-79,-55
1739480924.7282476,57,55,-20
1739480924.7742476,-48,18,-22
1739480924.8202477,-33,12,25
1739480924.8652475,-32,46,1
1739480924.9112475,-14,-28,-29
1739480924.9572475,39,-39,-107
1739480925.0032475,-27,108,76
1739480925.0482476,-23,-116,-114
1739480925.0942476,-34,-164,-74
1739480925.1402476,14,-25,-17
1739480925.1852477,65,-3,-76
1739480925.2312477,83,-47,111
1739480925.2772477,4,12,-71
1739480925.3232474,-14,-44,-53
1739480925.3682475,36,-35,-95
1739480925.4142475,-4,-92,-28
1739480925.4602475,-43,-110,-74
1739480925.5052476,9,-29,-35
1739480925.5512476,25,32,39
1739480925.5972476,23,-5,-6
1739480925.6432476,43,7,20
1739480925.6882474,-36,-64,-29
1739480925.7342474,41,-31,-3
1739480925.7802474,3,-71,-49
1739480925.8252475,36,-9,-10
1739480925.8712475,-25,-92,20
1739480925.9172475,43,5,-16
1739480925.9632475,-44,16,-23
1739480926.0082476,47,41,-15
1739480926.0542476,-41,-154,-3
1739480926.1002476,-56,-64,5
1739480926.1452477,-49,-88,-162
1739480926.1912477,-5,-141,-60
1739480926.2372477,-4,31,-81
1739480926.2832477,52,-143,-69
1739480926.3282475,35,3,-21
1739480926.3742476,-68,-216,-36
1739480926.4202476,15,99,-28
1739480926.4652476,59,-19,-77
1739480926.5112476,-7,-99,-27
1739480926.5572476,-64,28,-82
1739480926.6032476,1,-78,14
1739480926.6482477,-6,-44,39
1739480926.6942475,-38,54,-86
1739480926.7402475,38,-113,-86
1739480926.7852476,58,-71,-32
1739480926.8312476,-38,76,-93
1739480926.8772476,117,-23,-1
1739480926.9232476,26,-97,-56
1739480926.9682477,7,-100,11
1739480927.0142477,26,-12,13
1739480927.0602477,16,6,-40
1739480927.1052475,-103,-28,-54
1739480927.1512475,-16,0,-60
1739480927.1972475,60,-59,-138
1739480927.2432475,40,63,-83
1739480927.2882476,74,-1,21
1739480927.3342476,28,-141,-42
1739480927.3802476,8,115,65
1739480927.4252477,24,-105,-165
1739480927.4712474,-57,34,25
1739480927.5172474,-4,10,-13
1739480927.5632474,57,-29,-79
1739480927.6082475,-19,-117,-108
1739480927.6542475,-102,14,25
1739480927.7002475,-2,83,-10
1739480927.7452476,13,-19,-20
1739480927.7912476,-11,-36,-5
1739480927.8372476,-32,-62,-78
1739480927.8832476,-2,-12,3
1739480927.9282477,-29,-2,-21
1739480927.9742477,19,7,10
1739480928.0202477,-66,24,13
1739480928.0652475,-9,-25,-119
1739480928.1112475,22,-45,33
1739480928.1572475,60,-149,50
1739480928.2032475,50,26,-27
1739480928.2482476,-1,-82,100
1739480928.2942476,-25,-79,73
1739480928.3402476,-12,-17,37
1739480928.3852477,9,104,76
1739480928.4312477,50,-131,24
1739480928.4772477,5,-49,-10
1739480928.5232477,12,36,-26
1739480928.5682476,36,-82,-22
1739480928.6142476,-34,7,-20
1739480928.6602476,-53,-9,81
1739480928.7052476,13,-25,-69
1739480928.7512476,62,-40,-136
1739480928.7972476,-7,20,-18
1739480928.8432477,-13,-73,-22
1739480928.8882475,-14,-3,-85
1739480928.9342475,9,3,-70
1739480928.9802475,43,-15,12
1739480929.0252476,-11,-13,-71
1739480929.0712476,-35,-73,-11
1739480929.1172476,-22,-145,92
1739480929.1632476,-23,62,42
1739480929.2082477,-78,-45,15
1739480929.2542477,13,110,30
1739480929.3002477,49,-22,-52
1739480929.3452475,35,24,-74
1739480929.3912475,-33,-157,60
1739480929.4372475,11,-49,-147
1739480929.4832475,12,47,-98
1739480929.5282476,7,-105,-88
1739480929.5742476,-10,13,11
1739480929.6202476,-34,23,-128
1739480929.6652474,33,-30,-79
1739480929.7112474,-64,-221,-1
1739480929.7572474,-95,-1,-45
1739480929.8032477,26,-48,3
1739480929.8482475,92,-2,77
1739480929.8942475,-30,-1,8
1739480929.9402475,22,86,-45
1739480929.9852476,-3,-174,-25
1739480930.0312476,-89,-11,-104
1739480930.0772476,62,-134,-57
1739480930.1232476,23,1,25
1739480930.1682477,-43,21,-6
1739480930.2142477,16,2,63
1739480930.2602477,30,-32,-67
1739480930.3052475,-27,29,-33
1739480930.3512475,36,13,-44
1739480930.3972476,10,-96,-78
1739480930.4432476,-1,28,-126
1739480930.4882476,8,-33,16
1739480930.5342476,27,-172,-95
1739480930.5802476,10,-37,19
1739480930.6252477,1,35,-159
1739480930.6712475,11,-120,-84
1739480930.7172475,68,70,-48
1739480930.7632475,-52,-93,14
1739480930.8082476,-32,18,-92
1739480930.8542476,-41,-53,-98
1739480930.9002476,9,-49,-37
1739480930.9452477,-25,-86,3
1739480930.9912477,-13,-29,-68
1739480931.0372477,53,-24,-5
1739480931.0832477,-1,70,-12
1739480931.1282475,46,-8,-82
1739480931.1742475,74,18,15
1739480931.2202475,-37,-55,41
1739480931.2652476,-9,-101,-49
1739480931.3112476,-25,-33,-24
1739480931.3572476,20,-84,-65
1739480931.4032476,-114,29,34
1739480931.4482474,-50,-8,-27
1739480931.4942474,31,-66,-25
1739480931.5402474,-53,89,-136
1739480931.5852475,20,-162,12
1739480931.6312475,-10,90,-52
1739480931.6772475,43,6,31
1739480931.7232475,-25,-49,-81
1739480931.7682476,-104,3,-74
1739480931.8142476,-21,-33,-49
1739480931.8652475,92,56,-7
1739480931.9112475,9,-66,32
1739480931.9572475,38,-26,-38
1739480932.0032475,-45,-95,33
1739480932.0482476,21,-52,-100
1739480932.0942476,-49,23,57
1739480932.1402476,-24,-73,-129
1739480932.1852477,-16,-135,-23
1739480932.2312477,-90,91,55
1739480932.2772477,24,-4,-63
1739480932.3232474,23,60,-13
1739480932.3682475,-27,-41,20
1739480932.4142475,4,-35,-63
1739480932.4602475,-18,-71,46
1739480932.5052476,27,-110,0
1739480932.5512476,83,-41,-99
1739480932.5972476,-13,54,-84
1739480932.6432476,59,-64,-86
1739480932.6882474,-31,-41,-46
1739480932.7342474,-35,-57,-27
1739480932.7802474,17,76,16
1739480932.8252475,25,64,11
1739480932.8712475,23,-62,-163
1739480932.9172475,49,-22,-17
1739480932.9632475,-55,5,-26
1739480933.0082476,33,-44,54
1739480933.0542476,-62,-165,-124
1739480933.1002476,54,-126,-19
1739480933.1452477,-13,47,-198
1739480933.1912477,66,-48,1
1739480933.2372477,66,-12,-32
1739480933.2832477,38,-94,-17
1739480933.3282475,-30,-17,-27
1739480933.3742476,-36,35,11
1739480933.4202476,3,-11,-50
1739480933.4652476,11,119,-2
1739480933.5112476,-8,-115,-19
1739480933.5572476,35,0,-100
1739480933.6032476,44,-138,-19
1739480933.6482477,60,74,58
1739480933.6942475,93,-102,-47
1739480933.7402475,40,-18,-83
1739480933.7852476,-64,-11,-131
1739480933.8312476,33,-104,-13
1739480933.8772476,-53,-37,-127
1739480933.9232476,12,-25,-134
1739480933.9682477,13,-6,13
1739480934.0142477,-31,97,40
1739480934.0602477,12,122,-52
1739480934.1052475,24,-92,51
1739480934.1512475,-100,-1,-97
1739480934.1972475,-85,83,-36
1739480934.2432475,-25,-59,7
1739480934.2882476,-20,-29,-106
1739480934.3342476,-14,-31,-75
1739480934.3802476,28,-100,-22
1739480934.4252477,10,70,-169
1739480934.4712474,-54,-156,28
1739480934.5172474,-34,-44,-48
1739480934.5632474,92,55,7
1739480934.6082475,-29,-22,-25
1739480934.6542475,-48,-34,-88
1739480934.7002475,0,119,-146
1739480934.7452476,-10,-7,-4
1739480934.7912476,66,-65,-64
1739480934.8372476,-19,-98,5
1739480934.8832476,-50,68,-47
1739480934.9282477,-35,-84,13
1739480934.9742477,34,13,36
1739480935.0202477,36,68,-49
1739480935.0652475,5,-28,-26
1739480935.1112475,-18,83,-112
1739480935.1572475,-14,-56,-82
1739480935.2032475,33,-100,51
1739480935.2482476,8,-94,-21
1739480935.2942476,40,-58,53
1739480935.3402476,-42,-1,0
1739480935.3852477,2,0,-49
1739480935.4312477,-40,-114,-65
1739480935.4772477,11,58,-84
1739480935.5232477,32,-50,7
1739480935.5682476,50,-94,-76
1739480935.6142476,-25,22,3
1739480935.6602476,-16,-24,-174
1739480935.7052476,-21,-94,-11
1739480935.7512476,-34,-14,57
1739480935.7972476,23,15,-145
1739480935.8432477,-44,-32,-90
1739480935.8882475,31,29,-101
1739480935.9342475,45,37,-183
1739480935.9802475,68,-113,-60
1739480936.0252476,-93,47,89
1739480936.0712476,80,-56,-63
1739480936.1172476,63,62,46
1739480936.1632476,-35,53,16
1739480936.2082477,115,-52,-95
1739480936.2542477,-56,-69,-77
1739480936.3002477,-5,21,-31
1739480936.3452475,-15,0,-84
1739480936.3912475,59,-43,-52
1739480936.4372475,-52,-62,-132
1739480936.4832475,40,-7,-133
1739480936.5282476,-61,-56,-59
1739480936.5742476,12,-75,-212
1739480936.6202476,55,-113,-32
1739480936.6652474,-22,36,153
1739480936.7112474,29,59,26
1739480936.7572474,-9,-62,-106
1739480936.8032477,15,21,-87
1739480936.8482475,-8,-18,10
1739480936.8942475,51,-25,42
1739480936.9402475,-33,-70,28
1739480936.9852476,-32,24,-44
1739480937.0312476,-78,28,-9
1739480937.0772476,-63,18,35
1739480937.1232476,48,-115,18
1739480937.1682477,35,-18,21
1739480937.2142477,29,-101,19
1739480937.2602477,-148,-54,-50
1739480937.3052475,-44,66,-9
1739480937.3512475,-9,-30,89
1739480937.3972476,42,77,-102
1739480937.4432476,56,-19,-57
1739480937.4882476,-19,-32,-54
1739480937.5342476,-31,-62,0
1739480937.5802476,-8,-25,-87
1739480937.6252477,-2,-64,-41
1739480937.6712475,78,17,9
1739480937.7172475,-31,-26,-136
1739480937.7632475,-89,2,-14
1739480937.8082476,3,-19,-29
1739480937.8542476,16,-83,-28
1739480937.9002476,-63,-10,-208
1739480937.9452477,-36,-22,108
1739480937.9912477,-42,40,-54
1739480938.0372477,55,3,-131
1739480938.0832477,-34,-4,-93
1739480938.1282475,53,-55,-129
1739480938.1742475,44,-79,42
1739480938.2202475,53,-81,-5
1739480938.2652476,-37,-68,-47
1739480938.3112476,46,0,-95
1739480938.3572476,78,85,-49
1739480938.4032476,-73,-56,-11
1739480938.4482474,-51,28,-93
1739480938.4942474,38,-25,-77
1739480938.5402474,68,15,-10
1739480938.5852475,83,-35,-68
1739480938.6312475,-25,-28,-148
1739480938.6772475,-9,-42,-1
1739480938.7232475,5,-19,-65
1739480938.7682476,-65,-200,-113
1739480938.8142476,-4,-20,-110
1739480938.8602476,30,-31,82
1739480938.9052474,-10,-72,-25
1739480938.9512477,18,36,32
1739480938.9972477,-45,78,-48
1739480939.0432477,-34,8,24
1739480939.0882475,4,18,-10
1739480939.1342475,-66,82,65
1739480939.1802475,43,-10,-2
1739480939.2252476,-40,-106,-3
1739480939.2712476,102,-21,-73
1739480939.3172476,-48,-57,-19
1739480939.3632476,53,-18,26
1739480939.4082477,-32,-67,-52
1739480939.4542477,-61,15,-57
1739480939.5002477,1,-45,-61
1739480939.5452476,37,-65,-1
1739480939.5912476,-30,-71,97
1739480939.6372476,-10,27,20
1739480939.6832476,18,-167,-36
1739480939.7282476,-53,-45,-32
1739480939.7742476,32,-22,-127
1739480939.8202477,-16,81,5
1739480939.8652475,97,-92,-20
1739480939.9112475,-15,-20,-102
1739480939.9572475,-18,-34,-20
1739480940.0032475,-9,-81,12
1739480940.0482476,-16,-32,-31
1739480940.0942476,36,39,-91
1739480940.1402476,53,-129,-50
1739480940.1852477,41,-17,-209
1739480940.2312477,21,-37,-73
1739480940.2772477,0,-20,68
1739480940.3232474,-26,10,-34
1739480940.3682475,51,-155,-134
1739480940.4142475,2,17,-50
1739480940.4602475,17,19,-56
1739480940.5052476,27,38,23
1739480940.5512476,31,9,-58
1739480940.5972476,63,-3,-258
1739480940.6432476,42,-91,15
1739480940.6882474,-7,-27,-155
1739480940.7342474,26,-59,-62
1739480940.7802474,-46,2,12
1739480940.8252475,11,-167,-42
1739480940.8712475,-2,-126,-19
1739480940.9172475,8,-62,-47
1739480940.9632475,-85,44,-144
1739480941.0082476,-46,77,-28
1739480941.0542476,-26,33,-47
1739480941.1002476,-12,-28,-23
1739480941.1452477,-14,-72,1
1739480941.1912477,0,48,-40
1739480941.2372477,4,-37,-25
1739480941.2832477,-9,-94,-13
1739480941.3282475,0,43,130
1739480941.3742476,-65,-30,-78
1739480941.4202476,-42,-37,-122
1739480941.4652476,-68,-64,-55
1739480941.5112476,21,-23,20
1739480941.5572476,-86,-14,-126
1739480941.6032476,-12,-75,-12
1739480941.6482477,-33,0,-149
1739480941.6942475,27,-32,-74
1739480941.7402475,-41,-12,-13
1739480941.7852476,-11,-39,-70
1739480941.8312476,-35,0,-20
1739480941.8832476,-33,-46,-13
1739480941.9282477,-47,-116,46
1739480941.9742477,15,-84,-26
1739480942.0202477,15,-35,56
1739480942.0652475,8,-73,-13
1739480942.1112475,-59,-30,9
1739480942.1572475,66,-35,-15
1739480942.2032475,5,-32,0
1739480942.2482476,-5,-112,-63
1739480942.2942476,-11,-40,-103
1739480942.3402476,47,-157,-51
1739480942.3852477,-30,-29,-43
1739480942.4312477,-28,-34,26
1739480942.4772477,31,-93,40
1739480942.5232477,5,65,-23
1739480942.5682476,-39,-14,0
1739480942.6142476,8,9,-92
1739480942.6602476,9,17,-38
1739480942.7052476,50,-3,36
1739480942.7512476,-2,28,-179
1739480942.7972476,-90,12,-205
1739480942.8432477,-19,-16,205
1739480942.8882475,45,11,-54
1739480942.9342475,-58,-100,40
1739480942.9802475,57,35,9
1739480943.0252476,18,-47,-22
1739480943.0712476,3,-35,-28
1739480943.1172476,26,-75,-125
1739480943.1632476,23,3,-29
1739480943.2082477,-40,24,-135
1739480943.2542477,28,-63,8
1739480943.3002477,-29,-62,-63
1739480943.3452475,19,64,-61
1739480943.3912475,-32,-62,-60
1739480943.4372475,-22,-60,29
1739480943.4832475,32,81,-162
1739480943.5282476,7,-60,-68
1739480943.5742476,40,-41,-46
1739480943.6202476,23,-65,-72
1739480943.6652474,19,27,64
1739480943.7112474,-62,-38,53
1739480943.7572474,-13,-72,-95
1739480943.8032477,55,-23,26
1739480943.8482475,-151,-104,-57
1739480943.8942475,22,5,17
1739480943.9402475,11,-20,35
1739480943.9852476,-63,-86,82
1739480944.0312476,33,-57,-50
1739480944.0772476,-89,-46,50
1739480944.1232476,33,-43,14
1739480944.1682477,37,-100,-80
1739480944.2142477,22,-16,-92
1739480944.2602477,-12,-45,54
1739480944.3052475,-2,14,-34
1739480944.3512475,27,13,-14
1739480944.3972476,-12,-36,51
1739480944.4432476,17,12,-96
1739480944.4882476,14,-1,-39
1739480944.5342476,-18,-26,-70
1739480944.5802476,0,-74,-19
1739480944.6252477,11,-98,51
1739480944.6712475,4,-86,0
1739480944.7172475,48,19,-26
1739480944.7632475,16,59,33
1739480944.8082476,63,-13,7
1739480944.8542476,-72,-42,-99
1739480944.9002476,1,-128,2
1739480944.9452477,7,-63,84
1739480944.9912477,-29,0,-182
1739480945.0372477,-33,-76,116
1739480945.0832477,23,89,-39
1739480945.1282475,-41,-28,-2
1739480945.1742475,-71,16,4
1739480945.2202475,52,-27,21
1739480945.2652476,60,51,-66
1739480945.3112476,-12,-14,-42
1739480945.3572476,42,-147,41
1739480945.4032476,40,-19,30
1739480945.4482474,87,99,37
1739480945.4942474,17,-67,-68
1739480945.5402474,-28,-22,-11
1739480945.5852475,-11,4,92
1739480945.6312475,99,45,40
1739480945.6772475,22,-45,-46
1739480945.7222476,-9,-64,16
1739480945.7682476,31,51,-24
1739480945.8142476,-117,4,-103
1739480945.8602476,1,-5,-35
1739480945.9052474,-72,86,2
1739480945.9512477,-25,16,-52
1739480945.9972477,-4,-126,-6
1739480946.0432477,-95,-62,-12
1739480946.0882475,-2,-86,-58
1739480946.1342475,1,-19,-14
1739480946.1802475,7,43,11
1739480946.2252476,22,21,-32
1739480946.2712476,-1,-59,35
1739480946.3172476,88,-107,-7
1739480946.3632476,-22,-34,-47
1739480946.4082477,-47,-50,-35
1739480946.4542477,-55,-55,76
1739480946.5002477,13,-12,1
1739480946.5452476,-24,33,9
1739480946.5912476,-41,-41,126
1739480946.6372476,-36,31,-130
1739480946.6832476,25,-146,-22
1739480946.7282476,-34,57,49
1739480946.7742476,0,22,11
1739480946.8202477,71,16,133
1739480946.8652475,29,-100,-38
1739480946.9112475,19,-48,118
1739480946.9572475,-120,23,62
1739480947.0032475,-52,35,-14
1739480947.0482476,-1,-29,-79
1739480947.0942476,48,-160,-30
1739480947.1402476,-33,-47,-48
1739480947.1852477,44,22,7
1739480947.2312477,-12,-73,92
1739480947.2772477,14,-18,-27
1739480947.3232474,-13,5,-117
1739480947.3682475,-32,-195,-75
1739480947.4142475,8,-56,38
1739480947.4602475,38,-30,-58
1739480947.5052476,34,-114,-67
1739480947.5512476,-40,-69,-57
1739480947.5972476,9,-54,-75
1739480947.6422474,91,-156,-114
1739480947.6882474,-69,13,-45
1739480947.7342474,14,-2,-8
1739480947.7802474,55,-124,63
1739480947.8252475,28,28,34
1739480947.8712475,78,-62,37
1739480947.9172475,11,60,-62
1739480947.9632475,-15,-34,59
1739480948.0082476,18,-116,-21
1739480948.0542476,-33,12,-53
1739480948.1002476,24,35,-94
1739480948.1452477,28,-41,17
1739480948.1912477,1,-24,59
1739480948.2372477,-52,-42,-11
1739480948.2822475,10,55,-26
1739480948.3282475,-18,22,-134
1739480948.3742476,22,5,-77
1739480948.4202476,70,54,-104
1739480948.4652476,76,-14,60
1739480948.5112476,20,-104,-104
1739480948.5572476,7,-26,-39
1739480948.6022477,29,2,-13
1739480948.6482477,24,-56,-38
1739480948.6942475,30,8,-145
1739480948.7402475,23,-182,-225
1739480948.7852476,-21,-19,0
1739480948.8312476,99,-104,-21
1739480948.8772476,-15,107,-94
1739480948.9222476,-10,-25,-72
1739480948.9682477,53,-41,3
1739480949.0142477,-44,-42,37
1739480949.0602477,34,-97,-7
1739480949.1052475,39,-77,-48
1739480949.1512475,2,-58,-47
1739480949.1972475,9,-52,45
1739480949.2422476,11,82,-20
1739480949.2882476,16,-47,0
1739480949.3342476,12,2,-47
1739480949.3802476,15,-82,-75
1739480949.4252477,-10,-10,-132
1739480949.4712474,-70,-13,37
1739480949.5172474,36,-10,-99
1739480949.5622475,-26,-89,15
1739480949.6082475,107,-8,-89
1739480949.6542475,46,93,-16
1739480949.7002475,23,57,-14
1739480949.7452476,23,-33,18
1739480949.7912476,62,69,-40
1739480949.8372476,30,-169,21
1739480949.8822474,-16,-48,-74
1739480949.9282477,40,-13,-105
1739480949.9742477,52,101,-2
1739480950.0202477,22,-23,12
1739480950.0652475,-49,-112,5
1739480950.1112475,-4,0,-51
1739480950.1572475,-18,-40,-13
1739480950.2022476,-5,-12,1
1739480950.2482476,48,19,31
1739480950.2942476,-46,-44,-110
1739480950.3402476,-53,24,9
1739480950.3852477,-3,31,43
1739480950.4312477,-23,-26,-21
1739480950.4772477,32,-107,-27
1739480950.5222476,-62,-28,-110
1739480950.5682476,28,-45,-64
1739480950.6142476,36,9,-38
1739480950.6602476,73,-113,-35
1739480950.7052476,-7,-128,1
1739480950.7512476,4,14,-67
1739480950.7972476,-34,30,-84
1739480950.8422475,-11,0,56
1739480950.8882475,-81,-34,16
1739480950.9342475,33,55,37
1739480950.9802475,10,-161,-84
1739480951.0252476,80,-93,-173
1739480951.0712476,50,5,-19
1739480951.1172476,-102,-24,6
1739480951.1622477,20,-95,7
1739480951.2082477,-21,-78,-165
1739480951.2542477,-27,-72,20
1739480951.3002477,-11,-122,-75
1739480951.3452475,-23,-94,-41
1739480951.3912475,4,-65,-130
1739480951.4372475,-44,24,35
1739480951.4822476,-23,-88,-17
1739480951.5282476,-24,27,-25
1739480951.5742476,-52,-21,146
1739480951.6202476,-8,28,14
1739480951.6652474,-17,-19,-46
1739480951.7112474,34,36,-68
1739480951.7572474,-5,-7,-26
1739480951.8022475,-42,69,7
1739480951.8482475,-52,-45,-49
1739480951.9012475,0,-5,-64
1739480951.9462476,30,-6,55
1739480951.9922476,-18,-55,5
1739480952.0382476,8,-37,-56
1739480952.0842476,-13,-35,-59
1739480952.1292477,-45,-1,51
1739480952.1752477,-67,25,95
1739480952.2212474,0,-166,-42
1739480952.2662475,48,-80,-120
1739480952.3122475,64,-14,-98
1739480952.3582475,15,30,-3
1739480952.4042475,-24,-7,-12
1739480952.4492476,14,88,-20
1739480952.4952476,17,16,5
1739480952.5412476,27,-50,-98
1739480952.5862474,-18,-37,-15
1739480952.6322474,33,-16,50
1739480952.6782477,76,66,-71
1739480952.7242477,42,-34,-108
1739480952.7692475,75,30,-16
1739480952.8152475,5,-17,-86
1739480952.8612475,-76,-87,-106
1739480952.9062476,39,-70,14
1739480952.9522476,-17,121,77
1739480952.9982476,-30,-40,9
1739480953.0442476,-4,0,52
1739480953.0892477,-24,-17,102
1739480953.1352477,-1,-31,41
1739480953.1812477,15,20,62
1739480953.2262475,-92,-15,41
1739480953.2722476,-30,-113,64
1739480953.3182476,-23,50,59
1739480953.3642476,30,-40,-24
1739480953.4092476,0,-19,-15
1739480953.4552476,0,-55,-43
1739480953.5012476,40,2,0
1739480953.5462475,-24,-94,-68
1739480953.5922475,-62,21,-138
1739480953.6382475,9,-100,30
1739480953.6842475,-10,-139,56
1739480953.7292476,92,26,23
1739480953.7752476,-15,-13,-76
1739480953.8212476,-18,-48,27
1739480953.8662477,-14,0,-134
1739480953.9122477,-24,-151,46
1739480953.9582477,-80,-121,16
1739480954.0042477,-80,1,67
1739480954.0492475,9,-18,75
1739480954.0952475,44,4,-63
1739480954.1412475,36,4,38
1739480954.1862476,35,-30,-108
1739480954.2322476,-43,-45,13
1739480954.2782476,46,-114,-107
1739480954.3242476,14,-22,-54
1739480954.3692474,-22,-53,46
1739480954.4152474,6,-67,45
1739480954.4612474,-56,-35,17
1739480954.5062475,-44,31,-52
1739480954.5522475,11,14,-92
1739480954.5982475,-49,-1,24
1739480954.6442475,102,-40,-67
1739480954.6892476,-46,-77,-103
1739480954.7352476,13,-102,24
1739480954.7812476,10,16,-14
1739480954.8262477,-39,43,-103
1739480954.8722477,-24,23,-7
1739480954.9182477,10,68,-54
1739480954.9642477,13,-30,3
1739480955.0092475,111,-2,-147
1739480955.0552475,-67,1,24
1739480955.1012475,36,-110,41
1739480955.1462476,22,4,14
1739480955.1922476,-41,105,-1
1739480955.2382476,0,-23,-61
1739480955.2842476,68,-58,-19
1739480955.3292477,0,-75,133
1739480955.3752477,-54,-87,63
1739480955.4212475,16,56,-122
1739480955.4662476,-2,33,-56
1739480955.5122476,-97,-61,73
1739480955.5582476,59,-42,48
1739480955.6042476,48,-86,-58
1739480955.6492476,43,16,-37
1739480955.6952477,8,-22,-38
1739480955.7412477,-8,-111,-87
1739480955.7862475,-44,-71,-4
1739480955.8322475,-1,0,107
1739480955.8782475,-43,-20,52
1739480955.9242475,-37,8,-52
1739480955.9692476,-27,-84,24
1739480956.0152476,26,-59,-48
1739480956.0612476,16,67,63
1739480956.1062477,-49,-104,-20
1739480956.1522477,-57,-54,-77
1739480956.1982474,57,-29,58
1739480956.2442474,-41,-36,-44
1739480956.2892475,-2,62,-70
1739480956.3352475,65,0,83
1739480956.3812475,-50,-52,-108
1739480956.4262476,-66,-34,6
1739480956.4722476,28,25,-85
1739480956.5182476,52,-13,-2
1739480956.5642476,15,3,43
1739480956.6092474,-37,-38,19
1739480956.6552474,9,-94,-10
1739480956.7012477,-38,-10,-7
1739480956.7462475,-106,0,42
1739480956.7922475,-75,-86,2
1739480956.8382475,16,-96,-161
1739480956.8842475,26,-37,32
1739480956.9292476,22,23,7
1739480956.9752476,38,53,104
1739480957.0212476,44,13,-76
1739480957.0662477,-29,26,-46
1739480957.1122477,-7,-35,-73
1739480957.1582477,-12,100,24
1739480957.2042477,-24,40,-166
1739480957.2492476,-19,-120,-100
1739480957.2952476,-33,-84,59
1739480957.3412476,-19,-54,-89
1739480957.3862476,58,-49,-55
1739480957.4322476,45,-45,-56
1739480957.4782476,33,-27,-84
1739480957.5242476,-12,-192,6
1739480957.5692475,-22,-49,-8
1739480957.6152475,13,-29,-55
1739480957.6612475,-126,-52,-61
1739480957.7062476,50,-143,3
1739480957.7522476,21,-95,-62
1739480957.7982476,4,-81,-33
1739480957.8442476,-5,102,-95
1739480957.8892477,32,67,42
1739480957.9352477,32,53,-55
1739480957.9812477,-36,-92,-37
1739480958.0262475,-56,-124,-35
1739480958.0722475,1,36,-97
1739480958.1182475,2,-54,-79
1739480958.1642475,-33,136,-187
1739480958.2092476,1,-3,-65
1739480958.2552476,0,60,-49
1739480958.3012476,21,-49,-194
1739480958.3462474,-10,-20,-45
1739480958.3922474,16,-83,-82
1739480958.4382474,-30,-72,37
1739480958.4842474,-28,68,-61
1739480958.5292475,15,-63,-40
1739480958.5752475,63,75,-96
1739480958.6212475,14,-43,-98
1739480958.6662476,-17,4,61
1739480958.7122476,48,-1,-93
1739480958.7582476,61,33,-82
1739480958.8042476,-54,-24,-51
1739480958.8492477,30,53,116
1739480958.8952477,44,-13,-82
1739480958.9412477,5,4,91
1739480958.9862475,51,15,-4
1739480959.0322475,3,-79,96
1739480959.0782475,33,-43,-105
1739480959.1242476,13,-116,-92
1739480959.1692476,-7,-118,-118
1739480959.2152476,-54,-104,-35
1739480959.2612476,-81,-50,2
1739480959.3062477,4,-93,-6
1739480959.3522477,-92,31,-91
1739480959.3982477,-6,-33,65
1739480959.4442475,13,-74,24
1739480959.4892476,15,-56,-114
1739480959.5352476,-19,-17,17
1739480959.5812476,-71,-1,-17
1739480959.6262476,-79,-23,24
1739480959.6722476,92,-50,-124
1739480959.7182477,-1,-120,52
1739480959.7642477,-24,19,67
1739480959.8092475,-126,-75,-79
1739480959.8552475,-2,-101,79
1739480959.9012475,5,-25,0
1739480959.9462476,3,24,-168
1739480959.9922476,-5,-133,54
1739480960.0382476,27,-54,-31
1739480960.0842476,-2,-113,-59
1739480960.1292477,-51,-67,-118
1739480960.1752477,54,-92,-19
1739480960.2212474,-34,13,22
1739480960.2662475,-21,49,-26
1739480960.3122475,-57,-59,-84
1739480960.3582475,13,-32,-4
1739480960.4042475,-22,-7,-52
1739480960.4492476,42,-110,-121
1739480960.4952476,6,-28,57
1739480960.5412476,15,21,39
1739480960.5862474,89,-98,0
1739480960.6322474,53,0,44
1739480960.6782477,44,-10,47
1739480960.7242477,49,24,-37
1739480960.7692475,58,74,-46
1739480960.8152475,40,-8,-71
1739480960.8612475,77,-48,-52
1739480960.9062476,16,-32,-195
1739480960.9522476,16,-75,57
1739480960.9982476,14,18,51
1739480961.0442476,-41,-117,-83
1739480961.0892477,-119,-55,13
1739480961.1352477,32,-14,-24
1739480961.1812477,19,34,37
1739480961.2262475,-8,120,-108
1739480961.2722476,-27,57,-106
1739480961.3182476,33,22,-38
1739480961.3642476,20,-28,-16
1739480961.4092476,-122,5,-37
1739480961.4552476,-9,27,-138
1739480961.5012476,52,-2,-139
1739480961.5462475,43,0,-34
1739480961.5922475,15,-76,56
1739480961.6382475,44,8,-183
1739480961.6842475,-36,-101,-96
1739480961.7292476,68,-2,-79
1739480961.7752476,-2,-4,-47
1739480961.8212476,0,-25,-110
1739480961.8662477,94,-58,-109
1739480961.9182477,-30,-1,-22
1739480961.9642477,-12,95,-69
1739480962.0092475,-55,88,-7
1739480962.0552475,7,-38,-49
1739480962.1012475,23,-24,-65
1739480962.1462476,36,-6,7
1739480962.1922476,-60,21,39
1739480962.2382476,0,17,1
1739480962.2842476,-22,-93,24
1739480962.3292477,22,6,-29
1739480962.3752477,10,-29,-94
1739480962.4212475,-14,-77,-20
1739480962.4662476,-3,-138,11
1739480962.5122476,-21,-65,31
1739480962.5582476,-19,9,-88
1739480962.6042476,-26,11,-32
1739480962.6492476,26,-8,-3
1739480962.6952477,-6,73,-137
1739480962.7412477,21,16,-11
1739480962.7862475,48,-80,-47
1739480962.8322475,26,-20,47
1739480962.8782475,-3,-3,-52
1739480962.9242475,31,-6,-33
1739480962.9692476,33,-42,-37
1739480963.0152476,-21,-103,-66
1739480963.0612476,21,-146,-22
1739480963.1062477,-24,3,-44
1739480963.1522477,-5,57,-35
1739480963.1982474,-18,-15,6
1739480963.2442474,31,-90,0
1739480963.2892475,44,46,-43
1739480963.3352475,88,-70,-121
1739480963.3812475,-57,55,-98
1739480963.4262476,-48,29,-79
1739480963.4722476,-27,88,9
1739480963.5182476,31,-4,-50
1739480963.5642476,-43,-49,-38
1739480963.6092474,-37,-9,-51
1739480963.6552474,37,-30,37
1739480963.7012477,59,-4,-2
1739480963.7462475,49,-142,-93
1739480963.7922475,16,-18,6
1739480963.8382475,-4,11,41
1739480963.8842475,-11,-51,66
1739480963.9292476,11,-135,-70
1739480963.9752476,28,-53,-78
1739480964.0212476,-37,-1,-88
1739480964.0662477,-71,5,39
1739480964.1122477,-4,-6,-27
1739480964.1582477,51,-48,-38
1739480964.2042477,3,-103,-21
1739480964.2492476,-23,-51,-34
1739480964.2952476,-63,-109,-46
1739480964.3412476,-25,31,-7
1739480964.3862476,16,-62,-4
1739480964.4322476,1,-146,-67
1739480964.4782476,-30,9,-103
1739480964.5242476,-43,-23,-95
1739480964.5692475,97,18,20
1739480964.6152475,-115,67,-60
1739480964.6612475,-112,-53,-57
1739480964.7062476,45,28,-66
1739480964.7522476,-35,-115,-147
1739480964.7982476,-20,-15,-30
1739480964.8442476,59,-134,-39
1739480964.8892477,-37,3,-39
1739480964.9352477,26,31,-51
1739480964.9812477,-24,-20,-53
1739480965.0262475,34,-25,23
1739480965.0722475,-25,-73,-21
1739480965.1182475,-55,-131,-29
1739480965.1642475,-23,33,-45
1739480965.2092476,36,48,-175
1739480965.2552476,26,-88,11
1739480965.3012476,-5,-14,11
1739480965.3462474,1,-13,56
1739480965.3922474,20,24,-2
1739480965.4382474,-50,32,9
1739480965.4842474,27,-63,-1
1739480965.5292475,10,-25,-144
1739480965.5752475,-9,115,-14
1739480965.6212475,1,83,65
1739480965.6662476,29,13,-79
1739480965.7122476,-35,-76,-32
1739480965.7582476,24,-23,-72
1739480965.8042476,20,27,0
1739480965.8492477,-39,-14,-64
1739480965.8952477,-73,-32,18
1739480965.9412477,-67,-100,24
1739480965.9862475,-22,-178,-156
1739480966.0322475,-20,-159,-47
1739480966.0782475,43,-90,39
1739480966.1242476,12,74,-170
1739480966.1692476,-52,127,-62
1739480966.2152476,-132,-73,-109
1739480966.2612476,-8,-7,20
1739480966.3062477,24,-62,-63
1739480966.3522477,57,-54,87
1739480966.3982477,3,9,-52
1739480966.4442475,15,-10,-15
1739480966.4892476,-28,-111,47
1739480966.5352476,30,-144,-44
1739480966.5812476,-29,99,-11
1739480966.6262476,68,-54,-60
1739480966.6722476,-12,47,-55
1739480966.7182477,-114,53,-36
1739480966.7642477,80,56,-58
1739480966.8092475,-19,-147,45
1739480966.8552475,53,-19,-84
1739480966.9012475,-24,0,-78
1739480966.9462476,-8,11,-152
1739480966.9922476,-30,-10,-27
1739480967.0382476,8,-33,-42
1739480967.0842476,23,-93,-124
1739480967.1292477,-52,-92,-18
1739480967.1752477,34,55,-9
1739480967.2212474,-2,-65,-30
1739480967.2662475,59,-95,-145
1739480967.3122475,-50,-15,-32
1739480967.3582475,3,36,-91
1739480967.4042475,-26,-60,-33
1739480967.4492476,-2,-71,-124
1739480967.4952476,-4,-77,21
1739480967.5412476,-45,-17,-83
1739480967.5862474,17,-3,-81
1739480967.6322474,48,-39,-12
1739480967.6782477,13,-35,-14
1739480967.7242477,21,-5,26
1739480967.7692475,-13,-23,-34
1739480967.8152475,-15,-104,-162
1739480967.8612475,95,-129,15
1739480967.9062476,-3,-62,-57
1739480967.9522476,4,-43,-25
1739480967.9982476,-62,-22,-82
1739480968.0442476,48,-37,56
1739480968.0892477,-34,-12,-21
1739480968.1352477,29,-89,-46
1739480968.1812477,-18,-70,85
1739480968.2262475,-6,28,-77
1739480968.2722476,-35,-6,28
1739480968.3182476,30,1,30
1739480968.3642476,-39,52,-60
1739480968.4092476,-59,36,21
1739480968.4552476,-53,-18,-132
1739480968.5012476,-43,24,-35
1739480968.5462475,67,-23,-30
1739480968.5922475,-65,-40,-67
1739480968.6382475,-12,-48,68
1739480968.6842475,-27,24,96
1739480968.7292476,8,-66,-21
1739480968.7752476,95,97,16
1739480968.8212476,-77,102,-94
1739480968.8662477,-69,64,8
1739480968.9122477,-2,51,-72
1739480968.9582477,65,-171,-49
1739480969.0042477,-30,-38,1
1739480969.0492475,-46,-22,170
1739480969.0952475,-7,-51,-18
1739480969.1412475,-30,-34,99
1739480969.1862476,60,0,47
1739480969.2322476,21,89,-58
1739480969.2782476,-10,-48,24
1739480969.3242476,16,-47,14
1739480969.3692474,-23,-66,-97
1739480969.4152474,8,-30,-6
1739480969.4612474,96,15,-26
1739480969.5062475,0,80,-99
1739480969.5522475,121,-23,-60
1739480969.5982475,-18,-2,24
1739480969.6442475,36,35,-142
1739480969.6892476,4,37,-30
1739480969.7352476,43,-43,-112
1739480969.7812476,-19,-120,-95
1739480969.8262477,16,-26,-43
1739480969.8722477,-23,2,46
1739480969.9182477,-42,84,-156
1739480969.9642477,72,-81,-53
1739480970.0092475,-77,-12,-107
1739480970.0552475,126,35,23
1739480970.1012475,19,68,-97
1739480970.1462476,-92,-81,29
1739480970.1922476,-31,37,-78
1739480970.2382476,13,-89,-7
1739480970.2842476,80,-46,-37
1739480970.3292477,-19,-78,-129
1739480970.3752477,-73,-34,-19
1739480970.4212475,-8,-182,2
1739480970.4662476,41,-16,-27
1739480970.5122476,-23,59,-68
1739480970.5582476,27,-114,114
1739480970.6042476,-14,-131,-26
1739480970.6492476,31,-88,-77
1739480970.6952477,-25,-49,-67
1739480970.7412477,-26,43,93
1739480970.7862475,85,-136,-51
1739480970.8322475,-24,-1,21
1739480970.8782475,59,-74,-156
1739480970.9242475,44,-32,41
1739480970.9692476,20,-118,-99
1739480971.0152476,31,-86,-76
1739480971.0612476,37,-48,-40
1739480971.1062477,9,0,-46
1739480971.1522477,49,2,-43
1739480971.1982474,-53,-69,-98
1739480971.2442474,1,-140,30
1739480971.2892475,-40,91,-15
1739480971.3352475,-23,-63,-58
1739480971.3812475,-5,-25,-154
1739480971.4262476,-35,51,95
1739480971.4722476,92,-54,-18
1739480971.5182476,-12,0,-115
1739480971.5642476,-20,-83,7
1739480971.6092474,7,-56,-92
1739480971.6552474,-90,-15,-75
1739480971.7012477,-88,-129,-78
1739480971.7462475,-33,27,53
1739480971.7922475,-4,-111,42
1739480971.8382475,98,82,11
1739480971.8842475,-8,13,76
1739480971.9352477,-20,-23,-101
1739480971.9812477,106,-28,30
1739480972.0262475,6,-60,-75
1739480972.0722475,-17,27,-97
1739480972.1182475,-32,-13,-58
1739480972.1642475,104,-88,-10
1739480972.2092476,-34,35,-41
1739480972.2552476,6,-7,-85
1739480972.3012476,-40,-25,56
1739480972.3462474,60,-52,75
1739480972.3922474,-32,-101,-8
1739480972.4382474,-81,-5,-10
1739480972.4842474,-25,-37,-19
1739480972.5292475,3,20,-18
1739480972.5752475,23,20,90
1739480972.6212475,-51,-151,-21
1739480972.6662476,73,-8,10
1739480972.7122476,-3,121,-27
1739480972.7582476,-90,-49,5
1739480972.8042476,43,-54,-64
1739480972.8492477,52,-2,-68
1739480972.8952477,1,15,137
1739480972.9412477,-95,-173,-120
1739480972.9862475,-110,-89,-20
1739480973.0322475,28,-42,-39
1739480973.0782475,24,-28,44
1739480973.1242476,21,13,-21
1739480973.1692476,10,-79,35
1739480973.2152476,83,-56,45
1739480973.2612476,10,-34,-99
1739480973.3062477,-34,-29,-31
1739480973.3522477,-40,-79,-48
1739480973.3982477,-29,-19,-6
1739480973.4442475,49,22,-49
1739480973.4892476,46,22,-91
1739480973.5352476,-27,-57,12
1739480973.5812476,40,-116,-75
1739480973.6262476,-29,-61,6
1739480973.6722476,-1,0,-19
1739480973.7182477,-52,51,-92
1739480973.7642477,-101,77,63
1739480973.8092475,53,-20,-41
1739480973.8552475,21,147,12
1739480973.9012475,-43,-21,62
1739480973.9462476,-84,-74,18
1739480973.9922476,42,76,-91
1739480974.0382476,23,-61,-94
1739480974.0842476,23,-5,14
1739480974.1292477,15,-2,-86
1739480974.1752477,-4,-117,48
1739480974.2212474,-64,-15,-39
1739480974.2662475,22,-90,-19
1739480974.3122475,-31,-117,-2
1739480974.3582475,-27,-89,-5
1739480974.4042475,-5,-61,71
1739480974.4492476,59,2,16
1739480974.4952476,16,-18,-112
1739480974.5412476,53,20,-65
1739480974.5862474,-32,62,15
1739480974.6322474,-19,-52,40
1739480974.6782477,-13,-7,18
1739480974.7242477,18,7,-141
1739480974.7692475,40,43,-8
1739480974.8152475,53,-35,-78
1739480974.8612475,-46,-40,-58
1739480974.9062476,36,-95,-3
1739480974.9522476,-17,-38,-95
1739480974.9982476,74,21,-97
1739480975.0442476,14,-95,-100
1739480975.0892477,55,-48,7
1739480975.1352477,-38,46,-37
1739480975.1812477,32,-76,-10
1739480975.2262475,38,10,-24
1739480975.2722476,-3,-98,-6
1739480975.3182476,-75,-74,-52
1739480975.3642476,19,-120,-36
1739480975.4092476,84,-64,84
1739480975.4552476,-25,21,5
1739480975.5012476,18,-140,2
1739480975.5462475,-17,64,-40
1739480975.5922475,4,-93,-86
1739480975.6382475,-19,-104,-8
1739480975.6842475,68,-143,44
1739480975.7292476,-26,-41,-93
1739480975.7752476,-82,57,-137
1739480975.8212476,21,78,-107
1739480975.8662477,-12,-99,-1
1739480975.9122477,-13,77,-103
1739480975.9582477,63,41,75
1739480976.0042477,-17,62,-3
1739480976.0492475,-42,78,-20
1739480976.0952475,-15,20,-105
1739480976.1412475,-40,-14,34
1739480976.1862476,41,-9,-107
1739480976.2322476,40,-5,78
1739480976.2782476,-26,-78,-29
1739480976.3242476,1,-166,22
1739480976.3692474,-83,-16,-52
1739480976.4152474,-28,-12,22
1739480976.4612474,71,37,-52
1739480976.5062475,32,-117,10
1739480976.5522475,-23,-78,-69
1739480976.5982475,34,45,-38
1739480976.6442475,22,-99,-60
1739480976.6892476,108,-7,46
1739480976.7352476,-43,-12,-109
1739480976.7812476,10,-132,-41
1739480976.8262477,-5,-94,-52
1739480976.8722477,41,-131,49
1739480976.9182477,9,33,-31
1739480976.9642477,-18,-27,-9
1739480977.0092475,31,75,-13
1739480977.0552475,-15,-12,-1
1739480977.1012475,-24,8,-36
1739480977.1462476,13,-15,-53
1739480977.1922476,-38,-56,-149
1739480977.2382476,-12,-141,-51
1739480977.2842476,18,-83,-30
1739480977.3292477,5,42,-35
1739480977.3752477,-9,26,-66
1739480977.4212475,-32,4,-53
1739480977.4662476,-51,-192,3
1739480977.5122476,45,1,-8
1739480977.5582476,13,104,-2
1739480977.6042476,45,-14,33
1739480977.6492476,-74,-51,11
1739480977.6952477,61,-24,2
1739480977.7412477,-15,-98,-74
1739480977.7862475,-37,-33,81
1739480977.8322475,-63,-37,12
1739480977.8782475,-30,25,-99
1739480977.9242475,-6,-22,3
1739480977.9692476,15,-48,-69
1739480978.0152476,-24,-77,-54
1739480978.0612476,95,-118,29
1739480978.1062477,-81,-9,-105
1739480978.1522477,-55,-55,7
1739480978.1982474,-13,-56,-43
1739480978.2442474,-62,-29,-2
1739480978.2892475,7,-35,-12
1739480978.3352475,14,-4,15
1739480978.3812475,20,-52,42
1739480978.4262476,-5,-44,15
1739480978.4722476,-26,15,-62
1739480978.5182476,86,-28,-176
1739480978.5642476,0,-120,-44
1739480978.6092474,50,10,-20
1739480978.6552474,-37,-85,-11
1739480978.7012477,33,4,-17
1739480978.7462475,22,-99,-18
1739480978.7922475,-16,-63,-29
1739480978.8382475,20,-9,-79
1739480978.8842475,-30,-73,62
1739480978.9292476,-12,28,-28
1739480978.9752476,-54,-61,-71
1739480979.0212476,79,-58,-83
1739480979.0662477,80,-60,-150
1739480979.1122477,-36,17,1
1739480979.1582477,1,19,-88
1739480979.2042477,31,18,-40
1739480979.2492476,-48,-7,0
1739480979.2952476,10,-93,-59
1739480979.3412476,88,4,-9
1739480979.3862476,-80,55,-110
1739480979.4322476,-37,-71,-45
1739480979.4782476,50,66,-77
1739480979.5242476,93,-114,-44
1739480979.5692475,11,-31,-33
1739480979.6152475,-73,-25,-32
1739480979.6612475,7,-76,-39
1739480979.7062476,24,-22,-38
1739480979.7522476,34,-22,-55
1739480979.7982476,-1,-52,-58
1739480979.8432477,39,-106,-138
1739480979.8892477,-5,75,-13
1739480979.9352477,-11,-27,-55
1739480979.9812477,-44,97,112
1739480980.0262475,-28,11,-40
1739480980.0722475,120,11,-122
1739480980.1182475,-51,-34,-172
1739480980.1632476,-13,44,0
1739480980.2092476,-23,-118,-124
1739480980.2552476,-63,-36,-39
1739480980.3012476,18,33,-67
1739480980.3462474,32,4,1
1739480980.3922474,-61,-60,-69
1739480980.4382474,60,-26,-66
1739480980.4832475,-8,11,-42
1739480980.5292475,69,-41,-114
1739480980.5752475,0,38,-53
1739480980.6212475,73,-76,-23
1739480980.6662476,-44,-50,-143
1739480980.7122476,-6,-94,-17
1739480980.7582476,35,116,-74
1739480980.8032477,-53,-152,16
1739480980.8492477,20,-101,55
1739480980.8952477,28,-155,-28
1739480980.9412477,-51,-51,-133
1739480980.9862475,-9,-228,-91
1739480981.0322475,4,-1,-2
1739480981.0782475,25,-37,-67
1739480981.1232476,-5,-102,-81
1739480981.1692476,-65,-128,-183
1739480981.2152476,5,-166,-32
1739480981.2612476,-36,-6,-60
1739480981.3062477,44,-23,-75
1739480981.3522477,-41,-122,-175
1739480981.3982477,71,23,-57
1739480981.4432476,14,60,-46
1739480981.4892476,90,-67,-35
1739480981.5352476,26,-38,-135
1739480981.5812476,-18,-17,-30
1739480981.6262476,3,3,-35
1739480981.6722476,61,17,-102
1739480981.7182477,3,-15,-42
1739480981.7632475,53,-49,-117
1739480981.8092475,57,-53,-10
1739480981.8552475,49,17,-87
1739480981.9062476,-30,24,-36
1739480981.9522476,-10,95,-59
1739480981.9982476,13,-159,-83
1739480982.0432477,-85,-4,-105
1739480982.0892477,40,15,-75
1739480982.1352477,48,-31,-187
1739480982.1812477,-21,-76,-64
1739480982.2262475,-20,-146,-27
1739480982.2722476,-12,-67,-6
1739480982.3182476,-40,-6,43
1739480982.3632476,-38,24,-28
1739480982.4092476,-26,-16,11
1739480982.4552476,33,-37,-28
1739480982.5012476,40,11,29
1739480982.5462475,27,-83,-42
1739480982.5922475,-28,-22,10
1739480982.6382475,-35,112,1
1739480982.6832476,53,-7,-110
1739480982.7292476,-36,-94,64
1739480982.7752476,50,65,-122
1739480982.8212476,-51,0,-204
1739480982.8662477,14,-17,-74
1739480982.9122477,56,45,-121
1739480982.9582477,-6,-87,-45
1739480983.0032475,30,-17,-12
1739480983.0492475,-13,-24,-36
1739480983.0952475,18,-31,-54
1739480983.1412475,-31,-106,-115
1739480983.1862476,15,13,-84
1739480983.2322476,-16,-52,-68
1739480983.2782476,17,-41,-106
1739480983.3232474,91,-41,1
1739480983.3692474,-1,-9,9
1739480983.4152474,0,58,-131
1739480983.4612474,60,-81,-13
1739480983.5062475,34,-117,123
1739480983.5522475,-137,-90,24
1739480983.5982475,4,-71,-61
1739480983.6432476,-45,-168,-97
1739480983.6892476,-21,-20,-70
1739480983.7352476,9,-19,73
1739480983.7812476,3,-124,-6
1739480983.8262477,-38,-158,-40
1739480983.8722477,-21,-96,-15
1739480983.9182477,15,-65,-96
1739480983.9632475,-2,-38,-80
1739480984.0092475,-15,-98,-61
1739480984.0552475,17,0,-8
1739480984.1012475,18,-41,33
1739480984.1462476,-57,42,-57
1739480984.1922476,19,-77,-67
1739480984.2382476,-23,-76,50
1739480984.2832477,-99,50,-2
1739480984.3292477,32,-65,-2
1739480984.3752477,-31,58,-79
1739480984.4212475,-34,10,-158
1739480984.4662476,-6,-30,-22
1739480984.5122476,-12,-74,0
1739480984.5582476,-18,-58,-42
1739480984.6032476,-36,-60,4
1739480984.6492476,59,-37,-81
1739480984.6952477,-94,-52,-105
1739480984.7412477,-21,-60,-78
1739480984.7862475,-2,2,53
1739480984.8322475,63,-5,1
1739480984.8782475,35,-67,32
1739480984.9232476,-16,-156,14
1739480984.9692476,49,-103,-134
1739480985.0152476,0,-105,-80
1739480985.0612476,-72,-92,-146
1739480985.1062477,-15,-46,72
1739480985.1522477,14,35,-105
1739480985.1982474,-101,66,13
1739480985.2432475,16,-33,33
1739480985.2892475,-2,-25,-34
1739480985.3352475,42,-15,-34
1739480985.3812475,-15,16,0
1739480985.4262476,-11,-63,14
1739480985.4722476,-49,18,-81
1739480985.5182476,-3,-99,-26
1739480985.5632474,3,-68,-102
1739480985.6092474,-61,-42,-27
1739480985.6552474,-16,-28,-95
1739480985.7012477,12,1,22
1739480985.7462475,2,-8,-11
1739480985.7922475,-4,67,-70
1739480985.8382475,-82,-16,-50
1739480985.8832476,74,-53,5
1739480985.9292476,-37,-10,38
1739480985.9752476,-2,-59,40
1739480986.0212476,-19,110,44
1739480986.0662477,38,-27,-48
1739480986.1122477,-77,-144,-87
1739480986.1582477,43,-55,-11
1739480986.2032475,-28,-8,-31
1739480986.2492476,-13,-28,-129
1739480986.2952476,-12,-10,-109
1739480986.3412476,-70,-36,8
1739480986.3862476,-31,-20,-55
1739480986.4322476,-3,-18,29
1739480986.4782476,22,-3,33
1739480986.5232477,8,19,-71
1739480986.5692475,11,-165,-38
1739480986.6152475,-51,20,-56
1739480986.6612475,42,-81,-26
1739480986.7062476,29,115,30
1739480986.7522476,-4,-46,16
1739480986.7982476,-4,-5,-120
1739480986.8432477,20,-57,-7
1739480986.8892477,-62,4,-23
1739480986.9352477,-68,-60,-102
1739480986.9812477,-30,-6,-118
1739480987.0262475,36,47,-21
1739480987.0722475,-37,-68,2
1739480987.1182475,1,29,-1
1739480987.1632476,-12,-92,16
1739480987.2092476,40,-105,-113
1739480987.2552476,27,29,-12
1739480987.3012476,-34,-118,7
1739480987.3462474,-65,10,65
1739480987.3922474,11,-33,-26
1739480987.4382474,-2,72,-113
1739480987.4832475,-66,0,30
1739480987.5292475,-28,-158,-72
1739480987.5752475,19,51,-30
1739480987.6212475,-17,-184,-79
1739480987.6662476,-6,-66,22
1739480987.7122476,5,22,-51
1739480987.7582476,-11,-18,-45
1739480987.8032477,92,-54,-10
1739480987.8492477,90,-56,-1
1739480987.8952477,20,-110,59
1739480987.9412477,77,43,-70
1739480987.9862475,63,-32,-119
1739480988.0322475,-55,-24,-88
1739480988.0782475,-16,-73,-81
1739480988.1232476,-46,-52,-24
1739480988.1692476,42,47,-21
1739480988.2152476,-68,-52,-23
1739480988.2612476,-51,-96,-19
1739480988.3062477,-32,-22,7
1739480988.3522477,-9,-102,130
1739480988.3982477,-20,-66,-71
1739480988.4432476,-26,15,62
1739480988.4892476,27,-96,-60
1739480988.5352476,-55,55,-69
1739480988.5812476,-10,7,91
1739480988.6262476,33,2,-56
1739480988.6722476,-43,-3,43
1739480988.7182477,31,-106,-123
1739480988.7632475,17,-25,-33
1739480988.8092475,0,-46,49
1739480988.8552475,18,-66,-22
1739480988.9012475,21,-17,-95
1739480988.9462476,-22,52,-21
1739480988.9922476,-45,-130,-84
1739480989.0382476,-9,10,6
1739480989.0832477,2,-106,-118
1739480989.1292477,82,4,9
1739480989.1752477,24,36,101
1739480989.2212474,46,40,56
1739480989.2662475,65,34,-37
1739480989.3122475,10,82,-58
1739480989.3582475,47,-58,-82
1739480989.4032476,-18,-85,-1
1739480989.4492476,-54,5,-52
1739480989.4952476,25,-104,-110
1739480989.5412476,-45,-53,22
1739480989.5862474,-10,73,65
1739480989.6322474,23,-66,18
1739480989.6782477,46,20,-3
1739480989.7232475,-56,-47,141
1739480989.7692475,-28,71,-127
1739480989.8152475,114,-17,-87
1739480989.8612475,-37,-107,34
1739480989.9062476,-40,-57,26
1739480989.9522476,5,-58,-93
1739480989.9982476,40,3,10
1739480990.0432477,-65,-9,27
1739480990.0892477,-10,-59,24
1739480990.1352477,52,-63,-4
1739480990.1812477,75,12,-29
1739480990.2262475,-26,-86,-48
1739480990.2722476,106,61,53
1739480990.3182476,29,-63,-18
1739480990.3632476,106,-4,-38
1739480990.4092476,-71,125,-82
1739480990.4552476,-22,-28,-114
1739480990.5012476,58,-83,30
1739480990.5462475,-44,82,-51
1739480990.5922475,-48,-128,-78
1739480990.6382475,34,99,-24
1739480990.6832476,29,3,-45
1739480990.7292476,42,69,-76
1739480990.7752476,-85,2,-130
1739480990.8212476,22,-5,66
1739480990.8662477,-45,12,-56
1739480990.9122477,27,-57,33
1739480990.9582477,10,-43,-25
1739480991.0032475,44,85,-49
1739480991.0492475,52,105,-17
1739480991.0952475,12,-63,-2
1739480991.1412475,39,-65,-4
1739480991.1862476,-31,-30,-74
1739480991.2322476,-24,-24,-46
1739480991.2782476,35,-87,-52
1739480991.3232474,53,-85,-79
1739480991.3692474,48,-9,22
1739480991.4152474,-21,-104,82
1739480991.4612474,115,-5,25
1739480991.5062475,-14,-110,-89
1739480991.5522475,9,-71,37
1739480991.5982475,-25,-38,-35
1739480991.6432476,57,-9,-2
1739480991.6892476,2,-153,-28
1739480991.7352476,-13,4,-35
1739480991.7812476,31,-157,-70
1739480991.8262477,-14,-86,-65
1739480991.8722477,34,-44,-45
1739480991.9232476,-13,59,7
1739480991.9692476,53,26,-47
1739480992.0152476,69,2,-21
1739480992.0612476,51,24,-97
1739480992.1062477,-11,-57,-22
1739480992.1522477,24,-8,-18
1739480992.1982474,43,-52,-67
1739480992.2432475,-14,89,26
1739480992.2892475,43,-54,-63
1739480992.3352475,65,-56,31
1739480992.3812475,45,-16,4
1739480992.4262476,-91,-77,-54
1739480992.4722476,-7,-63,-139
1739480992.5182476,40,-66,93
1739480992.5632474,37,-98,-51
1739480992.6092474,-94,-25,-49
1739480992.6552474,-88,71,56
1739480992.7012477,14,-32,-57
1739480992.7462475,0,41,-78
1739480992.7922475,60,-34,-6
1739480992.8382475,68,-94,0
1739480992.8832476,50,-8,66
1739480992.9292476,-73,-41,-56
1739480992.9752476,-44,-129,24
1739480993.0212476,32,-22,-78
1739480993.0662477,-24,7,-36
1739480993.1122477,12,-48,-84
1739480993.1582477,0,-222,-72
1739480993.2032475,18,38,74
1739480993.2492476,-56,-3,-10
1739480993.2952476,20,0,-26
1739480993.3412476,10,-35,-90
1739480993.3862476,-20,-12,-110
1739480993.4322476,44,-1,64
1739480993.4782476,-40,-67,16
1739480993.5232477,13,-52,-162
1739480993.5692475,-63,1,-72
1739480993.6152475,0,-72,-136
1739480993.6612475,41,-84,-56
1739480993.7062476,21,8,-79
1739480993.7522476,-1,-84,-48
1739480993.7982476,81,-132,17
1739480993.8432477,-4,-41,-84
1739480993.8892477,10,36,-77
1739480993.9352477,19,58,31
1739480993.9812477,-104,-43,-60
1739480994.0262475,9,60,29
1739480994.0722475,39,-70,-5
1739480994.1182475,-11,-115,-24
1739480994.1632476,0,65,-81
1739480994.2092476,6,-38,57
1739480994.2552476,77,-78,33
1739480994.3012476,72,-12,-14
1739480994.3462474,40,-107,-102
1739480994.3922474,37,-41,-95
1739480994.4382474,19,-19,-80
1739480994.4832475,26,-23,-80
1739480994.5292475,-45,-156,-84
1739480994.5752475,-24,-64,33
1739480994.6212475,33,7,33
1739480994.6662476,85,-21,-28
1739480994.7122476,2,-37,-37
1739480994.7582476,-26,-106,-3
1739480994.8032477,54,-77,-190
1739480994.8492477,26,-10,-59
1739480994.8952477,5,-92,-126
1739480994.9412477,-15,-77,15
1739480994.9862475,-55,-100,31
1739480995.0322475,76,101,37
1739480995.0782475,1,-34,-24
1739480995.1232476,2,-32,-3
1739480995.1692476,60,52,-23
1739480995.2152476,28,-38,-123
1739480995.2612476,7,70,-14
1739480995.3062477,64,8,11
1739480995.3522477,2,-48,-41
1739480995.3982477,-39,-46,31
1739480995.4432476,26,47,-19
1739480995.4892476,-10,-60,-42
1739480995.5352476,46,-47,-50
1739480995.5812476,3,12,-16
1739480995.6262476,-15,-80,78
1739480995.6722476,42,79,-67
1739480995.7182477,-40,-8,-112
1739480995.7632475,99,0,18
1739480995.8092475,15,-84,-47
1739480995.8552475,22,15,-48
1739480995.9012475,-20,-88,6
1739480995.9462476,-55,6,-99
1739480995.9922476,-108,-100,-162
1739480996.0382476,78,53,32
1739480996.0832477,69,-77,32
1739480996.1292477,-132,44,71
1739480996.1752477,-24,49,-74
1739480996.2212474,74,-3,-41
1739480996.2662475,-21,-64,21
1739480996.3122475,-50,12,-30
1739480996.3582475,0,0,-95
1739480996.4032476,-13,-49,-24
1739480996.4492476,93,25,-52
1739480996.4952476,71,-115,-41
1739480996.5412476,50,-31,5
1739480996.5862474,-58,-76,-39
1739480996.6322474,8,-20,-129
1739480996.6782477,-25,-14,21
1739480996.7232475,-17,-42,-95
1739480996.7692475,50,-59,-86
1739480996.8152475,19,-51,-9
1739480996.8612475,20,-39,-8
1739480996.9062476,-7,-94,26
1739480996.9522476,-26,-42,61
1739480996.9982476,48,13,-104
1739480997.0432477,-22,50,-140
1739480997.0892477,-6,-9,-59
1739480997.1352477,-65,-88,-35
1739480997.1812477,-18,-49,162
1739480997.2262475,-61,-102,-30
1739480997.2722476,35,-111,-70
1739480997.3182476,0,61,-128
1739480997.3632476,-16,-56,35
1739480997.4092476,-50,-60,-50
1739480997.4552476,-68,86,-102
1739480997.5012476,-83,-46,-66
1739480997.5462475,-41,28,-46
1739480997.5922475,45,71,88
1739480997.6382475,-35,-72,-40
1739480997.6832476,-74,-18,5
1739480997.7292476,-6,-86,-36
1739480997.7752476,12,-91,-94
1739480997.8212476,-15,-219,16
1739480997.8662477,14,-63,8
1739480997.9122477,46,-79,-76
1739480997.9582477,-47,-26,-23
1739480998.0032475,-45,-150,-48
1739480998.0492475,19,-93,-48
1739480998.0952475,32,-83,-101
1739480998.1412475,-22,-86,-87
1739480998.1862476,-12,19,0
1739480998.2322476,-45,-18,-40
1739480998.2782476,-83,20,20
1739480998.3232474,-54,-18,39
1739480998.3692474,-34,-8,-8
1739480998.4152474,-34,34,-123
1739480998.4612474,9,-1,-31
1739480998.5062475,-76,-20,-99
1739480998.5522475,6,-115,-136
1739480998.5982475,-7,-31,-141
1739480998.6432476,25,-111,-101
1739480998.6892476,-39,36,52
1739480998.7352476,-53,2,-114
1739480998.7812476,6,-30,67
1739480998.8262477,-16,-172,-16
1739480998.8722477,14,-23,10
1739480998.9182477,-34,-8,-26
1739480998.9632475,-117,36,58
1739480999.0092475,8,-9,-65
1739480999.0552475,-5,-104,-9
1739480999.1012475,-34,-46,-47
1739480999.1462476,-1,-35,-126
1739480999.1922476,6,3,-109
1739480999.2382476,-20,34,-46
1739480999.2832477,29,-33,-2
1739480999.3292477,-49,-22,31
1739480999.3752477,-51,-76,-67
1739480999.4212475,13,99,-74
1739480999.4662476,9,89,-68
1739480999.5122476,-16,-26,-32
1739480999.5582476,-26,0,0
1739480999.6032476,71,-5,-3
1739480999.6492476,-21,-10,-87
1739480999.6952477,-3,-14,6
1739480999.7412477,11,88,-58
1739480999.7862475,-61,104,45
1739480999.8322475,-46,-142,16
1739480999.8782475,-24,-94,-112
1739480999.9232476,-21,122,33
1739480999.9692476,-68,6,-18
1739481000.0152476,-40,52,-9
1739481000.0612476,19,-33,-7
1739481000.1062477,-80,20,-43
1739481000.1522477,-83,-176,4
1739481000.1982474,-133,-106,-82
1739481000.2432475,-84,-62,-85
1739481000.2892475,-10,-5,-7
1739481000.3342476,-18,9,0
1739481000.3792477,-54,-69,40
1739481000.4252477,43,-16,-8
1739481000.4712474,53,-52,-62
1739481000.5172474,0,-158,-29
1739481000.5622475,-34,-120,-46
1739481000.6082475,-8,-93,-50
1739481000.6542475,22,6,-113
1739481000.6992476,23,-56,-110
1739481000.7452476,15,15,-93
1739481000.7912476,-88,-47,-26
1739481000.8372476,45,-46,133
1739481000.8822474,27,52,-62
1739481000.9282477,-33,-137,15
1739481000.9742477,-45,61,-116
1739481001.0192475,-18,-47,-22
1739481001.0652475,49,-76,38
1739481001.1112475,25,-86,133
1739481001.1572475,-34,-105,-48
1739481001.2022476,10,-40,-100
1739481001.2482476,56,-62,-27
1739481001.2942476,-67,93,-96
1739481001.3392477,67,-58,22
1739481001.3852477,-27,-21,115
1739481001.4312477,31,-48,44
1739481001.4772477,-13,-107,58
1739481001.5222476,65,14,-10
1739481001.5682476,36,-20,57
1739481001.6142476,-86,-155,-116
1739481001.6592476,49,10,-12
1739481001.7052476,-11,-1,-23
1739481001.7512476,46,-84,-121
1739481001.7972476,-29,-185,39
1739481001.8422475,-77,-25,-108
1739481001.8882475,8,7,-25
1739481001.9392476,-10,-95,-43
1739481001.9852476,96,-2,20
1739481002.0312476,-102,-71,-28
1739481002.0772476,-58,93,-113
1739481002.1222477,-28,-51,-65
1739481002.1682477,-24,-181,-104
1739481002.2142477,-44,3,125
1739481002.2592475,15,4,-55
1739481002.3052475,-30,45,5
1739481002.3512475,-14,-30,-7
1739481002.3972476,34,-10,-176
1739481002.4422476,-9,-3,-45
1739481002.4882476,58,16,-62
1739481002.5342476,11,-16,90
1739481002.5792477,14,-64,-82
1739481002.6252477,-62,-81,-87
1739481002.6712475,-78,-37,-38
1739481002.7172475,-17,50,-117
1739481002.7622476,30,90,-89
1739481002.8082476,-30,45,-112
1739481002.8542476,-21,-39,-7
1739481002.8992476,-53,-87,-24
1739481002.9452477,11,-60,-40
1739481002.9912477,-57,139,-39
1739481003.0372477,25,-14,-103
1739481003.0822475,19,-34,-38
1739481003.1282475,-11,-103,-76
1739481003.1742475,30,-96,-23
1739481003.2192476,-3,-101,39
1739481003.2652476,-46,-21,82
1739481003.3112476,16,76,-11
1739481003.3572476,-82,-133,-113
1739481003.4022477,-28,-65,63
1739481003.4482474,24,78,6
1739481003.4942474,-36,-17,99
1739481003.5392475,-52,-109,50
1739481003.5852475,53,-98,-33
1739481003.6312475,-69,-49,-52
1739481003.6772475,-26,-25,-67
1739481003.7222476,-25,-95,36
1739481003.7682476,78,-24,-24
1739481003.8142476,-26,-45,-4
1739481003.8592474,2,-12,-14
1739481003.9052474,-4,-146,2
1739481003.9512477,1,-9,-59
1739481003.9972477,89,10,-34
1739481004.0422475,-22,-31,29
1739481004.0882475,8,7,-214
1739481004.1342475,12,-51,42
1739481004.1792476,56,-34,-42
1739481004.2252476,-22,-95,41
1739481004.2712476,75,0,-153
1739481004.3172476,-86,81,34
1739481004.3622477,13,-122,-42
1739481004.4082477,-2,-21,-9
1739481004.4542477,60,176,-53
1739481004.4992476,-38,-37,21
1739481004.5452476,45,-14,-87
1739481004.5912476,-36,-33,43
1739481004.6372476,41,-24,90
1739481004.6822476,32,-76,-12
1739481004.7282476,24,-6,-47
1739481004.7742476,15,0,-55
1739481004.8192475,-52,-3,-81
1739481004.8652475,-40,7,-95
1739481004.9112475,62,32,-47
1739481004.9572475,-112,-5,-237
1739481005.0022476,-26,-61,-68
1739481005.0482476,0,11,13
1739481005.0942476,28,-16,-24
1739481005.1392477,-36,-83,21
1739481005.1852477,33,-132,-25
1739481005.2312477,72,60,-13
1739481005.2772477,-20,-17,-68
1739481005.3222475,3,-19,37
1739481005.3682475,4,6,28
1739481005.4142475,51,2,22
1739481005.4592476,42,-154,-102
1739481005.5052476,-62,-23,-94
1739481005.5512476,-1,18,-52
1739481005.5972476,59,-202,-88
1739481005.6422474,5,-35,4
1739481005.6872475,-61,7,-122
1739481005.7332475,-21,-55,1
1739481005.7782476,-23,34,-92
1739481005.8242476,109,-164,-30
1739481005.8702476,54,0,-22
1739481005.9152474,-42,4,31
1739481005.9612474,-110,-100,-4
1739481006.0072474,-34,-34,3
1739481006.0532477,67,-36,15
1739481006.0982475,25,-9,26
1739481006.1442475,7,36,-57
1739481006.1902475,-23,-37,-31
1739481006.2352476,-35,95,-110
1739481006.2812476,-18,-28,59
1739481006.3272476,23,76,-63
1739481006.3732476,88,-102,-29
1739481006.4182477,26,0,-140
1739481006.4642477,-43,-40,-28
1739481006.5102477,-20,66,27
1739481006.5552475,62,-137,-86
1739481006.6012475,-33,-48,16
1739481006.6472476,-17,-66,-16
1739481006.6932476,4,-4,-82
1739481006.7382476,17,48,-223
1739481006.7842476,-38,-88,-23
1739481006.8302476,46,67,49
1739481006.8752477,-57,1,-31
1739481006.9212475,-37,-83,-14
1739481006.9672475,-15,-44,9
1739481007.0132475,-42,-18,66
1739481007.0582476,44,-141,-14
1739481007.1042476,25,-103,-61
1739481007.1502476,-51,39,-42
1739481007.1952477,-3,-13,-18
1739481007.2412477,-39,-99,-50
1739481007.2872477,107,-52,-72
1739481007.3332477,-45,87,-86
1739481007.3782475,16,-119,96
1739481007.4242475,29,-24,17
1739481007.4702475,-86,-87,-84
1739481007.5152476,-4,-88,-41
1739481007.5612476,-5,28,-6
1739481007.6072476,16,-71,25
1739481007.6532476,-50,-41,-10
1739481007.6982474,-86,-107,-1
1739481007.7442474,-27,1,-52
1739481007.7902474,-5,-34,-44
1739481007.8352475,-84,36,-61
1739481007.8812475,20,-89,-88
1739481007.9272475,-24,40,-6
1739481007.9732475,-8,-138,27
1739481008.0182476,23,34,-12
1739481008.0642476,-31,-12,-7
1739481008.1102476,-23,-10,-61
1739481008.1552474,8,-80,-54
1739481008.2012477,32,-99,-71
1739481008.2472477,54,-41,-82
1739481008.2932477,-5,-2,-166
1739481008.3382475,30,9,29
1739481008.3842475,3,-3,-47
1739481008.4302475,-20,10,43
1739481008.4752476,39,-21,-56
1739481008.5212476,-31,-90,-40
1739481008.5672476,3,21,-43
1739481008.6132476,54,63,-86
1739481008.6582477,64,13,144
1739481008.7042477,12,-9,-51
1739481008.7502477,48,67,-127
1739481008.7952476,-17,-14,76
1739481008.8412476,1,-154,-42
1739481008.8872476,-56,40,-129
1739481008.9332476,-6,-34,-11
1739481008.9782476,-107,12,-7
1739481009.0242476,-22,-72,22
1739481009.0702477,-84,6,-33
1739481009.1152475,-88,-16,-37
1739481009.1612475,-48,-34,66
1739481009.2072475,94,45,-53
1739481009.2532475,103,15,-136
1739481009.2982476,-1,-21,15
1739481009.3442476,71,80,-47
1739481009.3902476,-42,-47,-17
1739481009.4352477,-61,-135,99
1739481009.4812477,6,-9,-26
1739481009.5272477,-107,45,94
1739481009.5732474,-64,-19,-92
1739481009.6182475,46,-30,-54
1739481009.6642475,-47,3,-53
1739481009.7102475,-3,28,-209
1739481009.7552476,-58,-124,-45
1739481009.8012476,19,29,-40
1739481009.8472476,35,-39,79
1739481009.8932476,0,36,56
1739481009.9382474,60,-56,-35
1739481009.9842474,-57,-127,-21
1739481010.0302474,-15,-41,-11
1739481010.0752475,-27,-90,-157
1739481010.1212475,-15,-66,117
1739481010.1672475,30,-51,-83
1739481010.2132475,-56,-118,-74
1739481010.2582476,71,-35,-52
1739481010.3042476,-66,-92,137
1739481010.3502476,-29,36,-72
1739481010.3952477,17,-15,-8
1739481010.4412477,-29,-138,15
1739481010.4872477,-11,-75,-62
1739481010.5332477,-18,-116,5
1739481010.5782475,35,70,-114
1739481010.6242476,-4,36,-9
1739481010.6702476,-8,-82,-162
1739481010.7152476,4,-52,-74
1739481010.7612476,-22,44,-66
1739481010.8072476,-84,-58,-81
1739481010.8532476,-19,21,-30
1739481010.8982477,-11,-23,-222
1739481010.9442475,-3,-31,-31
1739481010.9902475,-13,-171,-42
1739481011.0352476,88,-4,-65
1739481011.0812476,33,-30,-51
1739481011.1272476,4,-113,-21
1739481011.1732476,-11,-207,-123
1739481011.2182477,97,-14,-5
1739481011.2642477,62,-70,-82
1739481011.3102477,-85,-23,-59
1739481011.3552475,39,-144,-36
1739481011.4012475,19,-18,-78
1739481011.4472475,45,4,22
1739481011.4932475,-49,-62,11
1739481011.5382476,-18,-16,-66
1739481011.5842476,118,77,-78
1739481011.6302476,-12,-4,-1
1739481011.6752477,79,-17,-11
1739481011.7212474,-86,-24,-39
1739481011.7672474,6,-7,6
1739481011.8122475,-7,-30,-60
1739481011.8582475,-40,-64,3
1739481011.9042475,-2,55,-71
1739481011.9552476,4,79,15
1739481012.0012476,11,-116,-45
1739481012.0472476,129,18,-93
1739481012.0922475,9,-116,0
1739481012.1382475,12,-40,-118
1739481012.1842475,-41,-71,36
1739481012.2302475,36,-110,-31
1739481012.2752476,8,-27,-104
1739481012.3212476,-62,42,-60
1739481012.3672476,93,-115,-91
1739481012.4122477,40,-45,14
1739481012.4582477,-9,-89,-79
1739481012.5042477,2,-51,-64
1739481012.5512476,32,15,-108
1739481012.5962474,-7,-76,30
1739481012.6422474,33,-85,-111
1739481012.6882474,-52,-66,-163
1739481012.7342474,27,-173,53
1739481012.7792475,76,9,25
1739481012.8252475,-3,20,-35
1739481012.8712475,26,59,-56
1739481012.9162476,-76,-58,-106
1739481012.9622476,34,-3,59
1739481013.0082476,61,51,53
1739481013.0542476,66,-67,-52
1739481013.0992477,-23,-57,-29
1739481013.1452477,0,-49,-87
1739481013.1912477,83,25,9
1739481013.2362475,-38,100,-109
1739481013.2822475,31,-140,0
1739481013.3282475,70,-91,4
1739481013.3742476,-3,-44,-142
1739481013.4192476,-32,-8,-81
1739481013.4652476,45,17,13
1739481013.5112476,-51,-44,-19
1739481013.5562477,-31,38,68
1739481013.6022477,-30,42,24
1739481013.6482477,31,-21,-98
1739481013.6942475,-23,6,-131
1739481013.7392476,-1,-22,-108
1739481013.7852476,7,-107,-36
1739481013.8312476,-5,-9,-12
1739481013.8762476,-7,-96,-50
1739481013.9222476,-41,46,0
1739481013.9682477,-53,12,26
1739481014.0142477,-38,-12,18
1739481014.0592475,-43,-2,-69
1739481014.1052475,-95,-4,-44
1739481014.1512475,41,-25,-70
1739481014.1962476,12,23,32
1739481014.2422476,-40,-104,-80
1739481014.2882476,-18,-36,19
1739481014.3342476,-16,-96,100
1739481014.3792477,50,-15,18
1739481014.4252477,29,-93,7
1739481014.4712474,43,55,-90
1739481014.5162475,26,-81,-40
1739481014.5622475,31,-55,-16
1739481014.6082475,-22,-10,-93
1739481014.6542475,12,-21,-55
1739481014.6992476,18,-107,-106
1739481014.7452476,6,-3,-124
1739481014.7912476,19,-59,43
1739481014.8362474,2,9,20
1739481014.8822474,-67,-60,0
1739481014.9282477,20,-57,12
1739481014.9742477,35,-83,78
1739481015.0192475,31,-131,-34
1739481015.0652475,-86,-22,-127
1739481015.1112475,33,-87,-128
1739481015.1562476,-38,52,-103
1739481015.2022476,95,-17,24
1739481015.2482476,-18,-38,-15
1739481015.2942476,-35,-124,-73
1739481015.3392477,37,89,-40
1739481015.3852477,41,-11,-24
1739481015.4312477,62,-41,69
1739481015.4762475,-73,-88,2
1739481015.5222476,-20,-88,-59
1739481015.5682476,-26,6,-105
1739481015.6142476,22,-17,-160
1739481015.6592476,-6,-12,52
1739481015.7052476,6,-161,-117
1739481015.7512476,51,-33,-73
1739481015.7962475,-31,-22,-3
1739481015.8422475,-5,-72,51
1739481015.8882475,55,53,-42
1739481015.9342475,37,39,22
1739481015.9792476,-44,-112,-31
1739481016.0252476,84,-81,-140
1739481016.0712476,-36,-36,-105
1739481016.1162477,-3,-53,-67
1739481016.1622477,11,-105,59
1739481016.2082477,53,-63,-57
1739481016.2542477,-93,-44,51
1739481016.2992475,4,-79,-32
1739481016.3452475,-22,-26,9
1739481016.3912475,-62,-50,-72
1739481016.4362476,-7,12,0
1739481016.4822476,36,-21,101
1739481016.5282476,4,23,-114
1739481016.5742476,83,-17,-106
1739481016.6192474,16,-46,34
1739481016.6652474,2,14,-56
1739481016.7112474,29,-57,-99
1739481016.7562475,13,-58,-102
1739481016.8022475,-132,44,22
1739481016.8482475,63,-83,9
1739481016.8942475,-26,7,65
1739481016.9392476,19,-3,-27
1739481016.9852476,-22,-64,-12
1739481017.0312476,25,-62,-19
1739481017.0762477,-49,-109,-94
1739481017.1222477,69,-27,-203
1739481017.1682477,-31,-121,69
1739481017.2142477,1,-65,26
1739481017.2592475,-6,-43,-25
1739481017.3052475,61,32,109
1739481017.3512475,-1,-20,-48
1739481017.3962476,9,-40,54
1739481017.4422476,104,70,-88
1739481017.4882476,-45,-7,-10
1739481017.5342476,-13,-83,-86
1739481017.5792477,68,-84,-55
1739481017.6252477,35,24,112
1739481017.6712475,-19,-63,27
1739481017.7162476,-47,-35,93
1739481017.7622476,-56,-1,-47
1739481017.8082476,40,-8,-68
1739481017.8542476,42,-8,45
1739481017.8992476,14,-78,-69
1739481017.9452477,-93,-19,49
1739481017.9912477,60,-38,-13
1739481018.0362475,-62,-19,-95
1739481018.0822475,-54,-105,-65
1739481018.1282475,-11,0,-30
1739481018.1742475,47,-62,0
1739481018.2192476,-28,11,-74
1739481018.2652476,6,29,32
1739481018.3112476,-26,-57,75
1739481018.3562477,-53,33,-58
1739481018.4022477,-43,-95,-46
1739481018.4482474,-13,-13,17
1739481018.4942474,39,-126,28
1739481018.5392475,-83,39,-66
1739481018.5852475,16,-81,6
1739481018.6312475,9,-48,-43
1739481018.6762476,29,48,5
1739481018.7222476,-5,26,-119
1739481018.7682476,16,126,-164
1739481018.8142476,-33,97,112
1739481018.8592474,-5,-79,-49
1739481018.9052474,-6,-17,48
1739481018.9512477,-13,-115,-73
1739481018.9962475,-45,-27,-126
1739481019.0422475,-13,-65,17
1739481019.0882475,-5,0,-9
1739481019.1342475,-15,-77,-44
1739481019.1792476,-11,77,-117
1739481019.2252476,16,-28,-75
1739481019.2712476,-17,-51,0
1739481019.3162477,46,-70,24
1739481019.3622477,-35,-1,-113
1739481019.4082477,-67,13,-44
1739481019.4542477,-1,-43,-92
1739481019.4992476,-5,-72,17
1739481019.5452476,-9,-43,-8
1739481019.5912476,19,-84,-32
1739481019.6362476,10,-16,-38
1739481019.6822476,12,46,-126
1739481019.7282476,-6,-57,-67
1739481019.7742476,-5,-10,-1
1739481019.8192475,27,-110,90
1739481019.8652475,-22,-53,-50
1739481019.9112475,-30,1,10
1739481019.9562476,2,-55,-44
1739481020.0022476,-25,-1,-48
1739481020.0482476,44,-4,-124
1739481020.0942476,-56,-31,24
1739481020.1392477,-46,-43,146
1739481020.1852477,30,26,118
1739481020.2312477,-30,81,-49
1739481020.2762475,-57,-141,-89
1739481020.3222475,-20,61,-65
1739481020.3682475,-22,-59,-86
1739481020.4142475,44,-6,-77
1739481020.4592476,-2,37,-73
1739481020.5052476,-1,-140,4
1739481020.5512476,124,24,-84
1739481020.5962474,59,-130,85
1739481020.6422474,-61,-71,-63
1739481020.6882474,-49,-19,119
1739481020.7342474,14,-62,1
1739481020.7792475,15,-16,-76
1739481020.8252475,-37,-65,-19
1739481020.8712475,-122,7,-144
1739481020.9162476,9,-24,46
1739481020.9622476,16,-64,44
1739481021.0082476,56,34,-77
1739481021.0542476,-33,-89,10
1739481021.0992477,93,4,-62
1739481021.1452477,-35,-49,-87
1739481021.1912477,17,38,-100
1739481021.2362475,-6,-81,-46
1739481021.2822475,27,-128,-54
1739481021.3282475,20,-52,-47
1739481021.3742476,17,20,-62
1739481021.4192476,-18,9,-30
1739481021.4652476,57,-58,-84
1739481021.5112476,12,-4,-93
1739481021.5562477,-24,11,9
1739481021.6022477,-23,-59,-100
1739481021.6482477,-36,-55,8
1739481021.6942475,55,-86,-47
1739481021.7392476,-20,45,11
1739481021.7852476,-18,-39,-44
1739481021.8312476,-9,-27,-11
1739481021.8762476,-5,-5,29
1739481021.9222476,-34,-3,136
1739481021.9742477,11,-50,67
1739481022.0192475,86,-4,51
1739481022.0652475,39,58,0
1739481022.1112475,-23,15,23
1739481022.1562476,-8,47,32
1739481022.2022476,50,52,7
1739481022.2482476,62,-76,-69
1739481022.2942476,-67,-169,0
1739481022.3392477,53,70,-14
1739481022.3852477,9,-31,-13
1739481022.4312477,46,-16,-59
1739481022.4762475,-75,-61,-62
1739481022.5222476,0,-19,70
1739481022.5682476,0,-70,-70
1739481022.6142476,16,-8,-162
1739481022.6582477,-5,-85,6
1739481022.7042477,12,-109,-41
1739481022.7502477,-5,2,-120
1739481022.7952476,35,-88,20
1739481022.8412476,-7,-118,-120
1739481022.8872476,26,-144,-28
1739481022.9322476,-25,-23,-65
1739481022.9782476,-9,53,-62
1739481023.0242476,-5,-98,6
1739481023.0702477,86,-16,-132
1739481023.1152475,-19,-1,36
1739481023.1612475,-60,71,-69
1739481023.2072475,-13,-21,-82
1739481023.2522476,-86,-11,13
1739481023.2982476,-27,-47,-24
1739481023.3442476,22,-76,-30
1739481023.3902476,12,-100,-77
1739481023.4352477,11,0,-6
1739481023.4812477,-9,2,15
1739481023.5272477,82,4,12
1739481023.5722475,26,-66,66
1739481023.6182475,6,-10,2
1739481023.6642475,5,38,-150
1739481023.7102475,105,-116,6
1739481023.7552476,-63,-3,-57
1739481023.8012476,-32,-105,-133
1739481023.8472476,-23,-17,-58
1739481023.8922474,-4,-48,-63
1739481023.9382474,18,41,-137
1739481023.9842474,-33,-83,-9
1739481024.0302474,29,-72,-30
1739481024.0752475,4,5,11
1739481024.1212475,-36,43,-100
1739481024.1672475,-18,-41,-114
1739481024.2122476,25,40,-8
1739481024.2582476,40,-8,-117
1739481024.3042476,33,-66,-33
1739481024.3502476,6,-56,14
1739481024.3952477,43,72,-136
1739481024.4412477,56,118,-101
1739481024.4872477,-12,-29,1
1739481024.5322475,-23,39,-55
1739481024.5782475,6,-28,-16
1739481024.6242476,2,-43,-2
1739481024.6702476,-22,25,-8
1739481024.7152476,-46,77,-14
1739481024.7612476,-32,-3,-93
1739481024.8072476,-29,-75,-36
1739481024.8522477,-15,-85,-50
1739481024.8982477,14,-72,17
1739481024.9442475,-58,-19,-27
1739481024.9902475,-34,-59,0
1739481025.0352476,60,-110,-59
1739481025.0812476,-23,21,-81
1739481025.1272476,-16,-31,-54
1739481025.1722476,34,34,-145
1739481025.2182477,53,28,65
1739481025.2642477,-50,-24,-46
1739481025.3102477,15,-173,-140
1739481025.3552475,-35,-74,-23
1739481025.4012475,-46,-23,-5
1739481025.4472475,-35,-77,-40
1739481025.4922476,-18,-97,37
1739481025.5382476,-111,-9,35
1739481025.5842476,27,-46,87
1739481025.6302476,56,30,-31
1739481025.6752477,-32,9,-114
1739481025.7212474,-4,-28,-182
1739481025.7672474,34,-32,-138
1739481025.8122475,21,-90,13
1739481025.8582475,-12,135,-77
1739481025.9042475,12,-8,-121
1739481025.9502475,-1,-102,-87
1739481025.9952476,57,-30,5
1739481026.0412476,10,-52,5
1739481026.0872476,23,-162,81
1739481026.1322474,6,85,-67
1739481026.1782477,-63,55,29
1739481026.2242477,-54,-55,-9
1739481026.2702477,-13,-68,-23
1739481026.3152475,-15,33,-1
1739481026.3612475,-10,89,-74
1739481026.4072475,-54,-41,-55
1739481026.4522476,32,4,69
1739481026.4982476,33,-154,-23
1739481026.5442476,-28,-45,77
1739481026.5902476,-20,-55,56
1739481026.6352477,3,-46,-106
1739481026.6812477,27,-2,-24
1739481026.7272477,22,-104,9
1739481026.7722476,-30,5,-12
1739481026.8182476,-36,-55,-46
1739481026.8642476,-39,1,-50
1739481026.9102476,5,-28,-117
1739481026.9552476,-53,-37,-26
1739481027.0012476,32,-38,58
1739481027.0472476,-47,11,9
1739481027.0922475,-14,-53,-52
1739481027.1382475,0,67,35
1739481027.1842475,49,-32,-130
1739481027.2302475,55,-18,12
1739481027.2752476,-63,63,-33
1739481027.3212476,-41,-75,-29
1739481027.3672476,-12,55,-6
1739481027.4122477,-17,5,6
1739481027.4582477,-34,29,-56
1739481027.5042477,181,14,-33
1739481027.5502477,-140,-93,-22
1739481027.5952475,5,101,-93
1739481027.6412475,-33,-50,-129
1739481027.6872475,-14,-14,-46
1739481027.7322476,-17,-46,0
1739481027.7782476,-24,58,-40
1739481027.8242476,-22,-144,-15
1739481027.8702476,-5,-132,-60
1739481027.9152474,56,-95,-5
1739481027.9612474,47,-43,-42
1739481028.0072474,5,10,124
1739481028.0522475,-8,-61,-86
1739481028.0982475,92,-66,5
1739481028.1442475,-65,-27,-23
1739481028.1902475,26,-104,61
1739481028.2352476,41,48,-66
1739481028.2812476,-14,73,-71
1739481028.3272476,8,-146,18
1739481028.3722477,42,28,-12
1739481028.4182477,3,-50,-2
1739481028.4642477,-25,-73,-19
1739481028.5102477,53,-66,69
1739481028.5552475,3,-79,-4
1739481028.6012475,-56,-61,-76
1739481028.6472476,6,-70,-150
1739481028.6922476,27,-182,-163
1739481028.7382476,-75,-117,-111
1739481028.7842476,-7,-87,-25
1739481028.8302476,-23,-64,34
1739481028.8752477,106,16,26
1739481028.9212475,-51,-79,-115
1739481028.9672475,43,16,90
1739481029.0122476,17,-80,-26
1739481029.0582476,-1,22,-128
1739481029.1042476,-37,-11,-24
1739481029.1502476,18,-65,-11
1739481029.1952477,-72,-34,-168
1739481029.2412477,44,-15,60
1739481029.2872477,-100,108,-24
1739481029.3322475,9,109,-96
1739481029.3782475,1,103,-11
1739481029.4242475,57,-3,30
1739481029.4702475,8,-147,-69
1739481029.5152476,31,-5,-96
1739481029.5612476,-29,-82,-59
1739481029.6072476,-14,-14,-61
1739481029.6522477,15,-45,-18
1739481029.6982474,34,19,-156
1739481029.7442474,-1,-31,-47
1739481029.7902474,38,35,-25
1739481029.8352475,-76,48,-31
1739481029.8812475,-9,-36,-64
1739481029.9272475,-17,70,-53
1739481029.9722476,-51,-38,-66
1739481030.0182476,-23,-110,-26
1739481030.0642476,-93,-126,-65
1739481030.1102476,13,115,62
1739481030.1552474,-15,18,-24
1739481030.2012477,2,28,-27
1739481030.2472477,-15,60,-55
1739481030.2922475,12,-11,30
1739481030.3382475,62,7,-66
1739481030.3842475,18,75,-133
1739481030.4302475,-13,-106,76
1739481030.4752476,-30,12,-7
1739481030.5212476,-8,-35,-37
1739481030.5672476,-74,-56,8
1739481030.6122477,85,-103,33
1739481030.6582477,60,-47,-77
1739481030.7042477,8,-196,-38
1739481030.7502477,11,13,-46
1739481030.7952476,0,-23,9
1739481030.8412476,-21,-73,-18
1739481030.8872476,-70,-69,-95
1739481030.9322476,-15,-103,28
1739481030.9782476,-9,-73,67
1739481031.0242476,-47,-111,-112
1739481031.0702477,-80,71,3
1739481031.1152475,-69,7,-3
1739481031.1612475,-36,-25,-36
1739481031.2072475,-53,-91,-44
1739481031.2522476,-3,0,-10
1739481031.2982476,-94,-83,19
1739481031.3442476,-30,-1,4
1739481031.3902476,-29,-123,211
1739481031.4352477,3,-91,29
1739481031.4812477,27,-108,-81
1739481031.5272477,0,-20,-29
1739481031.5722475,23,-50,3
1739481031.6182475,-37,-87,48
1739481031.6642475,-107,-94,-117
1739481031.7102475,44,-23,-18
1739481031.7552476,-33,20,-37
1739481031.8002477,58,101,111
1739481031.8462474,-13,46,36
1739481031.8912475,-7,-166,-128
1739481031.9432476,-121,68,-28
1739481031.9882476,0,-69,-44
1739481032.0342476,-74,94,-43
1739481032.0802476,35,-199,-94
1739481032.1262476,48,27,-132
1739481032.1712475,-8,-62,59
1739481032.2172475,77,-65,15
1739481032.2632475,-43,44,86
1739481032.3082476,-24,77,-46
1739481032.3542476,13,-17,-70
1739481032.4002476,73,-1,-165
1739481032.4462476,-97,0,0
1739481032.4912477,95,-61,192
1739481032.5372477,2,-68,76
1739481032.5832477,5,0,-26
1739481032.6282475,18,-84,7
1739481032.6742475,-16,44,-41
1739481032.7202475,-43,78,46
1739481032.7662475,8,-83,22
1739481032.8112476,28,-141,-90
1739481032.8572476,-44,-126,-56
1739481032.9032476,-18,-86,-35
1739481032.9482474,-51,-68,-54
1739481032.9942474,93,-1,-33
1739481033.0402474,1,14,62
1739481033.0862474,-84,108,11
1739481033.1312475,-37,-94,-6
1739481033.1772475,-39,-40,106
1739481033.2232475,52,-21,-57
1739481033.2682476,56,-87,-52
1739481033.3142476,35,-111,-47
1739481033.3602476,-10,10,-70
1739481033.4062476,14,-112,-5
1739481033.4512477,21,104,7
1739481033.4972477,-2,23,-91
1739481033.5432477,-14,113,-117
1739481033.5882475,-16,-82,0
1739481033.6342475,2,-80,-81
1739481033.6802475,-25,-72,-183
1739481033.7262475,3,-58,-55
1739481033.7712476,17,73,-102
1739481033.8172476,-84,-40,-66
1739481033.8632476,9,25,-94
1739481033.9082477,-20,-54,-135
1739481033.9542477,-45,62,71
1739481034.0002477,25,-131,-25
1739481034.0462475,81,-29,-33
1739481034.0912476,65,-91,0
1739481034.1372476,67,19,50
1739481034.1832476,-8,58,59
1739481034.2282476,40,103,-95
1739481034.2742476,-2,-39,-24
1739481034.3202477,16,109,58
1739481034.3662477,-4,-132,80
1739481034.4112475,-11,-58,20
1739481034.4572475,-37,92,-49
1739481034.5032475,52,-129,47
1739481034.5482476,-55,-22,-137
1739481034.5942476,-52,-38,-67
1739481034.6402476,-19,-42,-42
1739481034.6862476,-81,-160,-139
1739481034.7312477,30,-31,-116
1739481034.7772477,-7,-168,-132
1739481034.8232474,-15,22,-89
1739481034.8682475,124,0,38
1739481034.9142475,-56,-92,-82
1739481034.9602475,5,-12,-81
1739481035.0062475,58,59,-76
1739481035.0512476,-91,-62,71
1739481035.0972476,-48,-38,51
1739481035.1432476,-44,-26,106
1739481035.1882474,-65,-12,-67
1739481035.2342474,32,-107,-2
1739481035.2802474,63,-165,-92
1739481035.3262477,-66,-20,37
1739481035.3712475,-44,-38,49
1739481035.4172475,5,-5,-31
1739481035.4632475,-25,34,-84
1739481035.5082476,-17,-42,-39
1739481035.5542476,-56,-26,-33
1739481035.6002476,-39,2,-36
1739481035.6462476,68,-169,-10
1739481035.6912477,-9,-37,-83
1739481035.7372477,22,19,-123
1739481035.7832477,-8,-73,68
1739481035.8282475,-31,154,-6
1739481035.8742476,-112,16,-8
1739481035.9202476,-47,-80,-32
1739481035.9662476,42,-5,-6
1739481036.0112476,4,1,-54
1739481036.0572476,1,-93,8
1739481036.1042476,-36,6,-43
1739481036.1502476,-10,44,-18
1739481036.1952477,6,57,-120
1739481036.2412477,-51,60,-85
1739481036.2872477,16,-223,-33
1739481036.3322475,1,-60,12
1739481036.3782475,26,-115,-41
1739481036.4242475,0,-3,-4
1739481036.4702475,0,22,-3
1739481036.5152476,-29,8,-48
1739481036.5612476,-14,20,-71
1739481036.6072476,-84,-72,-76
1739481036.6522477,-62,-4,3
1739481036.6982474,44,-85,-114
1739481036.7442474,-111,-48,37
1739481036.7902474,22,-29,0
1739481036.8352475,86,-51,-31
1739481036.8812475,54,-25,-16
1739481036.9272475,1,-101,5
1739481036.9722476,-25,-68,-62
1739481037.0182476,-68,-6,149
1739481037.0642476,47,-33,-10
1739481037.1102476,13,-13,16
1739481037.1552474,19,13,-17
1739481037.2012477,-36,48,-33
1739481037.2472477,-48,-118,24
1739481037.2922475,-100,42,-18
1739481037.3382475,66,102,112
1739481037.3842475,-59,-110,15
1739481037.4302475,-4,-3,-101
1739481037.4752476,-43,-7,-37
1739481037.5212476,14,73,75
1739481037.5672476,-46,-94,-54
1739481037.6122477,117,-109,-51
1739481037.6582477,-64,36,-99
1739481037.7042477,51,149,-36
1739481037.7502477,0,-7,-35
1739481037.7952476,-22,23,24
1739481037.8412476,17,-17,106
1739481037.8872476,33,-35,-111
1739481037.9322476,14,0,-83
1739481037.9782476,22,-143,14
1739481038.0242476,-25,16,-128
1739481038.0702477,42,39,-36
1739481038.1152475,21,79,-43
1739481038.1612475,-91,-60,-110
1739481038.2072475,-14,42,-38
1739481038.2522476,17,53,-55
1739481038.2982476,50,29,-9
1739481038.3442476,-76,64,-118
1739481038.3902476,26,11,-52
1739481038.4352477,57,35,-75
1739481038.4812477,-14,-53,-56
1739481038.5272477,44,-5,62
1739481038.5722475,-66,144,-55
1739481038.6182475,-4,-31,-98
1739481038.6642475,-12,-36,-42
1739481038.7102475,31,-163,21
1739481038.7552476,-9,-84,-64
1739481038.8012476,49,-67,-71
1739481038.8472476,-80,-78,-125
1739481038.8922474,12,-1,26
1739481038.9382474,-5,-74,-86
1739481038.9842474,-9,2,-82
1739481039.0302474,-68,-10,-86
1739481039.0752475,-97,-36,-81
1739481039.1212475,-63,-84,-49
1739481039.1672475,-14,27,12
1739481039.2122476,18,23,-26
1739481039.2582476,-94,-6,36
1739481039.3042476,-6,-16,32
1739481039.3502476,-47,-90,-166
1739481039.3952477,-4,-16,-24
1739481039.4412477,74,21,-69
1739481039.4872477,-11,-132,-126
1739481039.5322475,6,-71,7
1739481039.5782475,-11,-38,93
1739481039.6242476,46,14,114
1739481039.6702476,-91,-17,-46
1739481039.7152476,-4,-44,-52
1739481039.7612476,27,-24,0
1739481039.8072476,32,11,20
1739481039.8522477,35,0,-1
1739481039.8982477,41,-118,-118
1739481039.9442475,-23,-27,-25
1739481039.9902475,0,-5,15
1739481040.0352476,2,-95,-76
1739481040.0812476,15,-43,-74
1739481040.1272476,138,-6,43
1739481040.1722476,0,-98,-64
1739481040.2182477,44,-24,-121
1739481040.2642477,59,-88,-91
1739481040.3102477,30,12,46
1739481040.3552475,62,-92,47
1739481040.4012475,5,-43,-92
1739481040.4472475,-9,-41,-67
1739481040.4922476,51,-152,30
1739481040.5382476,-31,-127,-31
1739481040.5842476,19,-127,-18
1739481040.6302476,-42,25,9
1739481040.6752477,2,28,-95
1739481040.7212474,136,-86,-11
1739481040.7672474,-74,97,-38
1739481040.8122475,-28,27,31
1739481040.8582475,-56,-153,-110
1739481040.9042475,-30,-129,47
1739481040.9502475,-72,-69,57
1739481040.9952476,-71,-65,-39
1739481041.0412476,34,-82,-24
1739481041.0872476,62,51,-42
1739481041.1322474,6,-33,0
1739481041.1782477,-6,-44,-46
1739481041.2242477,20,-44,-62
1739481041.2702477,-22,-105,44
1739481041.3152475,25,-28,59
1739481041.3612475,17,-32,37
1739481041.4072475,50,-3,-89
1739481041.4522476,17,-75,1
1739481041.4982476,-63,24,-6
1739481041.5442476,27,-150,-20
1739481041.5902476,-7,-24,61
1739481041.6352477,55,-37,-16
1739481041.6812477,-105,-42,43
1739481041.7272477,82,-64,38
1739481041.7722476,-16,43,82
1739481041.8182476,37,-24,-15
1739481041.8642476,39,-44,111
1739481041.9102476,25,-36,-117
1739481041.9612474,82,18,0
1739481042.0072474,74,-4,172
1739481042.0522475,70,-70,72
1739481042.0982475,-27,-16,-90
1739481042.1442475,-32,-17,-80
1739481042.1902475,17,-48,-129
1739481042.2352476,-6,3,42
1739481042.2812476,32,14,-39
1739481042.3272476,-64,101,-147
1739481042.3722477,7,4,-102
1739481042.4182477,81,-88,69
1739481042.4642477,-73,-74,-39
1739481042.5102477,20,-13,-37
1739481042.5552475,1,-81,22
1739481042.6012475,6,-120,-40
1739481042.6472476,-4,0,103
1739481042.6922476,14,18,26
1739481042.7382476,-31,-35,-37
1739481042.7842476,82,-148,-8
1739481042.8302476,51,-110,-108
1739481042.8752477,48,-50,-96
1739481042.9212475,63,0,-59
1739481042.9672475,-28,-30,30
1739481043.0122476,-8,-52,-59
1739481043.0582476,45,3,-19
1739481043.1042476,15,-91,-91
1739481043.1502476,-72,28,-118
1739481043.1952477,72,59,-21
1739481043.2412477,0,17,-130
1739481043.2872477,-42,-60,64
1739481043.3322475,-16,-34,-111
1739481043.3782475,-59,-43,-31
1739481043.4242475,94,-6,-146
1739481043.4692476,-7,-36,-55
1739481043.5152476,39,0,-40
1739481043.5612476,5,148,27
1739481043.6072476,13,-22,59
1739481043.6522477,-32,102,-131
1739481043.6982474,6,-124,-62
1739481043.7442474,30,21,-27
1739481043.7892475,20,-109,-53
1739481043.8352475,-67,-116,-3
1739481043.8812475,27,55,-65
1739481043.9272475,5,-139,32
1739481043.9722476,59,-29,-42
1739481044.0182476,2,-18,-123
1739481044.0642476,64,21,-65
1739481044.1092474,-8,-24,-18
1739481044.1552474,34,-113,-100
1739481044.2012477,-84,-50,-31
1739481044.2472477,-30,12,-124
1739481044.2922475,35,-26,-8
1739481044.3382475,-26,-38,-52
1739481044.3842475,-15,-64,-37
1739481044.4292476,26,-14,79
1739481044.4752476,-3,-52,-4
1739481044.5212476,13,0,78
1739481044.5672476,-24,-111,38
1739481044.6122477,-48,25,-99
1739481044.6582477,7,-29,55
1739481044.7042477,-3,1,-26
1739481044.7492476,12,-119,-84
1739481044.7952476,-21,35,-101
1739481044.8412476,2,-3,-103
1739481044.8872476,-6,-80,-45
1739481044.9322476,94,-63,43
1739481044.9782476,-8,-90,-58
1739481045.0242476,74,-41,-148
1739481045.0692475,-1,-2,-48
1739481045.1152475,12,-93,-214
1739481045.1612475,-18,-78,57
1739481045.2072475,13,-55,120
1739481045.2522476,37,-119,-16
1739481045.2982476,-68,-78,-131
1739481045.3442476,-29,0,-5
1739481045.3892477,4,-74,-63
1739481045.4352477,-40,54,-74
1739481045.4812477,-6,-23,25
1739481045.5272477,34,-9,-161
1739481045.5722475,4,44,-69
1739481045.6182475,-34,-98,-37
1739481045.6642475,32,35,-67
1739481045.7092476,-29,-76,-11
1739481045.7552476,2,-37,64
1739481045.8012476,48,-19,-49
1739481045.8472476,16,-94,4
1739481045.8922474,37,100,-10
1739481045.9382474,53,-63,-101
1739481045.9842474,-3,-82,-159
1739481046.0292475,43,-15,-45
1739481046.0752475,-71,-62,39
1739481046.1212475,119,-43,-193
1739481046.1672475,-72,36,-53
1739481046.2122476,15,-77,-58
1739481046.2582476,-8,-2,66
1739481046.3042476,5,-77,0
1739481046.3492477,19,-151,-96
1739481046.3952477,-28,-38,-53
1739481046.4412477,101,3,1
1739481046.4872477,31,-59,0
1739481046.5322475,-15,-41,28
1739481046.5782475,14,-29,-7
1739481046.6242476,21,35,31
1739481046.6692476,-12,28,-88
1739481046.7152476,46,1,-1
1739481046.7602477,-33,20,-28
1739481046.8052475,-10,-4,-49
1739481046.8512475,48,-37,-35
1739481046.8972476,-106,-2,-68
1739481046.9432476,-22,-70,6
1739481046.9882476,-16,-30,20
1739481047.0342476,-61,-52,-61
1739481047.0802476,-33,-119,-96
1739481047.1252477,-42,44,28
1739481047.1712475,10,69,6
1739481047.2172475,-23,-78,-10
1739481047.2632475,-64,-94,-107
1739481047.3082476,20,-53,75
1739481047.3542476,41,-1,-66
1739481047.4002476,-6,60,-157
1739481047.4452477,93,-39,-21
1739481047.4912477,-32,28,49
1739481047.5372477,55,-11,43
1739481047.5832477,36,7,-65
1739481047.6282475,17,7,-88
1739481047.6742475,22,31,-39
1739481047.7202475,-71,-50,-137
1739481047.7652476,27,-139,80
1739481047.8112476,15,-37,-186
1739481047.8572476,-42,1,85
1739481047.9032476,-1,38,-67
1739481047.9482474,-26,128,-21
1739481047.9942474,29,51,-70
1739481048.0402474,60,-117,-184
1739481048.0852475,-57,-48,5
1739481048.1312475,-14,-4,46
1739481048.1772475,-20,-50,93
1739481048.2232475,-1,13,39
1739481048.2682476,5,-3,-113
1739481048.3142476,65,55,-16
1739481048.3602476,-55,-58,38
1739481048.4052474,-37,-28,-68
1739481048.4512477,19,19,-127
1739481048.4972477,-24,-62,19
1739481048.5432477,-1,-106,-61
1739481048.5882475,7,101,-4
1739481048.6342475,36,27,-22
1739481048.6802475,114,-19,-126
1739481048.7252476,-41,-50,-40
1739481048.7712476,83,39,-13
1739481048.8172476,18,-93,-10
1739481048.8632476,-16,-108,-62
1739481048.9082477,10,-23,115
1739481048.9542477,46,49,-92
1739481049.0002477,55,-21,26
1739481049.0452476,2,-86,-85
1739481049.0912476,33,-33,-122
1739481049.1372476,-56,-22,9
1739481049.1832476,-66,-94,121
1739481049.2282476,-63,-6,-88
1739481049.2742476,-62,-138,4
1739481049.3202477,-40,5,22
1739481049.3652475,5,-56,-20
1739481049.4112475,37,49,122
1739481049.4572475,25,-61,-26
1739481049.5032475,30,-129,-29
1739481049.5482476,11,-11,-14
1739481049.5942476,11,-115,8
1739481049.6402476,46,-19,-167
1739481049.6852477,46,21,-16
1739481049.7312477,28,43,5
1739481049.7772477,-31,-68,56
1739481049.8232474,-70,-14,131
1739481049.8682475,-30,-54,-5
1739481049.9142475,22,55,-78
1739481049.9602475,-57,12,8
1739481050.0052476,64,-15,-67
1739481050.0512476,35,11,26
1739481050.0972476,-3,-184,-110
1739481050.1432476,-5,-26,-147
1739481050.1882474,68,33,-36
1739481050.2342474,11,-49,-60
1739481050.2802474,28,-25,-56
1739481050.3252475,40,125,-33
1739481050.3712475,51,-71,-30
1739481050.4172475,-45,58,-56
1739481050.4632475,31,51,-39
1739481050.5082476,0,63,-59
1739481050.5542476,50,45,-113
1739481050.6002476,-66,-102,68
1739481050.6452477,16,-11,-30
1739481050.6912477,14,-87,26
1739481050.7372477,27,-59,29
1739481050.7832477,-49,16,-71
1739481050.8282475,-28,-114,-19
1739481050.8742476,-2,-5,-42
1739481050.9202476,75,33,-5
1739481050.9652476,-97,-70,-103
1739481051.0112476,-44,-100,-74
1739481051.0572476,21,57,31
1739481051.1032476,14,-101,-3
1739481051.1482477,-124,-25,-79
1739481051.1942475,0,-34,48
1739481051.2402475,6,-80,-21
1739481051.2852476,-6,-117,-127
1739481051.3312476,68,68,113
1739481051.3772476,-20,-120,-97
1739481051.4232476,8,-57,-28
1739481051.4682477,24,-56,-33
1739481051.5142477,-108,101,-3
1739481051.5602477,17,-37,-41
1739481051.6052475,-4,1,-56
1739481051.6512475,-43,-35,32
1739481051.6972475,-25,63,5
1739481051.7432475,-2,-13,-43
1739481051.7882476,-62,-19,51
1739481051.8342476,56,-92,-67
1739481051.8802476,49,-84,-70
1739481051.9252477,-67,-47,-17
1739481051.9772477,82,-34,-30
1739481052.0232477,26,-140,-77
1739481052.0682476,-19,-66,-54
1739481052.1142476,57,30,-134
1739481052.1602476,-22,-49,-59
1739481052.2052476,-75,-81,-64
1739481052.2512476,48,10,-94
1739481052.2972476,-26,-141,-31
1739481052.3432477,-83,27,-105
1739481052.3882475,-52,23,-76
1739481052.4342475,26,-33,49
1739481052.4802475,-14,-101,-48
1739481052.5252476,17,-17,-29
1739481052.5722475,-42,-5,-61
1739481052.6182475,-37,19,-67
1739481052.6642475,-58,-5,-42
1739481052.7092476,60,-52,-155
1739481052.7552476,-124,-145,-120
1739481052.8012476,78,-22,-123
1739481052.8472476,-86,-125,-36
1739481052.8922474,-31,45,-91
1739481052.9382474,-24,-146,-35
1739481052.9842474,-22,-75,-96
1739481053.0292475,32,-80,99
1739481053.0752475,-46,-135,-12
1739481053.1212475,-46,10,46
1739481053.1672475,8,68,7
1739481053.2122476,8,71,38
1739481053.2582476,-21,-156,-101
1739481053.3042476,62,-9,61
1739481053.3492477,9,-51,-80
1739481053.3952477,-9,-54,-99
1739481053.4412477,-15,-37,-50
1739481053.4872477,94,-94,49
1739481053.5322475,-27,-51,-120
1739481053.5782475,-7,-30,42
1739481053.6242476,-70,-91,-69
1739481053.6692476,20,-2,18
1739481053.7152476,-38,-61,-72
1739481053.7612476,37,-100,-29
1739481053.8072476,-35,99,-57
1739481053.8522477,-45,19,32
1739481053.8982477,47,-144,9
1739481053.9442475,63,-17,27
1739481053.9892476,-95,-38,-52
1739481054.0352476,-3,-16,18
1739481054.0812476,42,-9,-6
1739481054.1272476,-23,-56,53
1739481054.1722476,-36,-68,-8
1739481054.2182477,-25,-12,-22
1739481054.2642477,26,-1,-71
1739481054.3092475,20,-26,-92
1739481054.3552475,-36,-40,-38
1739481054.4012475,21,13,12
1739481054.4472475,-9,-36,-43
1739481054.4922476,-27,-30,-3
1739481054.5382476,45,-69,-21
1739481054.5842476,11,-29,19
1739481054.6292477,-94,-56,-55
1739481054.6752477,-125,13,-24
1739481054.7212474,30,-28,-46
1739481054.7672474,24,-90,35
1739481054.8122475,-17,55,-93
1739481054.8582475,-8,57,-61
1739481054.9042475,-1,23,-157
1739481054.9492476,-22,-6,-135
1739481054.9952476,-27,-14,35
1739481055.0412476,-32,-100,-107
1739481055.0872476,-54,-60,-54
1739481055.1322474,6,-128,-145
1739481055.1782477,-47,-29,-39
1739481055.2242477,-13,-24,-34
1739481055.2692475,37,-30,-39
1739481055.3152475,-56,-84,-129
1739481055.3612475,-46,19,1
1739481055.4072475,63,-23,-36
1739481055.4522476,-35,-46,35
1739481055.4982476,10,-65,-73
1739481055.5442476,-20,-54,-54
1739481055.5892477,36,-21,10
1739481055.6352477,-44,-50,28
1739481055.6812477,52,-51,-31
1739481055.7272477,-39,-48,-12
1739481055.7722476,47,-95,4
1739481055.8182476,76,77,11
1739481055.8642476,-27,44,-17
1739481055.9092476,-10,-92,51
1739481055.9552476,-57,-60,-41
1739481056.0012476,40,3,-4
1739481056.0472476,-99,-2,13
1739481056.0922475,10,13,-17
1739481056.1382475,67,-107,68
1739481056.1842475,-46,-10,-9
1739481056.2292476,-8,-50,104
1739481056.2752476,-1,-38,69
1739481056.3212476,26,-57,2
1739481056.3672476,56,-41,-74
1739481056.4122477,24,-6,15
1739481056.4582477,-61,42,9
1739481056.5042477,-51,16,55
1739481056.5492475,80,35,-40
1739481056.5952475,-15,38,-32
1739481056.6412475,-22,-86,-135
1739481056.6872475,46,-5,-58
1739481056.7322476,-18,-126,-29
1739481056.7782476,-35,-86,23
1739481056.8242476,-34,-176,0
1739481056.8692474,54,-27,-39
1739481056.9152474,0,44,-12
1739481056.9612474,86,-21,-117
1739481057.0072474,89,-169,-37
1739481057.0522475,-24,-88,55
1739481057.0982475,4,-119,-21
1739481057.1442475,-35,-26,-152
1739481057.1892476,-62,-90,58
1739481057.2352476,-7,-68,-77
1739481057.2812476,-19,-22,-111
1739481057.3272476,-86,-24,-45
1739481057.3722477,-64,86,-106
1739481057.4182477,-9,-20,-106
1739481057.4642477,29,-109,-39
1739481057.5092475,48,5,-1
1739481057.5552475,27,43,-2
1739481057.6012475,47,52,-84
1739481057.6472476,4,3,8
1739481057.6922476,0,21,95
1739481057.7382476,-59,-29,0
1739481057.7842476,33,68,-53
1739481057.8292477,6,-30,28
1739481057.8752477,1,-3,-158
1739481057.9212475,-14,49,-5
1739481057.9672475,16,4,-122
1739481058.0122476,51,-14,-20
1739481058.0582476,38,-24,-91
1739481058.1042476,15,18,48
1739481058.1492476,-16,28,-67
1739481058.1952477,-32,49,-59
1739481058.2412477,-16,65,-100
1739481058.2872477,54,70,-7
1739481058.3322475,54,-120,-69
1739481058.3782475,-21,-161,-15
1739481058.4242475,65,-20,-36
1739481058.4692476,-6,0,-121
1739481058.5152476,-61,-69,-93
1739481058.5612476,-9,-97,-114
1739481058.6072476,56,10,5
1739481058.6522477,11,16,21
1739481058.6982474,-40,-15,-103
1739481058.7442474,-27,-75,-30
1739481058.7892475,103,70,-34
1739481058.8352475,70,-88,-111
1739481058.8812475,106,-74,-38
1739481058.9272475,-87,-115,196
1739481058.9722476,-30,-9,40
1739481059.0182476,36,8,-85
1739481059.0642476,-11,-65,32
1739481059.1092474,-3,127,-24
1739481059.1552474,-23,-95,9
1739481059.2012477,-13,22,-139
1739481059.2472477,67,-50,-13
1739481059.2922475,-9,-67,-48
1739481059.3382475,47,-72,73
1739481059.3842475,-29,-89,-67
1739481059.4292476,11,10,-116
1739481059.4752476,5,-14,-106
1739481059.5212476,19,-4,-60
1739481059.5672476,-23,-77,98
1739481059.6122477,-27,-39,58
1739481059.6582477,-59,-49,-37
1739481059.7042477,0,-40,-122
1739481059.7492476,-3,82,55
1739481059.7952476,24,24,76
1739481059.8412476,-7,-45,14
1739481059.8872476,19,-74,-47
1739481059.9322476,-21,183,3
1739481059.9782476,-61,37,-247
1739481060.0242476,29,-87,-47
1739481060.0692475,-3,-81,49
1739481060.1152475,-22,-63,-16
1739481060.1612475,-64,51,-92
1739481060.2072475,28,5,-74
1739481060.2522476,37,-82,56
1739481060.2982476,-7,0,64
1739481060.3442476,23,-48,8
1739481060.3892477,-89,0,25
1739481060.4352477,108,102,-35
1739481060.4812477,3,-63,-104
1739481060.5272477,16,-14,48
1739481060.5722475,-42,-77,68
1739481060.6182475,40,-54,3
1739481060.6642475,-7,-38,-68
1739481060.7092476,33,-176,-38
1739481060.7552476,34,-59,-23
1739481060.8012476,-14,-62,-111
1739481060.8472476,11,-89,29
1739481060.8922474,-9,-153,-43
1739481060.9382474,40,-96,-28
1739481060.9842474,-52,-63,41
1739481061.0292475,33,-108,-79
1739481061.0752475,7,24,-55
1739481061.1212475,10,114,-5
1739481061.1672475,33,-84,-1
1739481061.2122476,52,26,-55
1739481061.2582476,49,-120,-66
1739481061.3042476,61,-188,0
1739481061.3492477,1,-81,-26
1739481061.3952477,24,24,-33
1739481061.4412477,-55,-75,-8
1739481061.4872477,-13,-35,-76
1739481061.5322475,3,-25,-56
1739481061.5782475,12,-52,22
1739481061.6242476,46,-108,-18
1739481061.6692476,20,148,12
1739481061.7152476,42,-40,-15
1739481061.7612476,92,12,-92
1739481061.8072476,28,62,-52
1739481061.8522477,45,-62,-49
1739481061.8982477,-4,-88,62
1739481061.9442475,20,-84,-13
1739481061.9952476,-15,56,-82
1739481062.0412476,50,-12,-88
1739481062.0872476,34,-42,-63
1739481062.1322474,-93,-79,-24
1739481062.1782477,-9,-171,-40
1739481062.2242477,-32,-131,-26
1739481062.2692475,0,100,43
1739481062.3152475,-7,45,-99
1739481062.3612475,4,60,-34
1739481062.4072475,-55,-107,-185
1739481062.4522476,-3,10,11
1739481062.4982476,1,35,-71
1739481062.5442476,101,-68,-1
1739481062.5892477,-20,85,-87
1739481062.6352477,32,-6,7
1739481062.6812477,14,-24,-57
1739481062.7252476,-67,-57,47
1739481062.7712476,35,-128,-60
1739481062.8172476,-29,-21,-69
1739481062.8632476,-1,-7,-25
1739481062.9082477,56,-20,90
1739481062.9542477,10,5,-82
1739481063.0002477,4,2,-92
1739481063.0452476,2,-89,-21
1739481063.0912476,25,-10,-37
1739481063.1372476,-11,-89,-24
1739481063.1832476,73,8,46
1739481063.2282476,44,-88,1
1739481063.2742476,102,-30,-66
1739481063.3202477,-16,-65,22
1739481063.3652475,-13,11,-30
1739481063.4112475,27,16,-50
1739481063.4572475,8,-162,-107
1739481063.5032475,95,-82,-39
1739481063.5482476,46,108,-42
1739481063.5942476,-13,27,101
1739481063.6402476,-45,-91,-52
1739481063.6852477,-7,-54,-103
1739481063.7312477,26,31,-101
1739481063.7772477,46,-68,-8
1739481063.8232474,3,-83,-82
1739481063.8682475,42,0,-35
1739481063.9142475,4,-79,33
1739481063.9602475,-13,-15,-71
1739481064.0052476,24,82,11
1739481064.0512476,35,-108,0
1739481064.0972476,92,110,-30
1739481064.1432476,-24,-107,-50
1739481064.1882474,-91,99,-73
1739481064.2342474,-52,-91,-27
1739481064.2802474,-49,19,-60
1739481064.3252475,-88,-11,-56
1739481064.3712475,-42,-135,-6
1739481064.4172475,-40,-57,-71
1739481064.4632475,3,-35,5
1739481064.5082476,68,-90,-6
1739481064.5542476,11,-146,14
1739481064.6002476,-37,-125,23
1739481064.6452477,-37,41,-149
1739481064.6912477,-102,87,65
1739481064.7372477,58,0,52
1739481064.7832477,120,-84,-21
1739481064.8282475,45,-62,-112
1739481064.8742476,26,0,15
1739481064.9202476,13,-16,-89
1739481064.9652476,37,-80,-52
1739481065.0112476,-8,-46,20
1739481065.0572476,-24,-43,4
1739481065.1032476,43,-106,-81
1739481065.1482477,-12,-23,-9
1739481065.1942475,46,8,-102
1739481065.2402475,-39,21,-51
1739481065.2852476,-40,-9,-142
1739481065.3312476,51,-44,10
1739481065.3772476,-17,-36,-80
1739481065.4232476,43,2,5
1739481065.4682477,-31,-77,-40
1739481065.5142477,156,-80,-34
1739481065.5602477,-16,-39,-76
1739481065.6052475,-26,-43,-90
1739481065.6512475,26,-88,-9
1739481065.6972475,23,-116,-55
1739481065.7432475,99,-96,-1
1739481065.7882476,33,20,62
1739481065.8342476,68,8,98
1739481065.8802476,0,-29,-110
1739481065.9252477,-83,-13,-43
1739481065.9712474,42,54,100
1739481066.0172474,103,-14,-102
1739481066.0632474,63,-42,-133
1739481066.1082475,-38,-35,-91
1739481066.1542475,-2,-186,-72
1739481066.2002475,51,-70,-18
1739481066.2452476,-12,-121,-83
1739481066.2912476,-5,13,13
1739481066.3372476,-8,-67,90
1739481066.3832476,-23,23,-19
1739481066.4282477,-35,-9,21
1739481066.4742477,34,-84,-90
1739481066.5202477,-80,-1,-51
1739481066.5652475,-5,26,-105
1739481066.6112475,-13,47,-51
1739481066.6572475,21,-105,-181
1739481066.7032475,-55,-3,65
1739481066.7482476,-65,-141,-84
1739481066.7942476,-49,21,-43
1739481066.8402476,13,-162,-44
1739481066.8852477,18,-122,14
1739481066.9312477,2,-100,-39
1739481066.9772477,29,-47,-22
1739481067.0232477,107,-6,7
1739481067.0682476,18,18,-108
1739481067.1142476,-89,3,27
1739481067.1602476,-41,117,29
1739481067.2052476,-51,-97,8
1739481067.2512476,-105,-7,93
1739481067.2972476,-14,-23,113
1739481067.3432477,38,22,53
1739481067.3882475,-106,13,47
1739481067.4342475,14,40,-117
1739481067.4802475,-36,-82,-114
1739481067.5252476,34,30,-6
1739481067.5712476,39,-68,63
1739481067.6172476,24,-37,-110
1739481067.6632476,23,-138,-120
1739481067.7082477,-52,-27,-52
1739481067.7542477,24,-97,25
1739481067.8002477,43,38,10
1739481067.8452475,-18,-35,-49
1739481067.8912475,88,78,-75
1739481067.9372475,5,-89,29
1739481067.9832475,-48,-39,-72
1739481068.0282476,-87,-7,-15
1739481068.0742476,29,10,-117
1739481068.1202476,-28,19,15
1739481068.1652474,-13,-96,-31
1739481068.2112474,-14,-17,74
1739481068.2572474,57,-152,-40
1739481068.3032477,60,22,-195
1739481068.3482475,5,-41,49
1739481068.3942475,43,0,-6
1739481068.4402475,-33,-113,3
1739481068.4852476,-18,-53,-47
1739481068.5312476,-68,-5,-156
1739481068.5772476,23,-69,-6
1739481068.6232476,-90,-43,-99
1739481068.6682477,-111,31,-115
1739481068.7142477,0,-31,20
1739481068.7602477,7,-47,-105
1739481068.8052475,-20,-31,-31
1739481068.8512475,10,-69,-76
1739481068.8972476,50,-48,-3
1739481068.9432476,18,-127,-27
1739481068.9882476,-57,-29,34
1739481069.0342476,15,-100,-15
1739481069.0802476,12,44,-44
1739481069.1252477,-72,-81,-117
1739481069.1712475,0,-109,-69
1739481069.2172475,10,-122,15
1739481069.2632475,-66,-133,-99
1739481069.3082476,65,-92,-22
1739481069.3542476,-1,-86,58
1739481069.4002476,5,-34,-73
1739481069.4452477,-81,-3,-78
1739481069.4912477,11,10,-93
1739481069.5372477,-39,-71,-118
1739481069.5832477,79,34,66
1739481069.6282475,2,-42,-43
1739481069.6742475,-39,96,-81
1739481069.7202475,18,-163,25
1739481069.7652476,-60,-138,-113
1739481069.8112476,-30,-68,3
1739481069.8572476,0,-10,29
1739481069.9032476,-69,-86,-73
1739481069.9482474,44,-25,-10
1739481069.9942474,1,-68,-33
1739481070.0402474,66,-22,-90
1739481070.0852475,-60,-83,-35
1739481070.1312475,61,-50,-124
1739481070.1772475,-34,-29,-90
1739481070.2232475,-9,-57,61
1739481070.2682476,36,-25,-68
1739481070.3142476,4,-107,11
1739481070.3602476,20,-65,29
1739481070.4052474,12,101,-39
1739481070.4512477,20,-73,23
1739481070.4972477,61,53,21
1739481070.5432477,-62,-42,-96
1739481070.5882475,13,-55,-150
1739481070.6342475,-80,-62,-102
1739481070.6802475,7,-79,109
1739481070.7252476,-37,29,-72
1739481070.7712476,45,-16,-120
1739481070.8172476,-96,-3,-69
1739481070.8632476,-76,-95,-68
1739481070.9082477,-25,35,-89
1739481070.9542477,45,-68,-22
1739481071.0002477,-25,-61,53
1739481071.0452476,50,-10,-9
1739481071.0912476,13,4,31
1739481071.1372476,-10,35,-32
1739481071.1832476,-3,-100,-2
1739481071.2282476,-45,-81,-31
1739481071.2742476,24,-58,-201
1739481071.3202477,39,-96,-66
1739481071.3652475,-69,-97,-15
1739481071.4112475,-53,-59,23
1739481071.4572475,61,107,3
1739481071.5032475,-14,-62,41
1739481071.5482476,-70,-28,4
1739481071.5942476,-47,-22,-78
1739481071.6402476,-69,-56,-73
1739481071.6852477,49,-119,-38
1739481071.7312477,-9,-58,-32
1739481071.7772477,54,73,-33
1739481071.8232474,44,27,-40
1739481071.8682475,0,-34,-72
1739481071.9142475,-6,36,14
1739481071.9602475,-1,-32,35
1739481072.0112476,-1,-101,-33
1739481072.0572476,8,1,-169
1739481072.1032476,-18,8,-147
1739481072.1482477,9,-32,-69
1739481072.1942475,-53,-88,6
1739481072.2402475,-2,-6,-19
1739481072.2852476,-10,10,67
1739481072.3312476,-91,38,3
1739481072.3772476,-41,-122,22
1739481072.4232476,-7,6,-68
1739481072.4682477,16,-131,-152
1739481072.5142477,-26,-100,5
1739481072.5602477,-20,-48,-88
1739481072.6052475,44,-25,24
1739481072.6512475,47,51,77
1739481072.6972475,-22,-50,-76
1739481072.7432475,-23,-26,-68
1739481072.7882476,-58,-50,57
1739481072.8342476,-21,-66,-15
1739481072.8802476,-32,-80,-86
1739481072.9252477,1,58,-41
1739481072.9712474,-17,-22,61
1739481073.0172474,9,94,14
1739481073.0632474,-68,-142,-62
1739481073.1082475,29,-117,50
1739481073.1542475,5,-79,32
1739481073.2002475,-7,-85,33
1739481073.2452476,-48,104,5
1739481073.2912476,-36,-36,-93
1739481073.3372476,-41,32,-122
1739481073.3832476,-32,20,-11
1739481073.4282477,-29,-20,52
1739481073.4742477,0,-63,26
1739481073.5202477,-7,-38,-32
1739481073.5652475,79,-123,-61
1739481073.6112475,2,-15,4
1739481073.6572475,73,-37,101
1739481073.7032475,-37,44,-31
1739481073.7482476,21,-107,68
1739481073.7942476,16,-61,143
1739481073.8402476,-69,-124,-95
1739481073.8852477,-30,-8,-123
1739481073.9312477,-62,-130,31
1739481073.9772477,-77,-6,21
1739481074.0232477,-28,-90,-13
1739481074.0682476,51,-39,48
1739481074.1142476,-45,-84,-60
1739481074.1602476,-91,-50,-20
1739481074.2052476,30,61,-50
1739481074.2512476,-52,-54,74
1739481074.2972476,-36,-6,-51
1739481074.3432477,15,-17,-100
1739481074.3882475,24,75,14
1739481074.4342475,61,11,-69
1739481074.4802475,-44,-26,52
1739481074.5252476,-44,-18,-106
1739481074.5712476,25,-15,-54
1739481074.6172476,93,7,-66
1739481074.6632476,-8,2,68
1739481074.7082477,-3,78,-61
1739481074.7542477,25,-75,-4
1739481074.8002477,-11,-46,13
1739481074.8452475,21,-75,-50
1739481074.8912475,-16,12,-40
1739481074.9372475,-22,64,-30
1739481074.9832475,9,-26,-45
1739481075.0282476,39,-137,127
1739481075.0742476,3,-1,-73
1739481075.1202476,-11,26,-17
1739481075.1652474,39,-23,55
1739481075.2112474,37,93,-12
1739481075.2572474,-6,-17,21
1739481075.3022475,-46,78,40
1739481075.3482475,-30,-10,55
1739481075.3942475,12,168,-8
1739481075.4402475,-9,-34,45
1739481075.4852476,-86,-10,2
1739481075.5312476,65,-19,-59
1739481075.5772476,17,27,15
1739481075.6222477,6,26,-6
1739481075.6682477,-18,4,64
1739481075.7142477,-37,-8,-26
1739481075.7602477,77,0,-32
1739481075.8052475,-61,-48,-17
1739481075.8512475,0,-6,-61
1739481075.8972476,39,99,-157
1739481075.9422476,7,-45,-93
1739481075.9882476,-77,76,-50
1739481076.0342476,6,58,-55
1739481076.0802476,31,-29,50
1739481076.1252477,36,-41,19
1739481076.1712475,-42,-50,-139
1739481076.2172475,6,-10,20
1739481076.2622476,-17,-114,-10
1739481076.3082476,-28,-6,41
1739481076.3542476,-91,-56,-78
1739481076.4002476,-3,7,-41
1739481076.4452477,-24,-26,62
1739481076.4912477,8,59,0
1739481076.5372477,-32,-42,2
1739481076.5822475,-27,48,30
1739481076.6282475,21,5,-5
1739481076.6742475,57,-63,-65
1739481076.7202475,-19,-21,-33
1739481076.7652476,11,-119,-44
1739481076.8112476,-2,-11,-37
1739481076.8572476,74,-53,-62
1739481076.9022477,84,-59,-89
1739481076.9482474,104,-77,-55
1739481076.9942474,48,-45,-135
1739481077.0402474,-9,20,-19
1739481077.0852475,-57,34,-124
1739481077.1312475,-22,-48,-19
1739481077.1772475,19,-138,-92
1739481077.2222476,46,52,-20
1739481077.2682476,-7,-46,-28
1739481077.3142476,-6,22,-18
1739481077.3602476,7,-12,-81
1739481077.4052474,87,-22,-22
1739481077.4512477,75,-26,-100
1739481077.4972477,25,10,110
1739481077.5422475,-30,-33,-17
1739481077.5882475,-17,-35,-26
1739481077.6342475,-21,-31,21
1739481077.6802475,107,-144,-12
1739481077.7252476,-27,35,11
1739481077.7712476,13,-34,-114
1739481077.8172476,1,-58,-120
1739481077.8622477,40,82,-133
1739481077.9082477,-2,-24,-26
1739481077.9542477,54,46,23
1739481078.0002477,47,30,0
1739481078.0452476,52,42,-75
1739481078.0912476,48,-90,-52
1739481078.1372476,69,-16,-113
1739481078.1822476,12,-122,48
1739481078.2282476,3,-178,-84
1739481078.2742476,-38,-98,-19
1739481078.3202477,66,-44,-58
1739481078.3652475,-16,-123,44
1739481078.4112475,70,-90,-17
1739481078.4572475,56,-11,26
1739481078.5022476,91,-20,-55
1739481078.5482476,37,46,27
1739481078.5942476,37,-98,-48
1739481078.6402476,-11,5,-103
1739481078.6852477,32,12,61
1739481078.7312477,-34,-15,-99
1739481078.7772477,-22,57,11
1739481078.8222475,-17,-115,-22
1739481078.8682475,2,-53,45
1739481078.9142475,36,-6,33
1739481078.9602475,32,-81,-118
1739481079.0052476,-1,-35,-123
1739481079.0512476,29,68,-103
1739481079.0972476,-1,-101,-94
1739481079.1422474,-110,-243,25
1739481079.1882474,-56,-41,-24
1739481079.2342474,-8,-7,-74
1739481079.2802474,-17,-103,-76
1739481079.3252475,-8,-112,-29
1739481079.3712475,-8,-115,-46
1739481079.4172475,-11,-31,-62
1739481079.4622476,-51,1,-76
1739481079.5082476,41,30,-19
1739481079.5542476,-27,-41,-45
1739481079.6002476,-11,-11,-63
1739481079.6452477,-43,-75,-49
1739481079.6912477,72,-86,-80
1739481079.7372477,10,-52,53
1739481079.7822475,15,4,59
1739481079.8282475,-24,17,-132
1739481079.8742476,-31,-109,-55
1739481079.9202476,-25,-97,72
1739481079.9652476,-39,-51,-189
1739481080.0112476,3,-89,26
1739481080.0572476,5,-78,-97
1739481080.1022477,-14,17,-103
1739481080.1482477,-6,-151,-41
1739481080.1942475,-46,-81,-34
1739481080.2402475,-38,-31,-72
1739481080.2852476,7,-1,-132
1739481080.3312476,0,-103,-18
1739481080.3772476,-41,69,-29
1739481080.4222476,51,26,-81
1739481080.4682477,17,-116,-115
1739481080.5142477,-55,-25,-45
1739481080.5602477,23,36,-71
1739481080.6052475,74,-72,-70
1739481080.6512475,1,4,-82
1739481080.6972475,-68,-11,-16
1739481080.7422476,-68,15,-15
1739481080.7882476,-22,143,16
1739481080.8342476,-11,-89,-93
1739481080.8802476,-17,-69,-48
1739481080.9252477,6,-11,83
1739481080.9712474,2,-85,7
1739481081.0172474,3,-118,-45
1739481081.0622475,-12,7,-135
1739481081.1082475,-14,-4,-3
1739481081.1542475,-39,-45,50
1739481081.2002475,-59,1,-79
1739481081.2452476,-63,-61,-51
1739481081.2912476,96,-76,-45
1739481081.3372476,0,-116,-43
1739481081.3822474,36,0,-132
1739481081.4282477,18,-120,34
1739481081.4742477,-60,33,-27
1739481081.5202477,-7,-67,-74
1739481081.5652475,-21,27,-40
1739481081.6112475,3,6,-52
1739481081.6572475,34,-20,-77
1739481081.7022476,-25,-135,-13
1739481081.7482476,40,-54,19
1739481081.7942476,48,-178,-28
1739481081.8402476,-27,3,14
1739481081.8852477,-15,-43,20
1739481081.9312477,69,-52,-2
1739481081.9822476,-23,-49,65
1739481082.0282476,27,-24,67
1739481082.0742476,53,30,26
1739481082.1202476,-3,23,28
1739481082.1652474,21,-12,-44
1739481082.2112474,-49,31,34
1739481082.2572474,28,-6,-29
1739481082.3022475,73,-133,42
1739481082.3482475,73,-179,37
1739481082.3942475,45,-19,-21
1739481082.4402475,-36,-108,1
1739481082.4852476,-3,-7,0
1739481082.5312476,-47,18,17
1739481082.5772476,-83,-31,-28
1739481082.6222477,73,36,-25
1739481082.6682477,35,-50,-106
1739481082.7142477,-9,-19,12
1739481082.7602477,27,118,-51
1739481082.8052475,33,-54,6
1739481082.8512475,15,-124,-94
1739481082.8972476,-13,-139,56
1739481082.9422476,14,-8,33
1739481082.9882476,11,-88,-89
1739481083.0342476,-9,-37,-75
1739481083.0802476,-10,55,-13
1739481083.1252477,42,-98,-53
1739481083.1712475,2,71,-38
1739481083.2172475,-38,80,40
1739481083.2622476,-10,5,-17
1739481083.3082476,0,55,-83
1739481083.3542476,7,-119,-136
1739481083.4002476,92,-116,-81
1739481083.4452477,61,-118,-87
1739481083.4912477,-64,-47,-53
1739481083.5372477,-10,45,2
1739481083.5822475,2,41,-93
1739481083.6282475,0,-75,-83
1739481083.6742475,-46,75,-23
1739481083.7202475,17,-5,-45
1739481083.7652476,-46,-23,-66
1739481083.8112476,23,52,9
1739481083.8572476,10,-20,4
1739481083.9022477,-74,-8,46
1739481083.9482474,-3,-115,-32
1739481083.9942474,52,-125,-37
1739481084.0402474,14,-47,-70
1739481084.0852475,-54,-20,-75
1739481084.1312475,-58,-72,83
1739481084.1772475,28,-24,-24
1739481084.2222476,28,37,-52
1739481084.2682476,-4,-4,-104
1739481084.3142476,-32,8,-113
1739481084.3602476,-50,-178,-202
1739481084.4052474,-9,8,-123
1739481084.4512477,31,-35,37
1739481084.4972477,-40,-86,-53
1739481084.5422475,37,48,-32
1739481084.5882475,-31,-69,-33
1739481084.6342475,91,6,46
1739481084.6802475,-40,-117,-10
1739481084.7252476,-86,-73,-53
1739481084.7712476,-20,21,48
1739481084.8172476,0,65,-9
1739481084.8622477,-42,35,-33
1739481084.9082477,-33,-11,37
1739481084.9542477,64,-44,61
1739481085.0002477,17,12,100
1739481085.0452476,46,-80,-107
1739481085.0912476,71,-104,-71
1739481085.1372476,-30,-15,75
1739481085.1822476,-2,-98,20
1739481085.2282476,-64,-22,-22
1739481085.2742476,41,-28,53
1739481085.3202477,-71,-21,-29
1739481085.3652475,2,-64,-26
1739481085.4112475,76,-98,-85
1739481085.4572475,-2,-24,-108
1739481085.5022476,-3,75,13
1739481085.5482476,-21,-72,64
1739481085.5942476,-19,-98,-73
1739481085.6402476,68,20,-63
1739481085.6852477,38,-30,-135
1739481085.7312477,-56,27,19
1739481085.7772477,-17,45,14
1739481085.8222475,-70,-72,-60
1739481085.8682475,-8,-30,-5
1739481085.9142475,-131,107,-48
1739481085.9602475,28,27,-24
1739481086.0052476,-35,63,-44
1739481086.0512476,-17,-105,30
1739481086.0972476,13,-15,11
1739481086.1422474,29,-76,-77
1739481086.1882474,11,-94,-130
1739481086.2342474,8,-38,-102
1739481086.2802474,37,-114,-158
1739481086.3252475,-77,-15,61
1739481086.3712475,-19,4,-18
1739481086.4172475,19,-29,26
1739481086.4622476,4,107,-39
1739481086.5082476,-28,-8,-81
1739481086.5542476,-53,-38,0
1739481086.6002476,7,-74,0
1739481086.6452477,-36,-7,-66
1739481086.6912477,13,-156,14
1739481086.7372477,-28,39,-16
1739481086.7822475,98,-98,-100
1739481086.8282475,60,-18,55
1739481086.8742476,38,0,-69
1739481086.9202476,36,-31,-6
1739481086.9652476,16,15,-132
1739481087.0112476,-1,-13,47
1739481087.0572476,0,25,-42
1739481087.1022477,22,15,-1
1739481087.1482477,37,-99,-89
1739481087.1942475,35,119,-85
1739481087.2402475,29,-33,-61
1739481087.2852476,41,29,9
1739481087.3312476,41,55,-39
1739481087.3772476,61,7,-51
1739481087.4222476,-36,90,-118
1739481087.4682477,-50,98,-81
1739481087.5142477,-13,-106,-24
1739481087.5602477,14,-79,48
1739481087.6052475,-54,24,-69
1739481087.6512475,-20,-94,43
1739481087.6972475,47,-120,61
1739481087.7422476,-15,-103,-67
1739481087.7882476,-31,-66,80
1739481087.8342476,-20,-94,-57
1739481087.8802476,52,-67,113
1739481087.9252477,62,5,-73
1739481087.9712474,47,0,65
1739481088.0172474,76,-11,44
1739481088.0622475,7,53,-47
1739481088.1082475,-20,55,-42
1739481088.1542475,61,57,-52
1739481088.2002475,17,-4,14
1739481088.2452476,13,27,-77
1739481088.2912476,51,5,-79
1739481088.3372476,66,-47,85
1739481088.3822474,10,-17,-25
1739481088.4282477,44,-103,-12
1739481088.4742477,8,-56,-22
1739481088.5202477,15,35,25
1739481088.5652475,4,-27,-7
1739481088.6112475,-29,-18,-78
1739481088.6572475,11,-60,-88
1739481088.7022476,-25,82,-69
1739481088.7482476,57,111,-43
1739481088.7942476,-3,-98,-111
1739481088.8382475,-24,-36,-36
1739481088.8842475,-33,50,64
1739481088.9302475,7,153,-16
1739481088.9762475,10,13,-136
1739481089.0212476,-1,40,-1
1739481089.0672476,10,-3,11
1739481089.1132476,0,-2,-51
1739481089.1582477,23,1,57
1739481089.2042477,-29,-90,-65
1739481089.2502477,-7,61,-54
1739481089.2962475,30,-15,-51
1739481089.3412476,38,-95,4
1739481089.3872476,78,13,-170
1739481089.4332476,-60,-6,-135
1739481089.4782476,-16,-6,-46
1739481089.5242476,-84,36,-18
1739481089.5702477,24,-165,39
1739481089.6162477,-1,25,-1
1739481089.6612475,-37,-42,2
1739481089.7072475,65,1,29
1739481089.7532475,9,43,7
1739481089.7982476,0,-10,-47
1739481089.8442476,-33,-94,10
1739481089.8902476,-36,0,-116
1739481089.9362476,11,-20,-41
1739481089.9812477,25,-39,-18
1739481090.0272477,45,31,-56
1739481090.0732474,-17,98,-71
1739481090.1182475,-6,-110,-51
1739481090.1642475,17,9,-45
1739481090.2102475,-41,-54,-65
1739481090.2562475,38,-125,44
1739481090.3012476,7,-56,28
1739481090.3472476,-1,-82,87
1739481090.3932476,25,-83,-7
1739481090.4382474,-38,134,-13
1739481090.4842474,-4,0,-38
1739481090.5302474,-52,-62,-66
1739481090.5762477,31,-49,-69
1739481090.6212475,-5,157,-72
1739481090.6672475,21,45,29
1739481090.7132475,-35,-118,-204
1739481090.7582476,41,-53,72
1739481090.8042476,113,31,-13
1739481090.8502476,-42,-162,2
1739481090.8962476,5,-22,-48
1739481090.9412477,4,-79,28
1739481090.9872477,-56,-42,-87
1739481091.0332477,-42,-74,-92
1739481091.0782475,6,-70,-73
1739481091.1242476,39,-81,-212
1739481091.1702476,-27,-86,-89
1739481091.2162476,-22,20,-75
1739481091.2612476,2,-37,-31
1739481091.3072476,32,-25,-95
1739481091.3532476,48,97,-65
1739481091.3982477,14,0,-76
1739481091.4442475,22,73,41
1739481091.4902475,64,-71,-123
1739481091.5362475,-55,-2,-220
1739481091.5812476,24,10,-99
1739481091.6272476,-20,126,29
1739481091.6732476,-60,24,33
1739481091.7182477,6,-55,-22
1739481091.7642477,-30,-137,-15
1739481091.8102477,4,39,119
1739481091.8562477,95,-45,56
1739481091.9012475,-12,-47,-262
1739481091.9472475,72,-41,-86
1739481091.9982476,0,26,-148
1739481092.0442476,65,-75,-130
1739481092.0902476,64,69,-25
1739481092.1362476,86,23,-5
1739481092.1812477,-27,-70,-23
1739481092.2272477,62,-27,9
1739481092.2732477,16,3,-29
1739481092.3182476,-42,-66,-82
1739481092.3642476,30,-105,-17
1739481092.4102476,75,-1,-94
1739481092.4562476,6,-53,1
1739481092.5012476,11,29,61
1739481092.5472476,-74,-38,-103
1739481092.5942476,-67,-36,-6
1739481092.6402476,121,55,-28
1739481092.6852477,-13,-138,-74
1739481092.7312477,73,-39,-35
1739481092.7772477,-69,8,50
1739481092.8222475,-34,-52,18
1739481092.8682475,103,-93,-159
1739481092.9142475,3,-37,-34
1739481092.9602475,7,-57,-174
1739481093.0052476,14,23,49
1739481093.0512476,-14,24,-19
1739481093.0972476,-19,-54,-40
1739481093.1422474,37,-165,22
1739481093.1882474,21,-9,59
1739481093.2342474,12,-71,76
1739481093.2802474,12,-227,-104
1739481093.3252475,-6,-2,-22
1739481093.3712475,-29,36,16
1739481093.4172475,36,-23,-64
1739481093.4622476,56,-133,4
1739481093.5082476,17,125,-65
1739481093.5542476,-3,-50,0
1739481093.6002476,68,-31,2
1739481093.6452477,32,-85,37
1739481093.6912477,50,-9,-103
1739481093.7372477,94,-33,-57
1739481093.7822475,-49,-126,-2
1739481093.8282475,-5,20,-75
1739481093.8742476,-12,8,13
1739481093.9202476,-14,-80,-40
1739481093.9652476,12,-40,49
1739481094.0112476,36,59,7
1739481094.0572476,-8,6,30
1739481094.1022477,3,-14,-129
1739481094.1482477,42,-113,30
1739481094.1942475,17,23,83
1739481094.2402475,-20,126,-42
1739481094.2852476,-65,-36,-90
1739481094.3312476,4,-54,-61
1739481094.3772476,-67,-42,-134
1739481094.4222476,-47,20,20
1739481094.4682477,17,-37,-10
1739481094.5142477,-3,-89,-109
1739481094.5602477,-9,-30,19
1739481094.6052475,-63,-76,-84
1739481094.6512475,100,-99,55
1739481094.6972475,-79,-118,-40
1739481094.7422476,11,-18,-10
1739481094.7882476,16,55,-47
1739481094.8342476,70,46,-105
1739481094.8802476,23,-157,-125
1739481094.9252477,15,6,130
1739481094.9712474,20,67,8
1739481095.0172474,-12,-34,51
1739481095.0622475,-14,17,-34
1739481095.1082475,42,-82,-72
1739481095.1542475,-51,-15,105
1739481095.2002475,38,-51,-21
1739481095.2452476,45,63,-136
1739481095.2912476,7,-20,-73
1739481095.3372476,-37,-43,-80
1739481095.3822474,-44,61,-42
1739481095.4282477,104,20,-81
1739481095.4742477,-59,61,-28
1739481095.5202477,12,-44,-46
1739481095.5652475,-3,-5,-52
1739481095.6112475,46,4,81
1739481095.6572475,9,-77,63
1739481095.7022476,40,-24,-27
1739481095.7482476,-7,-67,-83
1739481095.7942476,-12,39,-144
1739481095.8402476,-84,121,-22
1739481095.8852477,55,54,-100
1739481095.9312477,-4,1,-72
1739481095.9772477,77,-44,-43
1739481096.0222476,-20,-17,-71
1739481096.0682476,-39,7,-18
1739481096.1142476,-9,-31,33
1739481096.1602476,-49,-61,-20
1739481096.2052476,31,-68,-137
1739481096.2512476,-2,-114,131
1739481096.2972476,35,8,-69
1739481096.3422475,23,-46,-10
1739481096.3882475,86,-74,39
1739481096.4342475,20,2,7
1739481096.4802475,61,0,-52
1739481096.5252476,-89,-73,-69
1739481096.5712476,-110,-109,57
1739481096.6172476,8,-2,-122
1739481096.6622477,-7,33,103
1739481096.7082477,2,16,-34
1739481096.7542477,25,18,-18
1739481096.8002477,56,-172,29
1739481096.8452475,-7,-83,-104
1739481096.8912475,-51,-19,-13
1739481096.9372475,-64,-103,57
1739481096.9822476,-36,-13,-62
1739481097.0282476,-51,113,-43
1739481097.0742476,-51,-24,-28
1739481097.1202476,108,-115,-88
1739481097.1652474,11,-12,64
1739481097.2112474,-45,-26,22
1739481097.2572474,23,0,54
1739481097.3022475,19,-11,53
1739481097.3482475,4,19,11
1739481097.3942475,4,98,52
1739481097.4402475,21,99,-42
1739481097.4852476,39,-72,-40
1739481097.5312476,35,-203,22
1739481097.5772476,65,-2,-66
1739481097.6222477,15,28,-56
1739481097.6682477,51,-42,54
1739481097.7142477,-15,-76,-108
1739481097.7602477,-35,35,-26
1739481097.8052475,18,62,82
1739481097.8512475,3,42,-147
1739481097.8972476,-55,-35,-174
1739481097.9422476,61,52,-24
1739481097.9882476,-3,49,52
1739481098.0342476,63,-110,-24
1739481098.0802476,-82,100,-171
1739481098.1252477,-18,-90,-85
1739481098.1712475,44,-101,-15
1739481098.2172475,53,-21,-82
1739481098.2622476,15,34,24
1739481098.3082476,-64,-68,-54
1739481098.3542476,-25,-24,0
1739481098.4002476,37,-35,99
1739481098.4452477,9,-28,-24
1739481098.4912477,13,-19,96
1739481098.5372477,-34,-40,-54
1739481098.5822475,4,86,-96
1739481098.6282475,-19,72,49
1739481098.6742475,-56,46,-1
1739481098.7202475,62,-31,35
1739481098.7652476,0,-92,-86
1739481098.8112476,17,-21,25
1739481098.8572476,-26,-145,-86
1739481098.9022477,-16,-91,57
1739481098.9482474,1,14,-2
1739481098.9942474,-5,-162,3
1739481099.0402474,-9,45,-74
1739481099.0852475,25,110,0
1739481099.1312475,14,-25,-65
1739481099.1772475,90,-38,-39
1739481099.2222476,-10,-171,51
1739481099.2682476,51,-71,-197
1739481099.3142476,-33,-86,-134
1739481099.3602476,93,63,-83
1739481099.4052474,19,25,56
1739481099.4512477,-17,13,16
1739481099.4972477,37,-49,-54
1739481099.5422475,-14,10,-111
1739481099.5882475,-55,-64,10
1739481099.6342475,-18,-78,-2
1739481099.6802475,-48,-70,-7
1739481099.7252476,2,-8,-11
1739481099.7712476,-46,4,0
1739481099.8172476,100,-65,40
1739481099.8622477,-74,-14,34
1739481099.9082477,20,11,-79
1739481099.9542477,-16,-107,-77
1739481100.0002477,52,36,-117
1739481100.0452476,-48,-27,15
1739481100.0912476,-70,35,-116
1739481100.1372476,9,-98,31
1739481100.1822476,114,-26,-54
1739481100.2282476,-1,-154,-80
1739481100.2742476,19,-99,0
1739481100.3202477,11,-101,-17
1739481100.3652475,44,-55,24
1739481100.4112475,-8,-146,38
1739481100.4572475,9,-9,27
1739481100.5022476,5,-6,-65
1739481100.5482476,-19,-160,10
1739481100.5942476,20,4,-152
1739481100.6402476,-64,-89,-104
1739481100.6852477,-55,-39,-149
1739481100.7312477,-10,22,-55
1739481100.7772477,39,-94,-60
1739481100.8222475,0,-33,24
1739481100.8682475,44,90,25
1739481100.9142475,-17,21,-34
1739481100.9602475,40,-14,59
1739481101.0052476,61,2,2
1739481101.0512476,21,-44,6
1739481101.0972476,-84,-109,-32
1739481101.1422474,52,-5,-88
1739481101.1882474,-19,-16,-38
1739481101.2342474,-7,42,-119
1739481101.2802474,60,31,6
1739481101.3252475,-34,-58,-63
1739481101.3712475,22,-123,-36
1739481101.4172475,61,-51,-83
1739481101.4622476,-53,-30,51
1739481101.5082476,-53,74,-181
1739481101.5542476,-39,-18,-22
1739481101.6002476,13,-79,-127
1739481101.6452477,68,-21,-118
1739481101.6912477,9,-59,-134
1739481101.7372477,-58,70,12
1739481101.7822475,60,-45,-40
1739481101.8282475,-72,-82,43
1739481101.8742476,-67,96,-112
1739481101.9202476,11,-27,113
1739481101.9652476,-64,60,81
1739481102.0172474,48,-17,-26
1739481102.0622475,67,-41,-95
1739481102.1082475,-26,60,-87
1739481102.1542475,108,-59,-205
1739481102.2002475,39,55,2
1739481102.2452476,21,-89,28
1739481102.2912476,2,33,5
1739481102.3372476,-22,50,145
1739481102.3822474,103,41,-56
1739481102.4282477,-14,-144,-60
1739481102.4742477,-80,-158,-41
1739481102.5202477,-3,-26,120
1739481102.5652475,0,24,55
1739481102.6112475,70,125,-123
1739481102.6572475,2,44,-45
1739481102.7022476,-34,5,-12
1739481102.7482476,57,-212,13
1739481102.7942476,-41,51,-51
1739481102.8402476,-62,-33,19
1739481102.8852477,-63,-67,38
1739481102.9312477,17,36,-16
1739481102.9772477,41,-2,-44
1739481103.0222476,0,60,-63
1739481103.0682476,-39,-61,-34
1739481103.1142476,60,-118,-62
1739481103.1602476,-80,0,88
1739481103.2052476,-4,32,-7
1739481103.2512476,-44,-60,-60
1739481103.2972476,-37,-78,-52
1739481103.3422475,57,-15,-73
1739481103.3882475,-28,-42,55
1739481103.4342475,-81,-26,24
1739481103.4802475,15,43,-141
1739481103.5252476,0,3,-29
1739481103.5712476,42,-73,54
1739481103.6172476,33,98,-79
1739481103.6622477,-3,-29,-71
1739481103.7082477,-13,-128,-90
1739481103.7542477,13,-42,-118
1739481103.8002477,-5,-1,-69
1739481103.8452475,-142,-54,-71
1739481103.8912475,-35,-10,-20
1739481103.9372475,-20,-75,78
1739481103.9822476,-45,74,-46
1739481104.0282476,-36,-126,-163
1739481104.0742476,94,-54,-172
1739481104.1202476,-14,15,-95
1739481104.1652474,40,-85,93
1739481104.2112474,10,-125,-27
1739481104.2572474,-19,-48,29
1739481104.3012476,-27,20,-89
1739481104.3472476,8,-28,-150
1739481104.3932476,-90,2,17
1739481104.4382474,22,-4,12
1739481104.4842474,22,-91,-1
1739481104.5302474,-107,-92,0
1739481104.5762477,21,14,74
1739481104.6212475,-48,12,-30
1739481104.6672475,59,29,-66
1739481104.7132475,130,-99,-101
1739481104.7582476,-33,-60,-101
1739481104.8042476,24,0,-5
1739481104.8502476,-11,26,-119
1739481104.8962476,-61,50,-125
1739481104.9412477,-35,16,-11
1739481104.9872477,-31,-100,-38
1739481105.0332477,-3,-19,-3
1739481105.0782475,-31,46,-48
1739481105.1242476,20,11,-77
1739481105.1702476,54,23,21
1739481105.2162476,-45,-48,-14
1739481105.2612476,17,-7,5
1739481105.3072476,-8,-80,-90
1739481105.3532476,26,60,57
1739481105.3982477,-9,-28,-155
1739481105.4442475,-22,-12,-13
1739481105.4902475,35,43,-89
1739481105.5362475,-84,56,-127
1739481105.5812476,-24,46,-143
1739481105.6272476,-37,22,-55
1739481105.6732476,-73,-112,-139
1739481105.7182477,108,-53,-56
1739481105.7642477,46,5,54
1739481105.8102477,38,-83,-180
1739481105.8562477,-55,-19,-24
1739481105.9012475,0,23,73
1739481105.9472475,-60,-12,18
1739481105.9932475,63,-56,-153
1739481106.0382476,5,3,-74
1739481106.0842476,23,-84,-149
1739481106.1302476,8,-40,-130
1739481106.1762476,-36,113,-24
1739481106.2212474,12,23,0
1739481106.2672474,6,37,-92
1739481106.3132474,77,-66,-40
1739481106.3582475,-9,11,94
1739481106.4042475,65,-18,-53
1739481106.4502475,51,-106,-180
1739481106.4962475,83,-26,19
1739481106.5412476,-17,-27,-123
1739481106.5872476,26,16,50
1739481106.6332476,33,-86,-141
1739481106.6782477,0,-124,-119
1739481106.7242477,26,-66,-73
1739481106.7702477,-9,-56,-134
1739481106.8162477,28,48,-36
1739481106.8612475,-31,-107,11
1739481106.9072475,-25,-79,24
1739481106.9532475,-49,-75,-34
1739481106.9982476,92,-50,-45
1739481107.0442476,2,-27,-110
1739481107.0902476,58,-20,-41
1739481107.1352477,-32,-3,10
1739481107.1812477,37,-52,10
1739481107.2272477,-43,-23,-15
1739481107.2732477,-30,55,-51
1739481107.3182476,-30,-119,84
1739481107.3642476,2,-55,-93
1739481107.4102476,4,38,46
1739481107.4552476,37,-44,-81
1739481107.5012476,-64,49,-134
1739481107.5472476,-15,35,-19
1739481107.5932477,-24,83,-95
1739481107.6382475,-26,-33,-68
1739481107.6842475,-38,-65,16
1739481107.7302475,-96,145,-151
1739481107.7752476,103,4,-33
1739481107.8212476,-33,17,-11
1739481107.8672476,22,22,14
1739481107.9132476,3,17,-40
1739481107.9582477,22,-78,-9
1739481108.0042477,-27,-31,-26
1739481108.0502477,92,44,-110
1739481108.0952475,79,-98,5
1739481108.1412475,-8,-95,-13
1739481108.1872475,-8,49,57
1739481108.2332475,6,-16,-138
1739481108.2782476,27,-14,76
1739481108.3242476,12,0,-138
1739481108.3702476,-21,3,-44
1739481108.4152474,57,20,9
1739481108.4612474,40,-150,-17
1739481108.5072474,48,-122,-143
1739481108.5532477,-38,-41,9
1739481108.5982475,33,-66,-43
1739481108.6442475,-36,-41,0
1739481108.6902475,-23,-19,-75
1739481108.7352476,48,50,-29
1739481108.7812476,-27,23,8
1739481108.8272476,16,25,-51
1739481108.8732476,-42,7,-57
1739481108.9182477,5,37,-104
1739481108.9642477,-25,-1,-34
1739481109.0102477,39,-56,68
1739481109.0552475,-31,1,-31
1739481109.1012475,55,88,31
1739481109.1472476,36,0,-24
1739481109.1932476,13,-16,1
1739481109.2382476,-5,-89,-117
1739481109.2842476,12,-66,-76
1739481109.3302476,-18,-87,-84
1739481109.3752477,60,72,61
1739481109.4212475,-21,-49,-6
1739481109.4672475,131,-70,0
1739481109.5132475,-39,-25,-50
1739481109.5582476,-48,-109,0
1739481109.6042476,-24,-125,-76
1739481109.6502476,3,-51,-28
1739481109.6952477,-34,-115,6
1739481109.7412477,47,-65,48
1739481109.7872477,36,-50,76
1739481109.8332477,80,-28,-30
1739481109.8782475,34,82,-97
1739481109.9242475,39,0,-65
1739481109.9702475,12,-122,-27
1739481110.0152476,51,-98,93
1739481110.0612476,-90,-67,-105
1739481110.1072476,-16,-32,-148
1739481110.1532476,-31,-22,-87
1739481110.1982474,29,-10,13
1739481110.2442474,-6,39,-144
1739481110.2902474,1,-88,-20
1739481110.3352475,7,-63,83
1739481110.3812475,52,-75,-72
1739481110.4272475,85,-103,-74
1739481110.4732475,100,5,-8
1739481110.5182476,-37,-140,-8
1739481110.5642476,-21,-16,-32
1739481110.6102476,15,62,-137
1739481110.6552474,33,-88,82
1739481110.7012477,15,-102,19
1739481110.7472477,-37,27,-53
1739481110.7932477,59,-4,-57
1739481110.8382475,42,-88,-83
1739481110.8842475,40,-8,-20
1739481110.9302475,10,115,-87
1739481110.9752476,52,118,-37
1739481111.0212476,44,68,-101
1739481111.0672476,-57,-25,-93
1739481111.1132476,89,-96,1
1739481111.1582477,-129,-45,-3
1739481111.2042477,113,10,-65
1739481111.2502477,12,27,-99
1739481111.2952476,-49,-49,-66
1739481111.3412476,16,-16,-1
1739481111.3872476,-14,33,-10
1739481111.4332476,46,-22,-128
1739481111.4782476,120,116,73
1739481111.5242476,-45,-135,-12
1739481111.5702477,40,-25,-25
1739481111.6152475,-3,39,-65
1739481111.6612475,26,-6,75
1739481111.7072475,54,72,-18
1739481111.7532475,-37,23,-51
1739481111.7982476,-79,-95,-44
1739481111.8442476,42,54,44
1739481111.8902476,40,-18,-40
1739481111.9352477,4,62,22
1739481111.9812477,-9,-103,36
1739481112.0332477,46,-20,34
1739481112.0782475,4,-126,35
1739481112.1242476,7,-76,-72
1739481112.1702476,-42,-38,-86
1739481112.2152476,-73,-76,80
1739481112.2612476,-25,-8,0
1739481112.3072476,-19,96,-45
1739481112.3532476,52,-9,-1
1739481112.3982477,35,11,-224
1739481112.4442475,-3,-74,-22
1739481112.4902475,10,47,-63
1739481112.5352476,5,9,53
1739481112.5812476,-7,-42,-140
1739481112.6272476,-8,-66,-13
1739481112.6732476,43,-103,-5
1739481112.7182477,60,71,-30
1739481112.7642477,-25,-82,-93
1739481112.8102477,-33,1,21
1739481112.8552475,40,-66,98
1739481112.9012475,-27,-9,-101
1739481112.9472475,12,0,38
1739481112.9932475,12,-129,-28
1739481113.0382476,-7,22,-170
1739481113.0842476,-19,-36,-24
1739481113.1302476,-33,-70,-80
1739481113.1752477,35,83,-64
1739481113.2212474,15,-71,-65
1739481113.2672474,51,37,-53
1739481113.3132474,-20,-128,-48
1739481113.3582475,61,73,-74
1739481113.4042475,-72,14,-67
1739481113.4502475,-58,36,-96
1739481113.4952476,-17,-32,-53
1739481113.5412476,-43,18,40
1739481113.5872476,-31,44,37
1739481113.6332476,0,47,-174
1739481113.6782477,7,-39,-72
1739481113.7242477,33,78,-39
1739481113.7702477,7,72,37
1739481113.8152475,-31,6,-59
1739481113.8612475,33,11,-25
1739481113.9072475,-47,-48,35
1739481113.9532475,78,-15,-11
1739481113.9982476,48,9,-73
1739481114.0442476,-78,96,-39
1739481114.0902476,-9,11,20
1739481114.1352477,-62,-59,-195
1739481114.1812477,-74,-58,1
1739481114.2272477,10,-102,-26
1739481114.2732477,-11,-121,-180
1739481114.3182476,25,17,-22
1739481114.3642476,7,-31,-32
1739481114.4102476,24,52,-27
1739481114.4552476,3,-46,-37
1739481114.5012476,-34,-22,-3
1739481114.5472476,98,-27,39
1739481114.5932477,-30,-38,-90
1739481114.6382475,-19,53,38
1739481114.6842475,-106,-89,37
1739481114.7302475,11,-98,-83
1739481114.7752476,28,-82,-116
1739481114.8212476,12,-35,-95
1739481114.8672476,-33,-86,-69
1739481114.9132476,-24,-79,-92
1739481114.9582477,-83,-70,-11
1739481115.0042477,-12,36,-155
1739481115.0502477,-23,-170,-105
1739481115.0952475,-29,-100,-22
1739481115.1412475,27,27,-99
1739481115.1872475,13,18,-199
1739481115.2332475,44,34,31
1739481115.2782476,-27,14,-113
1739481115.3242476,-10,-22,-91
1739481115.3702476,-100,-34,-137
1739481115.4152474,-25,-57,-78
1739481115.4612474,-26,8,45
1739481115.5072474,-53,-16,-139
1739481115.5532477,-45,-84,-29
1739481115.5982475,-105,72,25
1739481115.6442475,-10,100,-64
1739481115.6902475,39,-153,-71
1739481115.7352476,-31,-87,-228
1739481115.7812476,11,-18,-90
1739481115.8272476,-34,-22,14
1739481115.8732476,16,-57,-81
1739481115.9182477,-9,-40,-46
1739481115.9642477,-40,-49,105
1739481116.0102477,52,45,-73
1739481116.0552475,6,-27,6
1739481116.1012475,55,-93,23
1739481116.1472476,53,-67,-39
1739481116.1932476,-27,112,-108
1739481116.2382476,50,-61,-68
1739481116.2842476,-51,-34,14
1739481116.3302476,16,93,-87
1739481116.3752477,15,-1,-42
1739481116.4212475,1,-7,-59
1739481116.4672475,-25,-150,-33
1739481116.5132475,-98,14,-135
1739481116.5582476,11,-77,201
1739481116.6042476,63,-55,-3
1739481116.6502476,-62,-26,-44
1739481116.6952477,-32,-10,-19
1739481116.7412477,18,-143,-156
1739481116.7872477,27,-61,-13
1739481116.8332477,53,57,-123
1739481116.8782475,29,-85,45
1739481116.9242475,1,-42,51
1739481116.9702475,-45,-64,-168
1739481117.0152476,-18,72,-83
1739481117.0612476,-25,-14,-65
1739481117.1072476,-38,-196,-43
1739481117.1532476,-13,-61,16
1739481117.1982474,28,-35,-9
1739481117.2442474,-35,-92,-23
1739481117.2902474,0,50,-13
1739481117.3352475,52,119,-21
1739481117.3812475,16,53,-103
1739481117.4272475,-22,63,-93
1739481117.4732475,-6,24,-10
1739481117.5182476,-41,-178,-28
1739481117.5642476,75,-97,-51
1739481117.6102476,-40,-62,44
1739481117.6552474,-73,-20,-19
1739481117.7012477,-33,16,-16
1739481117.7472477,-1,-90,-64
1739481117.7932477,2,-150,-89
1739481117.8382475,-38,-52,75
1739481117.8842475,37,-25,-14
1739481117.9302475,-69,16,-38
1739481117.9752476,41,-41,65
1739481118.0212476,-7,91,3
1739481118.0672476,-53,-4,-92
1739481118.1132476,-5,-26,-19
1739481118.1582477,45,-35,-49
1739481118.2042477,61,53,6
1739481118.2502477,-63,94,24
1739481118.2952476,0,-26,-66
1739481118.3412476,25,-93,-18
1739481118.3872476,1,77,-116
1739481118.4332476,-14,-67,63
1739481118.4782476,30,-67,-67
1739481118.5242476,10,-130,-15
1739481118.5702477,48,-51,46
1739481118.6152475,-39,-92,-70
1739481118.6612475,-15,-14,-23
1739481118.7072475,10,-193,64
1739481118.7532475,34,85,-91
1739481118.7982476,89,-49,-11
1739481118.8442476,27,-43,-6
1739481118.8902476,48,55,-73
1739481118.9352477,11,-133,-91
1739481118.9812477,10,-98,37
1739481119.0272477,-21,-116,-29
1739481119.0732474,-53,0,-65
1739481119.1182475,-15,-28,50
1739481119.1642475,-30,11,-45
1739481119.2102475,-2,39,-96
1739481119.2552476,-57,-14,-48
1739481119.3012476,24,31,-146
1739481119.3472476,79,-19,17
1739481119.3932476,61,-124,-2
1739481119.4382474,2,45,6
1739481119.4842474,14,9,21
1739481119.5302474,-5,28,40
1739481119.5752475,-5,-89,-22
1739481119.6212475,17,42,-11
1739481119.6672475,112,-6,0
1739481119.7132475,31,-82,-41
1739481119.7582476,-4,2,0
1739481119.8042476,10,-50,-95
1739481119.8502476,58,-64,-13
1739481119.8952477,35,-58,-56
1739481119.9412477,-122,-113,21
1739481119.9872477,70,-68,-63
1739481120.0332477,10,107,70
1739481120.0782475,-10,-137,-87
1739481120.1242476,72,-98,-43
1739481120.1702476,9,18,-3
1739481120.2152476,62,8,-105
1739481120.2612476,21,-52,0
1739481120.3072476,10,-16,2
1739481120.3532476,-5,63,-138
1739481120.3982477,-12,-43,-52
1739481120.4442475,-14,-5,32
1739481120.4902475,-21,66,42
1739481120.5352476,37,-89,-9
1739481120.5812476,75,154,-140
1739481120.6272476,-55,-105,109
1739481120.6732476,69,32,-47
1739481120.7182477,-60,-18,-41
1739481120.7642477,40,-116,11
1739481120.8102477,17,-32,43
1739481120.8552475,-40,69,-30
1739481120.9012475,34,-48,-2
1739481120.9472475,-2,-63,31
1739481120.9932475,-10,13,-77
1739481121.0382476,5,-175,102
1739481121.0842476,2,57,-134
1739481121.1302476,50,-28,-119
1739481121.1752477,23,-76,3
1739481121.2212474,-12,-21,87
1739481121.2672474,-35,-109,-33
1739481121.3132474,-9,-45,-17
1739481121.3582475,-66,-47,6
1739481121.4042475,26,54,-65
1739481121.4502475,11,-81,-12
1739481121.4952476,-85,21,91
1739481121.5412476,47,-8,-72
1739481121.5872476,-40,-55,35
1739481121.6332476,116,62,-59
1739481121.6782477,42,-34,-11
1739481121.7242477,43,-92,-79
1739481121.7702477,25,-37,60
1739481121.8152475,-28,-65,-97
1739481121.8612475,-58,1,49
1739481121.9072475,-10,55,-1
1739481121.9532475,33,-99,-34
1739481121.9982476,-55,0,101
1739481122.0502477,-11,-99,25
1739481122.0952475,-32,15,-39
1739481122.1412475,-32,-51,41
1739481122.1872475,27,-48,0
1739481122.2332475,-4,-52,-32
1739481122.2782476,-55,-11,-116
1739481122.3242476,69,-116,134
1739481122.3702476,40,-76,-126
1739481122.4152474,41,-22,-44
1739481122.4612474,-112,-89,-1
1739481122.5072474,-77,-131,-11
1739481122.5532477,44,30,34
1739481122.5982475,14,9,51
1739481122.6442475,-87,-81,-30
1739481122.6902475,-3,-94,-65
1739481122.7352476,55,18,-44
1739481122.7812476,-33,85,-48
1739481122.8272476,-50,-69,55
1739481122.8732476,-5,-125,-41
1739481122.9182477,10,122,-42
1739481122.9642477,30,-38,-37
1739481123.0102477,9,-94,-65
1739481123.0552475,-54,-9,-9
1739481123.1012475,100,-92,-73
1739481123.1472476,44,4,-83
1739481123.1932476,47,-28,-115
1739481123.2382476,-2,-116,-121
1739481123.2842476,-15,-41,-46
1739481123.3302476,-20,49,-36
1739481123.3752477,-53,81,8
1739481123.4212475,-57,-21,-135
1739481123.4672475,28,-8,1
1739481123.5132475,16,56,-67
1739481123.5582476,-3,-85,-48
1739481123.6042476,65,-22,27
1739481123.6502476,21,12,-13
1739481123.6952477,-24,-1,-20
1739481123.7412477,-25,-49,-4
1739481123.7872477,-8,-53,-35
1739481123.8332477,-31,-3,-48
1739481123.8782475,-16,95,-47
1739481123.9242475,-27,-29,-89
1739481123.9702475,9,21,-150
1739481124.0152476,-65,-67,-70
1739481124.0612476,25,-46,4
1739481124.1072476,26,16,-118
1739481124.1532476,-17,-51,-53
1739481124.1982474,70,-36,-132
1739481124.2442474,-84,-55,-19
1739481124.2902474,37,-16,9
1739481124.3352475,18,22,-136
1739481124.3812475,-33,-1,-45
1739481124.4272475,48,-138,20
1739481124.4732475,-42,-111,-69
1739481124.5182476,55,-140,-114
1739481124.5642476,-5,-36,-12
1739481124.6102476,40,-26,8
1739481124.6552474,28,36,-133
1739481124.7012477,-21,105,-74
1739481124.7472477,-37,-15,-126
1739481124.7932477,41,82,-60
1739481124.8382475,0,-85,-29
1739481124.8842475,-3,0,27
1739481124.9302475,21,86,-58
1739481124.9752476,19,18,-97
1739481125.0212476,11,-107,5
1739481125.0672476,-33,0,46
1739481125.1132476,-112,-1,-22
1739481125.1582477,-61,-111,41
1739481125.2042477,45,90,99
1739481125.2502477,-17,31,78
1739481125.2952476,31,88,7
1739481125.3412476,4,-62,-74
1739481125.3872476,-43,-13,68
1739481125.4332476,-20,-99,33
1739481125.4782476,8,-39,12
1739481125.5242476,47,14,-11
1739481125.5702477,24,-44,-4
1739481125.6152475,-9,-10,-78
1739481125.6612475,-33,-31,10
1739481125.7072475,-74,-67,-190
1739481125.7532475,13,-75,-9
1739481125.7982476,17,-107,-78
1739481125.8442476,27,35,-48
1739481125.8902476,-55,-76,41
1739481125.9352477,36,7,-5
1739481125.9812477,1,36,23
1739481126.0272477,32,-44,-52
1739481126.0732474,36,-30,-54
1739481126.1182475,-2,17,-178
1739481126.1642475,6,15,-64
1739481126.2102475,4,-46,-22
1739481126.2552476,35,-72,-91
1739481126.3012476,-12,-33,-38
1739481126.3472476,50,-2,10
1739481126.3932476,-46,-57,0
1739481126.4382474,-21,-93,-76
1739481126.4842474,24,-102,45
1739481126.5302474,-7,-39,171
1739481126.5752475,11,-8,-10
1739481126.6212475,61,30,-19
1739481126.6672475,44,-52,-66
1739481126.7132475,-24,-29,-75
1739481126.7582476,-20,-3,-9
1739481126.8042476,-26,-114,-56
1739481126.8502476,-30,47,-33
1739481126.8952477,29,-58,64
1739481126.9412477,-1,24,-16
1739481126.9872477,-34,-185,-3
1739481127.0332477,-22,3,33
1739481127.0782475,10,-134,-61
1739481127.1242476,-19,30,-122
1739481127.1702476,-17,-142,12
1739481127.2152476,11,61,-104
1739481127.2612476,-32,109,5
1739481127.3072476,2,-44,-101
1739481127.3532476,-86,15,2
1739481127.3982477,32,-100,73
1739481127.4442475,-7,122,-17
1739481127.4902475,52,12,0
1739481127.5352476,23,41,39
1739481127.5812476,-56,-125,39
1739481127.6272476,-15,-21,-10
1739481127.6732476,-11,-93,44
1739481127.7182477,-17,-78,14
1739481127.7642477,-74,-5,-74
1739481127.8102477,15,-10,-48
1739481127.8552475,48,-4,-65
1739481127.9012475,-21,39,-88
1739481127.9472475,49,7,-84
1739481127.9932475,-8,-188,25
1739481128.0382476,5,-36,3
1739481128.0842476,-4,48,-149
1739481128.1302476,6,-35,-6
1739481128.1752477,36,46,-16
1739481128.2212474,15,87,-153
1739481128.2672474,-3,-10,-64
1739481128.3132474,90,78,20
1739481128.3582475,3,-51,-13
1739481128.4042475,-109,-92,0
1739481128.4502475,106,-98,36
1739481128.4952476,-40,41,-45
1739481128.5412476,-77,-127,14
1739481128.5872476,-9,-13,-20
1739481128.6332476,-61,-18,111
1739481128.6782477,-27,-39,-108
1739481128.7242477,-60,-78,-22
1739481128.7702477,-125,-66,-52
1739481128.8152475,-49,-86,-143
1739481128.8612475,-14,-24,-126
1739481128.9072475,20,-11,-16
1739481128.9532475,5,-75,100
1739481128.9982476,17,-60,-103
1739481129.0442476,-49,16,-112
1739481129.0902476,-24,-58,-108
1739481129.1352477,-19,-28,-30
1739481129.1812477,-84,-14,35
1739481129.2272477,-33,12,-89
1739481129.2732477,43,-75,-74
1739481129.3182476,48,-19,-76
1739481129.3632476,5,-12,-61
1739481129.4092476,20,66,-128
1739481129.4542477,27,-8,19
1739481129.5002477,-61,10,-37
1739481129.5462475,11,17,-43
1739481129.5912476,-12,-60,-39
1739481129.6372476,-76,-72,6
1739481129.6832476,-74,-74,-44
1739481129.7292476,7,-149,-12
1739481129.7742476,13,-125,-28
1739481129.8202477,28,-1,-81
1739481129.8662477,75,-17,-81
1739481129.9112475,-2,-101,-57
1739481129.9572475,25,1,6
1739481130.0032475,-5,-18,-65
1739481130.0492475,11,-155,-65
1739481130.0942476,37,-135,-143
1739481130.1402476,1,-21,25
1739481130.1862476,62,-121,-41
1739481130.2312477,-33,54,3
1739481130.2772477,-1,8,-136
1739481130.3232474,1,55,-83
1739481130.3692474,-43,14,-57
1739481130.4142475,-1,-78,-79
1739481130.4602475,98,-22,-56
1739481130.5062475,-39,-59,49
1739481130.5512476,7,-49,-59
1739481130.5972476,-24,-38,6
1739481130.6432476,-40,-80,-79
1739481130.6892476,15,60,-37
1739481130.7342474,-27,-81,95
1739481130.7802474,15,-44,-88
1739481130.8262477,-12,-16,-45
1739481130.8712475,7,-54,0
1739481130.9172475,7,-87,-38
1739481130.9632475,-15,18,16
1739481131.0092475,62,-150,15
1739481131.0542476,12,48,-117
1739481131.1002476,-11,-40,5
1739481131.1462476,-25,62,0
1739481131.1912477,17,59,21
1739481131.2372477,-36,-52,37
1739481131.2832477,69,3,-53
1739481131.3292477,-24,-30,60
1739481131.3742476,10,-97,56
1739481131.4202476,63,117,47
1739481131.4662476,26,-59,-37
1739481131.5112476,-84,-52,-36
1739481131.5572476,-5,52,-32
1739481131.6032476,81,1,32
1739481131.6492476,-31,-56,-63
1739481131.6942475,34,45,-14
1739481131.7402475,-14,-56,-40
1739481131.7862475,2,-27,-14
1739481131.8312476,111,-61,88
1739481131.8772476,12,-23,-101
1739481131.9232476,25,11,-29
1739481131.9692476,-52,-25,2
1739481132.0202477,-69,14,6
1739481132.0662477,65,41,66
1739481132.1112475,-29,-6,-50
1739481132.1572475,14,-41,-105
1739481132.2032475,-46,-130,210
1739481132.2492476,-31,-36,33
1739481132.2942476,0,-17,-43
1739481132.3402476,-37,14,-70
1739481132.3862476,-17,-52,-31
1739481132.4312477,-28,-34,-45
1739481132.4772477,-68,-46,83
1739481132.5232477,16,-41,19
1739481132.5692475,0,46,2
1739481132.6142476,-18,-80,-21
1739481132.6602476,-22,-36,-161
1739481132.7062476,-37,-18,33
1739481132.7512476,-47,-2,-43
1739481132.7972476,-53,0,-28
1739481132.8432477,-6,-76,4
1739481132.8892477,72,-133,-42
1739481132.9342475,-17,-138,-55
1739481132.9802475,-14,-130,20
1739481133.0262475,-22,-20,-17
1739481133.0712476,-62,30,-70
1739481133.1172476,8,2,-2
1739481133.1632476,-101,-34,-10
1739481133.2092476,68,-129,-75
1739481133.2542477,-44,-64,-93
1739481133.3002477,-38,-38,73
1739481133.3462474,-29,12,-74
1739481133.3912475,51,57,-14
1739481133.4372475,13,-23,17
1739481133.4832475,16,47,34
1739481133.5292475,3,-29,-70
1739481133.5742476,-40,-54,-72
1739481133.6202476,26,-5,18
1739481133.6662476,-6,-186,10
1739481133.7112474,-42,-60,-127
1739481133.7572474,27,-111,-34
1739481133.8032477,-37,-48,-26
1739481133.8492477,67,-47,-55
1739481133.8942475,-30,36,23
1739481133.9402475,-19,-59,64
1739481133.9862475,25,-69,70
1739481134.0312476,-1,-23,-26
1739481134.0772476,-7,-65,-12
1739481134.1232476,27,47,-67
1739481134.1692476,3,-80,12
1739481134.2142477,38,25,-49
1739481134.2602477,1,21,-5
1739481134.3062477,20,49,21
1739481134.3512475,23,-59,-41
1739481134.3972476,64,27,92
1739481134.4432476,60,-77,-70
1739481134.4892476,-48,104,-133
1739481134.5342476,-32,-32,48
1739481134.5802476,-24,-34,-85
1739481134.6262476,26,-167,-96
1739481134.6712475,-108,-64,15
1739481134.7172475,53,1,-6
1739481134.7632475,151,-39,-64
1739481134.8092475,9,62,86
1739481134.8542476,24,9,-85
1739481134.9002476,-39,-32,-81
1739481134.9462476,-15,-37,8
1739481134.9912477,-51,70,-45
1739481135.0372477,-5,-60,-10
1739481135.0832477,-7,5,-100
1739481135.1292477,21,121,-43
1739481135.1742475,-32,-82,-32
1739481135.2202475,31,-27,60
1739481135.2662475,2,-15,-115
1739481135.3112476,3,9,-94
1739481135.3572476,-40,-26,-8
1739481135.4032476,45,11,-111
1739481135.4492476,-11,-70,-116
1739481135.4942474,8,-42,-21
1739481135.5402474,20,1,1
1739481135.5862474,61,-51,73
1739481135.6312475,64,-63,-35
1739481135.6772475,29,-95,-13
1739481135.7232475,-9,4,-77
1739481135.7692475,8,4,23
1739481135.8142476,-25,-102,85
1739481135.8602476,-40,-146,-74
1739481135.9062476,-35,-28,-22
1739481135.9512477,12,65,107
1739481135.9972477,-15,-116,-1
1739481136.0432477,12,-57,-9
1739481136.0892477,-66,30,47
1739481136.1342475,-18,-24,8
1739481136.1802475,9,-31,-74
1739481136.2262475,-17,156,-91
1739481136.2712476,-101,-84,-74
1739481136.3172476,-87,0,29
1739481136.3632476,-1,-100,28
1739481136.4092476,33,5,-2
1739481136.4542477,20,-75,-67
1739481136.5002477,3,-86,49
1739481136.5462475,-2,18,-6
1739481136.5912476,43,-33,4
1739481136.6372476,-60,-62,-103
1739481136.6832476,-37,28,-29
1739481136.7292476,-60,6,-142
1739481136.7742476,21,9,-14
1739481136.8202477,-31,-103,-57
1739481136.8662477,-57,-20,-23
1739481136.9112475,-11,-119,-30
1739481136.9572475,68,-51,-41
1739481137.0032475,21,-16,-62
1739481137.0492475,1,-117,0
1739481137.0942476,-73,68,-62
1739481137.1402476,57,-44,-78
1739481137.1862476,-16,-96,43
1739481137.2312477,-7,-34,14
1739481137.2772477,50,-21,-136
1739481137.3232474,-14,-24,-103
1739481137.3692474,30,-137,-15
1739481137.4142475,-28,-58,-20
1739481137.4602475,29,-75,-63
1739481137.5062475,50,-35,-28
1739481137.5512476,-41,-116,21
1739481137.5972476,-55,-78,-116
1739481137.6432476,78,-145,26
1739481137.6892476,-84,56,-84
1739481137.7342474,79,7,-26
1739481137.7802474,-81,-36,-187
1739481137.8262477,-18,-68,31
1739481137.8712475,64,-85,-72
1739481137.9172475,41,33,-130
1739481137.9632475,25,-61,-61
1739481138.0092475,-11,-84,-55
1739481138.0542476,27,-2,-71
1739481138.1002476,-73,-90,30
1739481138.1462476,-15,-86,-26
1739481138.1912477,-39,-6,-14
1739481138.2372477,44,-69,20
1739481138.2832477,-27,-48,-48
1739481138.3292477,27,0,-51
1739481138.3742476,61,-64,-62
1739481138.4202476,20,-33,-144
1739481138.4662476,8,-58,-109
1739481138.5112476,-9,-73,-101
1739481138.5572476,-42,22,29
1739481138.6032476,-12,-2,131
1739481138.6482477,83,-32,-104
1739481138.6942475,91,-99,-52
1739481138.7402475,13,-21,-50
1739481138.7862475,45,-116,74
1739481138.8312476,-5,-53,20
1739481138.8772476,24,26,-15
1739481138.9232476,-22,-68,-34
1739481138.9682477,-14,-75,58
1739481139.0142477,20,-46,-87
1739481139.0602477,-66,-57,-16
1739481139.1062477,-44,-115,-49
1739481139.1512475,-56,-65,-39
1739481139.1972475,39,-44,-121
1739481139.2432475,-41,3,62
1739481139.2882476,-6,33,-144
1739481139.3342476,36,24,-99
1739481139.3802476,0,-10,22
1739481139.4262476,-14,59,-54
1739481139.4712474,26,-96,1
1739481139.5172474,-16,-39,19
1739481139.5632474,66,-108,-53
1739481139.6082475,0,-27,-45
1739481139.6542475,-8,-86,-74
1739481139.7002475,6,-46,0
1739481139.7462475,-48,-129,-60
1739481139.7912476,12,48,-64
1739481139.8372476,-29,69,70
1739481139.8832476,8,-42,-11
1739481139.9282477,-22,-41,-59
1739481139.9742477,8,-22,-191
1739481140.0202477,2,-80,38
1739481140.0662477,22,-86,3
1739481140.1112475,0,29,-91
1739481140.1572475,-22,-7,-90
1739481140.2032475,29,-96,-85
1739481140.2482476,85,-20,-13
1739481140.2942476,42,-116,-124
1739481140.3402476,36,-132,-113
1739481140.3862476,-122,9,-64
1739481140.4312477,-77,-71,11
1739481140.4772477,19,-178,-43
1739481140.5232477,-55,45,-86
1739481140.5682476,-4,-42,70
1739481140.6142476,-8,-17,49
1739481140.6602476,-36,-15,-101
1739481140.7062476,16,-68,-113
1739481140.7512476,7,-72,61
1739481140.7972476,-63,0,6
1739481140.8432477,10,-92,-53
1739481140.8882475,-4,-75,-97
1739481140.9342475,53,-2,-69
1739481140.9802475,28,14,-57
1739481141.0262475,-84,-53,-28
1739481141.0712476,-52,63,75
1739481141.1172476,85,-196,-68
1739481141.1632476,84,-74,-26
1739481141.2082477,-76,-51,-84
1739481141.2542477,-8,-63,-24
1739481141.3002477,17,-98,-105
1739481141.3462474,-55,-41,-121
1739481141.3912475,23,-114,-115
1739481141.4372475,-47,0,-118
1739481141.4832475,-34,-25,-46
1739481141.5282476,10,-24,-4
1739481141.5742476,-15,-111,-25
1739481141.6202476,-53,25,46
1739481141.6662476,128,74,-90
1739481141.7112474,23,48,-24
1739481141.7572474,90,32,-1
1739481141.8032477,22,-14,-23
1739481141.8482475,21,-2,52
1739481141.8942475,-129,-47,-34
1739481141.9402475,-47,-84,-203
1739481141.9862475,48,-35,-74
1739481142.0372477,-27,-74,-74
1739481142.0832477,36,35,-32
1739481142.1282475,117,-212,-57
1739481142.1742475,17,-75,-90
1739481142.2202475,-40,-149,-49
1739481142.2662475,-36,-37,38
1739481142.3112476,-11,-82,-75
1739481142.3572476,-56,15,64
1739481142.4032476,87,-36,-44
1739481142.4482474,-78,-175,-47
1739481142.4942474,35,-28,4
1739481142.5402474,-44,-69,-24
1739481142.5862474,-17,-75,-74
1739481142.6312475,18,-44,-22
1739481142.6772475,-22,-15,-21
1739481142.7232475,110,-48,-88
1739481142.7682476,3,-20,0
1739481142.8142476,126,-62,-54
1739481142.8602476,-40,5,-126
1739481142.9062476,-42,-115,12
1739481142.9512477,6,-25,-83
1739481142.9972477,54,-109,-160
1739481143.0432477,-1,-47,62
1739481143.0882475,-40,-78,-118
1739481143.1342475,26,-15,6
1739481143.1802475,-44,-50,12
1739481143.2262475,11,-73,-78
1739481143.2712476,20,-15,-123
1739481143.3172476,5,-127,39
1739481143.3632476,-22,-38,-10
1739481143.4082477,31,-83,-49
1739481143.4542477,-8,26,-33
1739481143.5002477,-82,-104,-147
1739481143.5462475,-16,44,-160
1739481143.5912476,-47,-78,27
1739481143.6372476,35,-63,-126
1739481143.6832476,-21,18,-22
1739481143.7282476,-8,-14,-46
1739481143.7742476,-9,-88,-53
1739481143.8202477,98,-112,16
1739481143.8662477,1,24,-31
1739481143.9112475,50,-37,102
1739481143.9572475,21,44,-31
1739481144.0032475,-35,81,25
1739481144.0482476,-6,-20,52
1739481144.0942476,-72,-20,15
1739481144.1402476,81,-43,-118
1739481144.1862476,91,33,101
1739481144.2312477,-74,-61,-4
1739481144.2772477,-10,-47,-27
1739481144.3232474,1,82,-169
1739481144.3682475,9,96,-55
1739481144.4142475,86,-22,-64
1739481144.4602475,-58,-189,-31
1739481144.5062475,-133,-71,-104
1739481144.5512476,91,112,-2
1739481144.5972476,12,14,116
1739481144.6432476,10,-42,-145
1739481144.6882474,-93,5,33
1739481144.7342474,-1,-51,29
1739481144.7802474,21,-81,-22
1739481144.8262477,29,49,-70
1739481144.8712475,-62,-162,10
1739481144.9172475,-105,-22,75
1739481144.9632475,30,-115,-118
1739481145.0082476,4,-118,-31
1739481145.0542476,87,-47,-58
1739481145.1002476,9,3,-100
1739481145.1462476,-27,-48,26
1739481145.1912477,-40,92,-110
1739481145.2372477,-71,-168,-8
1739481145.2832477,-15,-56,-42
1739481145.3282475,12,-86,-19
1739481145.3742476,-33,-47,-9
1739481145.4202476,23,-224,-47
1739481145.4662476,-25,-95,-27
1739481145.5112476,-18,-71,-82
1739481145.5572476,7,-82,88
1739481145.6032476,79,-42,-159
1739481145.6482477,64,-72,-131
1739481145.6942475,69,-140,9
1739481145.7402475,-3,40,40
1739481145.7862475,-11,33,48
1739481145.8312476,-44,-103,45
1739481145.8772476,61,-52,88
1739481145.9232476,45,-52,-91
1739481145.9682477,34,-56,9
1739481146.0142477,-60,-99,-117
1739481146.0602477,-55,-101,-55
1739481146.1062477,-45,33,-137
1739481146.1512475,-7,-104,-98
1739481146.1972475,3,-144,-132
1739481146.2432475,29,-164,-57
1739481146.2882476,36,-48,-66
1739481146.3342476,136,-68,-81
1739481146.3802476,-23,-83,-61
1739481146.4262476,-30,-89,40
1739481146.4712474,35,-147,-104
1739481146.5172474,-30,-33,-46
1739481146.5632474,-44,-45,-102
1739481146.6082475,-7,-69,-161
1739481146.6542475,-17,-15,-79
1739481146.7002475,15,-4,89
1739481146.7462475,10,-20,55
1739481146.7912476,-28,-75,-33
1739481146.8372476,26,-40,-70
1739481146.8832476,14,6,-80
1739481146.9282477,2,8,-54
1739481146.9742477,-77,-43,45
1739481147.0202477,18,104,34
1739481147.0662477,61,-56,-87
1739481147.1112475,47,100,-73
1739481147.1572475,-10,-143,29
1739481147.2032475,63,66,-5
1739481147.2482476,37,-67,-33
1739481147.2942476,-64,-39,-52
1739481147.3402476,-22,-87,-25
1739481147.3862476,48,20,-28
1739481147.4312477,-9,4,-9
1739481147.4772477,-42,-85,18
1739481147.5232477,-81,11,-41
1739481147.5682476,-44,-7,2
1739481147.6142476,-52,-9,-38
1739481147.6602476,37,-120,-86
1739481147.7062476,52,-42,-84
1739481147.7512476,43,70,-111
1739481147.7972476,7,-71,-87
1739481147.8432477,16,-62,26
1739481147.8882475,-47,-41,-113
1739481147.9342475,-1,67,24
1739481147.9802475,-33,-75,-106
1739481148.0262475,0,-72,-57
1739481148.0712476,6,17,-29
1739481148.1172476,100,-24,84
1739481148.1632476,-93,-99,-15
1739481148.2082477,0,-48,-70
1739481148.2542477,29,26,-17
1739481148.3002477,-63,67,-19
1739481148.3462474,-107,-113,53
1739481148.3912475,68,-82,-108
1739481148.4372475,-83,-23,-107
1739481148.4832475,-67,-63,58
1739481148.5282476,-40,-50,-102
1739481148.5742476,29,-24,-56
1739481148.6202476,15,-60,16
1739481148.6662476,42,-22,-72
1739481148.7112474,-31,63,34
1739481148.7572474,-58,-29,-108
1739481148.8032477,6,75,-114
1739481148.8482475,-2,-99,86
1739481148.8942475,28,-89,39
1739481148.9402475,22,-104,6
1739481148.9862475,50,-14,-29
1739481149.0312476,-46,-22,28
1739481149.0772476,43,-56,35
1739481149.1232476,165,-20,124
1739481149.1682477,-9,-185,-69
1739481149.2142477,79,78,-55
1739481149.2602477,-6,27,1
1739481149.3062477,61,-97,-32
1739481149.3512475,16,-43,-52
1739481149.3972476,-17,-158,-23
1739481149.4432476,-13,27,-42
1739481149.4882476,-38,-14,-39
1739481149.5342476,81,-97,-88
1739481149.5802476,8,-62,-82
1739481149.6262476,-21,-18,95
1739481149.6712475,51,-141,-102
1739481149.7172475,47,-136,-20
1739481149.7632475,-39,-11,-75
1739481149.8082476,-13,-37,-49
1739481149.8542476,-86,63,-142
1739481149.9002476,-5,56,6
1739481149.9462476,27,29,-44
1739481149.9912477,18,11,-28
1739481150.0372477,34,-52,-99
1739481150.0832477,-24,-16,-131
1739481150.1282475,-20,46,-71
1739481150.1742475,20,5,-12
1739481150.2202475,-14,-11,6
1739481150.2662475,91,-107,-64
1739481150.3112476,56,29,-84
1739481150.3572476,-22,77,-2
1739481150.4032476,44,-54,-43
1739481150.4482474,-1,-12,-15
1739481150.4942474,4,-11,5
1739481150.5402474,-77,-82,-76
1739481150.5862474,-37,-12,-108
1739481150.6312475,-13,-56,-39
1739481150.6772475,-9,-84,-94
1739481150.7232475,-56,-40,-38
1739481150.7682476,-37,20,-21
1739481150.8142476,-94,-30,10
1739481150.8602476,-11,-24,-121
1739481150.9062476,57,-153,39
1739481150.9512477,-40,-48,-38
1739481150.9972477,-17,-96,-84
1739481151.0432477,-20,-72,-77
1739481151.0882475,35,-56,-74
1739481151.1342475,-42,-57,-33
1739481151.1802475,-2,-124,-9
1739481151.2262475,6,-7,-35
1739481151.2712476,25,-3,41
1739481151.3172476,-1,-36,-32
1739481151.3632476,-50,58,-13
1739481151.4082477,84,11,-38
1739481151.4542477,18,16,-21
1739481151.5002477,42,-57,5
1739481151.5462475,-62,14,-91
1739481151.5912476,-87,-132,-68
1739481151.6372476,-12,-22,46
1739481151.6832476,39,-55,61
1739481151.7282476,10,25,-51
1739481151.7742476,40,-51,-15
1739481151.8202477,-30,-20,21
1739481151.8662477,1,-77,44
1739481151.9112475,-22,-24,-82
1739481151.9572475,42,-123,22
1739481152.0032475,12,-1,14
1739481152.0542476,62,-51,-5
1739481152.1002476,29,47,-78
1739481152.1462476,-30,-122,-64
1739481152.1912477,-69,-54,-50
1739481152.2372477,-16,-4,-83
1739481152.2832477,-38,0,-71
1739481152.3282475,-6,20,-43
1739481152.3742476,16,-74,30
1739481152.4202476,-35,-73,-17
1739481152.4662476,77,-149,-3
1739481152.5112476,-67,-15,10
1739481152.5572476,-10,-13,-33
1739481152.6032476,-42,-189,-82
1739481152.6482477,-4,-18,21
1739481152.6942475,63,-40,24
1739481152.7402475,-16,-61,-19
1739481152.7862475,-4,71,-1
1739481152.8312476,19,-24,-70
1739481152.8772476,8,-16,-71
1739481152.9232476,26,-20,-13
1739481152.9682477,37,13,-41
1739481153.0142477,2,-20,-14
1739481153.0602477,-1,-116,-1
1739481153.1062477,20,-119,-20
1739481153.1512475,-16,-56,3
1739481153.1972475,71,-31,-34
1739481153.2432475,-18,-66,-22
1739481153.2882476,-48,-120,-162
1739481153.3342476,108,-143,-36
1739481153.3802476,-37,-6,-85
1739481153.4262476,25,-91,3
1739481153.4712474,12,-45,-65
1739481153.5172474,-41,-68,-49
1739481153.5632474,-73,-28,-42
1739481153.6082475,86,-101,154
1739481153.6542475,-11,-60,18
1739481153.7002475,20,-3,9
1739481153.7462475,58,-27,-49
1739481153.7912476,-27,-72,-119
1739481153.8372476,62,65,53
1739481153.8832476,54,-45,-25
1739481153.9282477,0,-27,-176
1739481153.9742477,-34,-60,-55
1739481154.0202477,-37,74,20
1739481154.0662477,-5,-30,1
1739481154.1112475,2,26,-20
1739481154.1572475,-58,34,-95
1739481154.2032475,-6,42,68
1739481154.2482476,-10,41,-11
1739481154.2942476,27,97,20
1739481154.3402476,37,-63,-17
1739481154.3862476,-49,10,43
1739481154.4312477,-57,98,-15
1739481154.4772477,0,40,76
1739481154.5232477,0,45,0
1739481154.5682476,-35,-62,12
1739481154.6142476,-54,-46,-74
1739481154.6602476,-5,-62,-79
1739481154.7062476,40,-37,16
1739481154.7512476,34,-45,-81
1739481154.7972476,-8,-5,125
1739481154.8432477,23,-18,-15
1739481154.8882475,-130,-64,-142
1739481154.9342475,-34,-36,-48
1739481154.9802475,-1,-7,0
1739481155.0262475,26,-107,-47
1739481155.0712476,-54,-72,-109
1739481155.1172476,-10,0,-83
1739481155.1632476,24,-77,-147
1739481155.2082477,-44,-76,-23
1739481155.2542477,76,-81,-10
1739481155.3002477,-4,-18,-23
1739481155.3462474,-24,20,-3
1739481155.3912475,-38,-68,-61
1739481155.4372475,-7,-3,48
1739481155.4832475,21,1,-107
1739481155.5282476,0,-42,-14
1739481155.5742476,39,-75,-30
1739481155.6202476,-16,-104,-27
1739481155.6662476,-24,12,-2
1739481155.7112474,-9,-16,25
1739481155.7572474,-51,-120,-9
1739481155.8032477,50,105,8
1739481155.8482475,-17,-97,-17
1739481155.8942475,10,83,-39
1739481155.9402475,-86,0,-113
1739481155.9862475,-37,-64,-40
1739481156.0312476,-56,-112,156
1739481156.0772476,0,-56,-19
1739481156.1232476,33,-101,-11
1739481156.1682477,5,-97,4
1739481156.2142477,6,-33,-21
1739481156.2602477,-43,96,-120
1739481156.3062477,55,17,1
1739481156.3512475,-9,10,-73
1739481156.3972476,-31,-4,-43
1739481156.4432476,165,-51,-4
1739481156.4882476,0,9,-154
1739481156.5342476,-3,-29,-78
1739481156.5802476,-63,-38,7
1739481156.6262476,34,-83,-18
1739481156.6712475,-41,-90,107
1739481156.7172475,20,143,-69
1739481156.7632475,-29,-18,58
1739481156.8082476,-6,51,-149
1739481156.8542476,-37,20,16
1739481156.9002476,-17,-56,-36
1739481156.9462476,-2,-65,24
1739481156.9912477,-32,-107,-205
1739481157.0372477,53,49,-14
1739481157.0832477,-50,4,-39
1739481157.1282475,-30,-48,-66
1739481157.1742475,-4,119,-67
1739481157.2202475,17,-168,-42
1739481157.2662475,58,-105,-16
1739481157.3112476,-19,32,-92
1739481157.3572476,-11,-160,34
1739481157.4032476,26,87,141
1739481157.4482474,35,64,-49
1739481157.4942474,-25,17,21
1739481157.5402474,-52,-48,-61
1739481157.5862474,16,-38,0
1739481157.6312475,-53,94,-54
1739481157.6772475,60,45,57
1739481157.7232475,2,22,-60
1739481157.7682476,20,-18,12
1739481157.8142476,57,-51,-97
1739481157.8602476,8,71,36
1739481157.9062476,-5,-54,118
1739481157.9512477,8,37,-63
1739481157.9972477,-27,70,-67
1739481158.0432477,0,-108,-5
1739481158.0882475,-39,-70,35
1739481158.1342475,71,-21,17
1739481158.1802475,-6,63,55
1739481158.2262475,93,-85,-49
1739481158.2712476,21,11,-98
1739481158.3172476,27,-27,-88
1739481158.3632476,33,-61,-98
1739481158.4082477,-27,-4,54
1739481158.4542477,23,-51,51
1739481158.5002477,14,-155,-56
1739481158.5462475,-24,-60,-86
1739481158.5912476,33,-59,51
1739481158.6372476,-17,-146,-37
1739481158.6832476,-31,-130,85
1739481158.7282476,-16,10,-148
1739481158.7742476,22,17,-43
1739481158.8202477,-48,-166,16
1739481158.8662477,-24,-20,-18
1739481158.9112475,-5,-66,-31
1739481158.9572475,-52,8,-129
1739481159.0032475,57,-27,-114
1739481159.0482476,82,-117,-76
1739481159.0942476,0,96,-30
1739481159.1402476,-125,-78,-81
1739481159.1862476,74,-53,-138
1739481159.2312477,-15,-39,58
1739481159.2772477,-8,4,-158
1739481159.3232474,15,-15,62
1739481159.3682475,17,-23,-114
1739481159.4142475,-9,15,-110
1739481159.4602475,-7,-84,39
1739481159.5062475,67,-123,-2
1739481159.5512476,0,28,0
1739481159.5972476,17,-53,-34
1739481159.6432476,-25,32,-23
1739481159.6882474,-5,-20,31
1739481159.7342474,19,-37,-64
1739481159.7802474,-6,-146,-134
1739481159.8262477,-56,-34,-66
1739481159.8712475,-6,9,-127
1739481159.9172475,11,-14,-76
1739481159.9632475,31,-53,-50
1739481160.0082476,3,0,-59
1739481160.0542476,21,-110,59
1739481160.1002476,11,-37,-40
1739481160.1462476,10,-101,-70
1739481160.1912477,51,-71,-42
1739481160.2372477,12,-68,-45
1739481160.2832477,-39,137,-48
1739481160.3282475,2,12,-85
1739481160.3742476,51,-43,53
1739481160.4202476,0,-25,-166
1739481160.4662476,8,-111,-154
1739481160.5112476,99,-27,8
1739481160.5572476,9,-51,54
1739481160.6032476,40,63,-104
1739481160.6482477,-82,-30,-48
1739481160.6942475,-10,-12,-120
1739481160.7402475,32,-15,-70
1739481160.7862475,41,51,-17
1739481160.8312476,-34,10,7
1739481160.8772476,-90,-110,56
1739481160.9232476,42,-99,-85
1739481160.9682477,-80,-18,-61
1739481161.0142477,31,41,-30
1739481161.0602477,-13,-14,-20
1739481161.1062477,-3,-8,-33
1739481161.1512475,91,-133,63
1739481161.1972475,-61,-88,-71
1739481161.2432475,-54,-26,-96
1739481161.2882476,18,-21,-15
1739481161.3342476,18,-69,-160
1739481161.3802476,12,-62,-43
1739481161.4262476,-77,-21,0
1739481161.4712474,-42,-17,-14
1739481161.5172474,-43,-95,-25
1739481161.5632474,60,30,-53
1739481161.6082475,33,-26,-71
1739481161.6542475,2,-189,54
1739481161.7002475,25,-16,-99
1739481161.7462475,-29,-91,-12
1739481161.7912476,14,-132,65
1739481161.8372476,3,-38,-90
1739481161.8832476,27,-78,-120
1739481161.9282477,-13,131,-9
1739481161.9742477,-21,31,45
1739481162.0202477,37,-12,-85
1739481162.0712476,-3,-59,-15
1739481162.1172476,18,4,14
1739481162.1632476,41,52,84
1739481162.2082477,-61,-67,-75
1739481162.2542477,-2,28,-2
1739481162.3002477,11,-100,-120
1739481162.3462474,-14,-107,20
1739481162.3912475,-31,-55,-62
1739481162.4372475,5,30,-108
1739481162.4832475,17,-35,166
1739481162.5282476,81,-78,27
1739481162.5742476,-41,83,-14
1739481162.6202476,-51,-23,-22
1739481162.6662476,-11,-95,43
1739481162.7112474,28,-68,-43
1739481162.7572474,42,-160,-185
1739481162.8032477,17,8,-65
1739481162.8482475,-54,13,5
1739481162.8942475,-27,-57,-103
1739481162.9402475,-14,31,-26
1739481162.9862475,-28,-29,-12
1739481163.0312476,90,-28,2
1739481163.0772476,-35,-91,-20
1739481163.1232476,-45,-91,-74
1739481163.1682477,-47,37,-86
1739481163.2142477,6,-80,-96
1739481163.2602477,-26,5,-13
1739481163.3062477,21,-72,33
1739481163.3512475,-54,-39,51
1739481163.3972476,-14,-15,-50
1739481163.4432476,-46,3,-1
1739481163.4882476,3,-95,-55
1739481163.5342476,-6,19,-56
1739481163.5802476,20,-22,-7
1739481163.6262476,-17,-27,-74
1739481163.6712475,36,-44,-65
1739481163.7172475,-69,-127,-52
1739481163.7632475,24,10,-88
1739481163.8082476,29,98,-102
1739481163.8542476,-36,-29,-32
1739481163.9002476,-11,-132,-43
1739481163.9462476,-19,13,-11
1739481163.9912477,-33,-113,66
1739481164.0372477,-18,105,9
1739481164.0832477,-26,25,-30
1739481164.1282475,-19,-147,-107
1739481164.1742475,4,34,-29
1739481164.2202475,-27,85,-18
1739481164.2662475,8,-129,70
1739481164.3112476,5,-103,19
1739481164.3572476,-15,-75,-41
1739481164.4032476,16,128,-97
1739481164.4482474,31,-50,-160
1739481164.4942474,31,-8,0
1739481164.5402474,29,-36,-139
1739481164.5862474,-46,13,6
1739481164.6312475,-51,1,17
1739481164.6772475,-67,-94,-111
1739481164.7232475,-29,-25,-86
1739481164.7682476,84,36,-99
1739481164.8142476,-36,-39,-19
1739481164.8602476,-42,-125,-51
1739481164.9062476,-8,53,-75
1739481164.9512477,-14,-123,-12
1739481164.9972477,-104,-81,1
1739481165.0432477,-53,-73,-147
1739481165.0882475,11,-122,-46
1739481165.1342475,62,24,110
1739481165.1802475,-25,-21,-29
1739481165.2262475,75,27,-58
1739481165.2712476,106,21,0
1739481165.3172476,-22,60,-43
1739481165.3632476,-63,-140,45
1739481165.4082477,35,117,-77
1739481165.4542477,1,-42,-25
1739481165.5002477,75,89,-1
1739481165.5462475,-22,-56,-87
1739481165.5912476,97,-22,-23
1739481165.6372476,-11,1,-9
1739481165.6832476,55,1,156
1739481165.7282476,5,-140,33
1739481165.7742476,-4,-156,83
1739481165.8202477,42,-47,-21
1739481165.8662477,17,-121,151
1739481165.9112475,-19,10,-45
1739481165.9572475,-10,32,-139
1739481166.0032475,11,-3,-18
1739481166.0482476,40,-49,37
1739481166.0942476,36,-39,6
1739481166.1402476,0,-32,-27
1739481166.1862476,32,43,28
1739481166.2312477,25,-100,-101
1739481166.2772477,-20,-19,-11
1739481166.3232474,-38,5,-21
1739481166.3682475,-14,-186,-27
1739481166.4142475,9,-122,-48
1739481166.4602475,24,92,-78
1739481166.5062475,-12,-65,-42
1739481166.5512476,39,-13,-35
1739481166.5972476,31,121,-21
1739481166.6432476,-32,-54,-109
1739481166.6882474,17,33,21
1739481166.7342474,0,-24,-38
1739481166.7802474,29,-77,-47
1739481166.8262477,-79,-68,56
1739481166.8712475,-31,38,-132
1739481166.9172475,-3,-16,-152
1739481166.9632475,-23,-26,38
1739481167.0082476,-38,2,-142
1739481167.0542476,11,1,-31
1739481167.1002476,22,-57,-112
1739481167.1462476,-58,-54,0
1739481167.1912477,-19,-158,-14
1739481167.2372477,89,-69,0
1739481167.2832477,-45,40,92
1739481167.3282475,-10,-50,-39
1739481167.3742476,-28,-97,-67
1739481167.4202476,-57,-51,-36
1739481167.4662476,-94,-61,-122
1739481167.5112476,29,-10,-50
1739481167.5572476,17,76,17
1739481167.6032476,2,18,-115
1739481167.6482477,66,20,-157
1739481167.6942475,-74,-113,10
1739481167.7402475,-97,-71,-32
1739481167.7862475,-18,0,-95
1739481167.8312476,49,-96,13
1739481167.8772476,-16,51,-21
1739481167.9232476,-37,3,-95
1739481167.9682477,-13,-120,-60
1739481168.0142477,18,-116,-85
1739481168.0602477,33,83,-42
1739481168.1062477,17,-45,11
1739481168.1512475,16,26,33
1739481168.1972475,11,-8,-40
1739481168.2432475,90,9,12
1739481168.2882476,-8,-105,7
1739481168.3342476,51,-87,29
1739481168.3802476,-94,-6,-100
1739481168.4262476,-14,-10,-54
1739481168.4712474,19,48,-20
1739481168.5172474,-63,-18,-89
1739481168.5632474,22,-117,43
1739481168.6082475,16,-39,-155
1739481168.6542475,24,5,26
1739481168.7002475,-7,-54,-25
1739481168.7452476,18,-27,-196
1739481168.7912476,24,-85,-73
1739481168.8372476,7,116,-89
1739481168.8832476,61,-49,-81
1739481168.9282477,12,-18,29
1739481168.9742477,-25,56,-122
1739481169.0202477,69,-83,-106
1739481169.0662477,-81,-83,-34
1739481169.1112475,-33,-56,26
1739481169.1572475,25,-161,-61
1739481169.2032475,14,72,-25
1739481169.2482476,-15,31,-2
1739481169.2942476,55,-51,-67
1739481169.3402476,-3,-36,-20
1739481169.3862476,18,-7,-57
1739481169.4312477,-7,81,2
1739481169.4772477,-48,17,-109
1739481169.5232477,50,-54,-111
1739481169.5682476,-28,-32,-28
1739481169.6142476,44,-8,-40
1739481169.6602476,28,19,-94
1739481169.7062476,4,39,-2
1739481169.7512476,-71,-94,-117
1739481169.7972476,-23,-29,-197
1739481169.8432477,-46,57,-88
1739481169.8882475,-33,-154,-38
1739481169.9342475,72,-71,-62
1739481169.9802475,65,7,-144
1739481170.0262475,23,-61,-72
1739481170.0712476,-25,16,-107
1739481170.1172476,35,10,-83
1739481170.1632476,17,-146,17
1739481170.2082477,52,-104,-100
1739481170.2542477,47,57,-59
1739481170.3002477,3,-109,-136
1739481170.3462474,-19,-80,0
1739481170.3912475,-18,-114,-48
1739481170.4362476,115,-16,-36
1739481170.4822476,8,-31,-71
1739481170.5272477,-20,-130,-92
1739481170.5732474,9,123,-54
1739481170.6192474,-2,-153,91
1739481170.6642475,41,-93,-11
1739481170.7102475,14,-109,-122
1739481170.7562475,-4,-14,-132
1739481170.8012476,-46,94,32
1739481170.8472476,-50,18,-13
1739481170.8932476,49,-115,-8
1739481170.9392476,-6,-52,-109
1739481170.9842474,-18,30,-24
1739481171.0302474,-99,-62,27
1739481171.0762477,-6,32,-37
1739481171.1212475,59,-115,-9
1739481171.1672475,67,-19,-160
1739481171.2132475,1,-6,-82
1739481171.2592475,-28,8,58
1739481171.3042476,14,8,7
1739481171.3502476,-10,-70,-87
1739481171.3962476,26,-27,-30
1739481171.4412477,3,-167,-9
1739481171.4872477,-22,-48,-52
1739481171.5332477,-47,-32,-138
1739481171.5792477,-55,56,-116
1739481171.6242476,-42,-56,0
1739481171.6702476,-5,77,34
1739481171.7162476,32,-49,-30
1739481171.7612476,9,-100,-25
1739481171.8072476,-15,-128,-61
1739481171.8532476,8,-54,-117
1739481171.8992476,-51,-24,-56
1739481171.9442475,-82,-40,6
1739481171.9902475,-11,34,-4
1739481172.0362475,-66,-36,-50
1739481172.0872476,-114,-48,50
1739481172.1332476,-28,-48,8
1739481172.1792476,86,-105,-96
1739481172.2242477,30,-9,15
1739481172.2702477,-31,60,-68
1739481172.3162477,51,-89,-116
1739481172.3612475,-5,10,-71
1739481172.4072475,20,-17,126
1739481172.4532475,-35,-42,-64
1739481172.4992476,68,-11,-33
1739481172.5442476,22,-5,-46
1739481172.5902476,-6,-85,-44
1739481172.6362476,-4,-52,3
1739481172.6812477,-13,-16,-59
1739481172.7272477,0,-21,31
1739481172.7732477,-10,-50,-27
1739481172.8192475,11,-11,-44
1739481172.8642476,-28,-10,123
1739481172.9102476,31,39,4
1739481172.9562476,-105,42,-114
1739481173.0012476,-3,-3,7
1739481173.0472476,-10,34,-27
1739481173.0932477,-23,22,-43
1739481173.1392477,43,13,-5
1739481173.1842475,-87,-76,-108
1739481173.2302475,46,-75,-75
1739481173.2762475,34,-53,-22
1739481173.3212476,49,-43,79
1739481173.3672476,29,-29,-67
1739481173.4132476,-40,-45,17
1739481173.4592476,8,-97,-21
1739481173.5042477,35,-230,56
1739481173.5502477,-23,-82,-21
1739481173.5962474,11,-36,-17
1739481173.6412475,32,-84,-145
1739481173.6872475,93,-80,-124
1739481173.7332475,-42,-12,-53
1739481173.7792475,-13,-35,-39
1739481173.8242476,40,-54,-44
1739481173.8702476,12,98,19
1739481173.9162476,56,-100,-23
1739481173.9612474,-11,-17,-19
1739481174.0072474,-4,21,-41
1739481174.0532477,49,-16,-39
1739481174.0992477,-74,-49,-51
1739481174.1442475,4,21,-62
1739481174.1902475,0,-45,33
1739481174.2362475,83,-72,24
1739481174.2812476,17,-82,-114
1739481174.3272476,-125,37,-103
1739481174.3732476,-34,107,-96
1739481174.4192476,8,-151,-11
1739481174.4642477,-37,-43,35
1739481174.5102477,-12,-31,-141
1739481174.5562477,62,0,203
1739481174.6012475,-35,-83,1
1739481174.6472476,49,-4,-39
1739481174.6932476,-56,-49,-22
1739481174.7392476,9,33,-28
1739481174.7842476,-9,28,0
1739481174.8302476,-3,-149,60
1739481174.8762476,-76,-69,-17
1739481174.9212475,5,29,-111
1739481174.9672475,1,-140,106
1739481175.0132475,40,-54,-42
1739481175.0592475,-8,0,-127
1739481175.1042476,25,-30,-90
1739481175.1502476,-109,-97,14
1739481175.1962476,-7,-24,-144
1739481175.2412477,28,-30,21
1739481175.2872477,44,-52,-62
1739481175.3332477,-10,5,-90
1739481175.3792477,37,-84,-3
1739481175.4242475,50,-124,58
1739481175.4702475,55,-80,-38
1739481175.5162475,-36,-9,66
1739481175.5612476,-34,-17,-8
1739481175.6072476,29,-31,-86
1739481175.6532476,-36,-59,-42
1739481175.6992476,53,38,-30
1739481175.7442474,-37,9,26
1739481175.7902474,-83,7,-3
1739481175.8362474,2,-193,26
1739481175.8812475,30,-10,64
1739481175.9272475,-10,34,-24
1739481175.9732475,15,-58,-45
1739481176.0192475,-9,1,-37
1739481176.0642476,39,-34,-54
1739481176.1102476,-19,-61,-114
1739481176.1562476,-54,-84,-86
1739481176.2012477,-43,11,-40
1739481176.2472477,-23,11,-126
1739481176.2922475,-16,-63,-61
1739481176.3372476,24,9,-120
1739481176.3832476,-12,-68,13
1739481176.4292476,78,22,-184
1739481176.4752476,-64,-21,57
1739481176.5202477,-11,-89,-17
1739481176.5662477,-42,-14,-121
1739481176.6122477,93,-84,5
1739481176.6572475,25,40,-5
1739481176.7032475,-16,-49,9
1739481176.7492476,-15,-33,66
1739481176.7952476,-13,15,36
1739481176.8402476,67,-52,-59
1739481176.8862476,-39,-27,-73
1739481176.9322476,-25,45,7
1739481176.9772477,12,58,41
1739481177.0232477,-43,89,-48
1739481177.0692475,-21,-85,-117
1739481177.1152475,-19,75,-95
1739481177.1602476,17,54,52
1739481177.2062476,-29,-115,-89
1739481177.2522476,54,-70,-19
1739481177.2972476,-65,-219,9
1739481177.3432477,-2,12,-77
1739481177.3892477,-4,-38,-17
1739481177.4352477,-25,3,15
1739481177.4802475,-118,-15,98
1739481177.5262475,-3,-46,-82
1739481177.5722475,-31,-47,13
1739481177.6172476,-27,-99,-31
1739481177.6632476,121,-4,-79
1739481177.7092476,37,-62,-54
1739481177.7552476,-2,39,-18
1739481177.8002477,-1,-5,-183
1739481177.8462474,47,24,-89
1739481177.8922474,28,47,-1
1739481177.9372475,82,-39,-21
1739481177.9832475,46,0,-70
1739481178.0292475,21,52,-24
1739481178.0752475,-34,35,-17
1739481178.1202476,-52,11,18
1739481178.1662476,-47,-167,-25
1739481178.2122476,-38,-19,40
1739481178.2572474,40,-50,-23
1739481178.3032477,-58,-119,-59
1739481178.3492477,-69,-41,-23
1739481178.3952477,-12,133,-120
1739481178.4402475,18,-62,-36
1739481178.4862475,-43,-33,17
1739481178.5322475,71,10,84
1739481178.5772476,-31,-95,0
1739481178.6232476,4,66,23
1739481178.6692476,112,26,57
1739481178.7152476,-23,-100,-23
1739481178.7602477,-9,-87,48
1739481178.8062477,10,-63,-84
1739481178.8522477,2,-5,-144
1739481178.8972476,-12,-13,-19
1739481178.9432476,-12,-131,-67
1739481178.9892476,1,-32,30
1739481179.0352476,-49,13,41
1739481179.0802476,-45,49,-19
1739481179.1262476,-14,-125,93
1739481179.1722476,20,-38,0
1739481179.2172475,18,72,70
1739481179.2632475,0,9,-122
1739481179.3092475,-6,-3,-22
1739481179.3552475,-65,-27,33
1739481179.4002476,0,-5,-3
1739481179.4462476,-8,-55,-13
1739481179.4922476,0,-38,28
1739481179.5372477,-18,-75,-103
1739481179.5832477,-5,102,6
1739481179.6292477,-62,5,-117
1739481179.6752477,76,-66,44
1739481179.7202475,22,57,-7
1739481179.7662475,41,-74,-108
1739481179.8122475,-21,41,-30
1739481179.8572476,-16,-39,-50
1739481179.9032476,108,-110,-97
1739481179.9492476,-13,-77,-77
1739481179.9952476,-68,77,-134
1739481180.0402474,-22,1,-128
1739481180.0862474,12,-4,-25
1739481180.1322474,1,-15,84
1739481180.1772475,72,-58,-39
1739481180.2232475,-32,-31,91
1739481180.2692475,-21,0,20
1739481180.3152475,28,-76,-42
1739481180.3602476,30,-88,-72
1739481180.4062476,10,-12,3
1739481180.4522476,-15,-113,57
1739481180.4972477,2,-55,-72
1739481180.5432477,35,-52,-55
1739481180.5892477,-82,43,18
1739481180.6352477,-20,-7,21
1739481180.6802475,43,-30,-183
1739481180.7262475,-2,-96,44
1739481180.7722476,2,-85,23
1739481180.8172476,-9,-117,-43
1739481180.8632476,29,-58,60
1739481180.9092476,45,-10,-68
1739481180.9552476,-5,-87,-26
1739481181.0002477,34,24,-129
1739481181.0462475,9,-153,-58
1739481181.0922475,-49,51,-167
1739481181.1372476,-14,-56,71
1739481181.1832476,37,-106,-94
1739481181.2292476,-38,-67,-26
1739481181.2752476,-43,30,-35
1739481181.3202477,-14,-139,24
1739481181.3662477,-54,-85,44
1739481181.4122477,-6,42,11
1739481181.4572475,3,26,-51
1739481181.5032475,-56,99,-38
1739481181.5492475,-28,-35,-121
1739481181.5952475,-69,-147,25
1739481181.6402476,-26,-53,-35
1739481181.6862476,14,-40,39
1739481181.7322476,-19,47,-91
1739481181.7772477,2,-64,-14
1739481181.8232474,43,24,-23
1739481181.8692474,55,70,-74
1739481181.9152474,-38,5,69
1739481181.9602475,5,-174,-52
1739481182.0062475,36,44,-130
1739481182.0572476,27,-18,5
1739481182.1032476,-84,11,-72
1739481182.1492476,-22,-23,-10
1739481182.1952477,-40,25,-83
1739481182.2402475,33,-65,40
1739481182.2862475,-8,-111,76
1739481182.3322475,12,-22,-2
1739481182.3772476,50,-80,62
1739481182.4232476,75,30,-56
1739481182.4692476,24,106,-29
1739481182.5152476,5,49,-12
1739481182.5602477,12,-114,-86
1739481182.6062477,93,-112,69
1739481182.6522477,-51,-102,45
1739481182.6972475,-4,-14,7
1739481182.7432475,102,-7,-184
1739481182.7892475,63,201,-64
1739481182.8352475,65,-95,-61
1739481182.8802476,42,-33,-10
1739481182.9262476,61,-43,124
1739481182.9722476,-17,-86,-59
1739481183.0172474,39,-61,-36
1739481183.0632474,0,-68,-64
1739481183.1092474,15,-61,53
1739481183.1552474,-52,-120,46
1739481183.2002475,-40,-2,70
1739481183.2462475,-69,-74,-120
1739481183.2922475,21,-45,-24
1739481183.3372476,47,-44,37
1739481183.3832476,3,140,-55
1739481183.4292476,-79,-25,-11
1739481183.4752476,-14,-131,-172
1739481183.5202477,-2,47,-28
1739481183.5662477,-13,9,-67
1739481183.6122477,-16,-75,-103
1739481183.6572475,-40,0,10
1739481183.7032475,-25,-129,5
1739481183.7492476,79,-70,-4
1739481183.7952476,34,-72,-67
1739481183.8402476,-51,5,-80
1739481183.8862476,50,-26,-114
1739481183.9322476,-24,-125,-64
1739481183.9772477,-48,-113,-45
1739481184.0232477,-66,87,103
1739481184.0692475,-10,9,-14
1739481184.1152475,0,-5,-5
1739481184.1602476,33,46,30
1739481184.2062476,22,-38,91
1739481184.2522476,-5,13,-26
1739481184.2972476,-25,-43,0
1739481184.3432477,-2,-21,-50
1739481184.3892477,-56,23,-83
1739481184.4352477,61,-12,68
1739481184.4802475,30,-70,87
1739481184.5262475,-46,-121,0
1739481184.5722475,-64,11,-2
1739481184.6172476,7,-56,-170
1739481184.6632476,-31,97,10
1739481184.7092476,-6,1,-3
1739481184.7552476,-24,-25,-152
1739481184.8002477,9,-50,-52
1739481184.8462474,6,29,57
1739481184.8922474,-50,-20,-131
1739481184.9372475,6,-78,1
1739481184.9832475,18,-64,18
1739481185.0292475,32,-45,-84
1739481185.0752475,12,-101,125
1739481185.1202476,6,28,-113
1739481185.1662476,9,13,-37
1739481185.2122476,-37,18,29
1739481185.2572474,25,39,-88
1739481185.3032477,15,-8,-33
1739481185.3492477,-32,-118,-94
1739481185.3952477,-67,-152,-35
1739481185.4402475,45,-137,11
1739481185.4862475,-12,-193,6
1739481185.5322475,32,-94,37
1739481185.5772476,120,-136,-68
1739481185.6232476,-17,-52,-161
1739481185.6692476,63,-146,10
1739481185.7152476,47,-33,-96
1739481185.7602477,-2,-6,92
1739481185.8062477,-17,20,-64
1739481185.8522477,-114,-18,110
1739481185.8972476,43,-51,4
1739481185.9432476,6,43,74
1739481185.9892476,15,-132,-202
1739481186.0352476,-46,-28,46
1739481186.0802476,49,29,-152
1739481186.1262476,-79,-50,-99
1739481186.1722476,20,-105,96
1739481186.2172475,-11,52,-73
1739481186.2632475,-5,10,4
1739481186.3092475,60,67,-147
1739481186.3552475,-16,-55,-79
1739481186.4002476,-35,-116,-107
1739481186.4462476,-42,-66,-24
1739481186.4922476,-23,8,-136
1739481186.5372477,29,34,-10
1739481186.5832477,47,-64,-34
1739481186.6292477,61,12,8
1739481186.6752477,-28,66,-72
1739481186.7202475,-31,-46,-17
1739481186.7662475,-3,18,-11
1739481186.8122475,0,-6,-49
1739481186.8572476,26,59,6
1739481186.9032476,-38,-86,-99
1739481186.9492476,23,-158,32
1739481186.9952476,78,-118,-126
1739481187.0402474,19,-45,-124
1739481187.0862474,-6,-58,-93
1739481187.1322474,30,98,-101
1739481187.1772475,94,-4,-16
1739481187.2232475,52,-40,-148
1739481187.2692475,-3,-94,-16
1739481187.3152475,90,32,36
1739481187.3602476,-50,-95,-54
1739481187.4062476,-23,23,-17
1739481187.4522476,16,-142,-16
1739481187.4972477,-43,9,-102
1739481187.5432477,-53,-13,-88
1739481187.5892477,14,-58,-151
1739481187.6352477,6,105,-70
1739481187.6802475,-15,-13,22
1739481187.7262475,90,-76,-76
1739481187.7722476,60,-138,35
1739481187.8172476,-6,-82,-85
1739481187.8632476,96,20,-39
1739481187.9092476,91,-116,-38
1739481187.9552476,4,-162,-63
1739481188.0002477,-15,-39,-6
1739481188.0462475,-26,9,-80
1739481188.0922475,-9,-89,59
1739481188.1372476,-88,-17,9
1739481188.1832476,-4,-109,23
1739481188.2292476,-58,-83,-25
1739481188.2752476,-63,2,-63
1739481188.3202477,73,-22,42
1739481188.3662477,49,-83,28
1739481188.4122477,0,44,-152
1739481188.4572475,128,48,-27
1739481188.5032475,12,-20,-59
1739481188.5492475,-4,-102,-21
1739481188.5952475,-14,-33,12
1739481188.6402476,27,48,-104
1739481188.6862476,-50,5,-3
1739481188.7322476,-38,205,67
1739481188.7772477,12,-56,-22
1739481188.8232474,29,-91,-99
1739481188.8692474,-15,-72,27
1739481188.9152474,21,-63,-10
1739481188.9602475,-18,-67,-50
1739481189.0062475,21,-32,123
1739481189.0522475,13,-108,-138
1739481189.0972476,19,89,91
1739481189.1432476,-54,-93,-23
1739481189.1892476,64,-27,67
1739481189.2352476,-20,117,35
1739481189.2802474,-39,-44,-80
1739481189.3262477,-19,78,-58
1739481189.3722477,4,90,-89
1739481189.4172475,56,4,39
1739481189.4632475,-56,-31,-101
1739481189.5092475,4,8,74
1739481189.5552475,32,-24,-48
1739481189.6002476,-40,-145,-38
1739481189.6462476,-114,41,-57
1739481189.6922476,-31,35,-12
1739481189.7372477,28,-53,-52
1739481189.7832477,-20,-87,-19
1739481189.8292477,0,-15,27
1739481189.8752477,1,63,-68
1739481189.9202476,-92,-63,34
1739481189.9662476,35,-66,-22
1739481190.0122476,-30,-95,-69
1739481190.0572476,0,10,-126
1739481190.1032476,-29,-105,50
1739481190.1492476,37,-2,-31
1739481190.1952477,-9,-38,-7
1739481190.2402475,14,-29,-110
1739481190.2862475,25,-15,-50
1739481190.3322475,44,-74,-111
1739481190.3772476,-5,-75,-39
1739481190.4232476,33,-17,31
1739481190.4692476,-34,-68,29
1739481190.5152476,16,17,64
1739481190.5602477,-35,-17,-36
1739481190.6062477,-105,-45,-57
1739481190.6522477,21,-134,-3
1739481190.6972475,29,-18,-114
1739481190.7432475,-73,15,-87
1739481190.7892475,-1,-89,105
1739481190.8352475,36,36,-1
1739481190.8802476,23,-172,35
1739481190.9262476,-55,-195,-52
1739481190.9722476,-47,0,4
1739481191.0172474,-26,-103,-44
1739481191.0632474,109,56,70
1739481191.1092474,-63,-49,-73
1739481191.1552474,39,-66,-52
1739481191.2002475,17,-46,-25
1739481191.2462475,-13,-81,16
1739481191.2922475,12,-107,-20
1739481191.3372476,51,25,-128
1739481191.3832476,101,0,58
1739481191.4292476,-15,-37,-171
1739481191.4752476,-30,-80,91
1739481191.5202477,-15,-39,16
1739481191.5662477,-7,-23,-18
1739481191.6122477,96,-89,-13
1739481191.6572475,20,9,58
1739481191.7032475,35,-53,10
1739481191.7492476,-38,0,-57
1739481191.7952476,105,-11,-36
1739481191.8402476,-60,-124,-6
1739481191.8862476,-20,-38,-42
1739481191.9322476,-70,-4,4
1739481191.9772477,58,-12,1
1739481192.0232477,61,4,-48
1739481192.0752475,-17,45,-114
1739481192.1202476,44,-89,27
1739481192.1662476,-42,-87,29
1739481192.2122476,65,-2,-42
1739481192.2572474,-26,-80,-105
1739481192.3032477,45,-25,7
1739481192.3492477,-25,-52,-29
1739481192.3952477,54,-27,-5
1739481192.4402475,-37,-56,-74
1739481192.4862475,-17,-66,-50
1739481192.5322475,-69,38,-33
1739481192.5772476,76,91,-66
1739481192.6232476,-64,-110,10
1739481192.6692476,27,61,16
1739481192.7152476,-9,-62,8
1739481192.7602477,-33,-162,26
1739481192.8062477,36,-17,99
1739481192.8522477,-28,-160,-18
1739481192.8972476,-41,16,69
1739481192.9432476,-7,12,-73
1739481192.9892476,3,7,-88
1739481193.0352476,-47,56,0
1739481193.0802476,-50,140,-35
1739481193.1262476,41,-71,-64
1739481193.1722476,51,7,50
1739481193.2172475,-65,-80,86
1739481193.2632475,-3,-2,-85
1739481193.3092475,24,13,-88
1739481193.3552475,29,131,-55
1739481193.4002476,-45,-18,-144
1739481193.4462476,12,37,-54
1739481193.4922476,36,-43,-121
1739481193.5372477,3,-94,-140
1739481193.5832477,44,69,-147
1739481193.6292477,-33,-24,114
1739481193.6752477,-23,-42,-14
1739481193.7202475,16,-31,23
1739481193.7662475,-7,67,-102
1739481193.8122475,-39,-48,-50
1739481193.8572476,-25,28,-19
1739481193.9032476,-29,-78,-106
1739481193.9492476,-13,-82,-83
1739481193.9952476,-45,-118,38
1739481194.0402474,-61,-114,-32
1739481194.0862474,5,-72,22
1739481194.1322474,65,-104,-66
1739481194.1772475,-31,105,-36
1739481194.2232475,27,-82,-64
1739481194.2692475,-21,-38,-7
1739481194.3152475,51,0,-26
1739481194.3602476,-6,-180,-48
1739481194.4062476,50,4,16
1739481194.4522476,100,20,-150
1739481194.4972477,-13,-151,-61
1739481194.5432477,-21,-83,21
1739481194.5892477,38,-44,10
1739481194.6352477,-54,-87,8
1739481194.6802475,24,-56,18
1739481194.7262475,-91,25,-107
1739481194.7722476,69,0,81
1739481194.8172476,9,-110,68
1739481194.8632476,62,34,3
1739481194.9092476,-4,-119,-153
1739481194.9552476,7,12,33
1739481195.0002477,15,87,-94
1739481195.0462475,50,0,-8
1739481195.0922475,80,10,8
1739481195.1372476,-55,21,29
1739481195.1832476,-43,55,-57
1739481195.2292476,19,13,-101
1739481195.2752476,-30,-42,29
1739481195.3202477,-33,13,-28
1739481195.3662477,10,-45,14
1739481195.4122477,109,-38,-78
1739481195.4572475,-46,-65,-64
1739481195.5032475,-53,21,83
1739481195.5492475,-63,-63,-26
1739481195.5952475,-48,-76,-42
1739481195.6402476,-15,-79,-38
1739481195.6862476,-9,-49,46
1739481195.7322476,47,94,11
1739481195.7772477,23,-16,126
1739481195.8232474,30,-98,-135
1739481195.8692474,-2,-164,-9
1739481195.9152474,41,-6,-37
1739481195.9602475,24,-12,151
1739481196.0062475,-62,-73,0
1739481196.0522475,42,-56,-74
1739481196.0972476,24,-102,66
1739481196.1432476,-27,-47,-12
1739481196.1892476,30,168,29
1739481196.2352476,90,-42,-8
1739481196.2802474,-10,-87,14
1739481196.3262477,1,-59,-16
1739481196.3722477,-12,-90,-124
1739481196.4172475,-20,-25,-78
1739481196.4632475,27,-8,-1
1739481196.5092475,-61,41,70
1739481196.5552475,-16,-29,12
1739481196.6002476,-7,-62,-73
1739481196.6462476,13,-118,-6
1739481196.6922476,-7,139,-39
1739481196.7372477,31,-52,19
1739481196.7832477,43,40,47
1739481196.8292477,2,-33,82
1739481196.8752477,-38,37,54
1739481196.9202476,34,-90,-36
1739481196.9662476,-15,-8,-73
1739481197.0122476,-63,23,-45
1739481197.0572476,30,46,-34
1739481197.1032476,28,0,44
1739481197.1492476,116,-48,-31
1739481197.1952477,-80,-97,-9
1739481197.2402475,30,11,58
1739481197.2862475,20,-22,30
1739481197.3322475,-23,23,-13
1739481197.3772476,7,27,32
1739481197.4232476,-13,-123,-20
1739481197.4692476,24,58,-6
1739481197.5152476,35,-62,-49
1739481197.5602477,-32,-3,3
1739481197.6062477,53,-6,-7
1739481197.6522477,-55,95,19
1739481197.6972475,-61,-167,-85
1739481197.7432475,-65,-45,-83
1739481197.7892475,-10,-29,90
1739481197.8352475,7,69,-46
1739481197.8802476,-6,-155,-73
1739481197.9262476,-40,61,-108
1739481197.9722476,5,-58,-76
1739481198.0172474,-24,-45,40
1739481198.0632474,45,32,-103
1739481198.1092474,44,-50,2
1739481198.1552474,-50,-63,-92
1739481198.2002475,-36,-101,-146
1739481198.2462475,-9,42,-53
1739481198.2922475,62,-35,-46
1739481198.3372476,73,15,-189
1739481198.3832476,-10,47,-55
1739481198.4292476,51,-62,-72
1739481198.4752476,29,38,-51
1739481198.5202477,-15,36,7
1739481198.5662477,-58,25,-22
1739481198.6122477,-3,-93,58
1739481198.6572475,6,42,-68
1739481198.7032475,-57,-35,-155
1739481198.7492476,8,-2,-6
1739481198.7952476,87,8,-77
1739481198.8402476,-58,-15,-50
1739481198.8862476,6,-40,-36
1739481198.9322476,20,176,-20
1739481198.9772477,78,112,-118
1739481199.0232477,47,-28,-35
1739481199.0692475,20,-61,-61
1739481199.1152475,-40,12,-111
1739481199.1602476,58,43,-15
1739481199.2062476,29,-76,-19
1739481199.2522476,76,-183,49
1739481199.2972476,-46,-36,-108
1739481199.3432477,3,-28,-36
1739481199.3892477,62,29,-40
1739481199.4352477,0,-73,82
1739481199.4802475,-16,20,-105
1739481199.5262475,33,19,-22
1739481199.5722475,113,-108,-21
1739481199.6172476,-38,-64,-92
1739481199.6632476,-48,-29,-27
1739481199.7092476,22,-6,13
1739481199.7552476,29,20,12
1739481199.8002477,9,-130,-72
1739481199.8462474,89,-44,-20
1739481199.8922474,51,-78,36
1739481199.9372475,79,-46,110
1739481199.9832475,-79,-74,-36
1739481200.0292475,9,-40,125
1739481200.0752475,-61,-188,96
1739481200.1202476,11,7,29
1739481200.1662476,47,-61,-42
1739481200.2122476,-11,0,-122
1739481200.2572474,29,-117,-70
1739481200.3032477,80,-23,-127
1739481200.3492477,-42,-143,-117
1739481200.3952477,27,-34,5
1739481200.4402475,18,-102,-29
1739481200.4862475,65,-75,-16
1739481200.5322475,36,28,-96
1739481200.5772476,-27,53,-31
1739481200.6232476,-29,-21,-6
1739481200.6692476,41,20,-127
1739481200.7152476,0,-65,-76
1739481200.7602477,59,-78,-91
1739481200.8062477,21,-68,-58
1739481200.8522477,-21,37,-13
1739481200.8972476,34,-50,-23
1739481200.9432476,-17,22,-6
1739481200.9892476,12,-35,-61
1739481201.0352476,-30,-92,-57
1739481201.0802476,17,-85,-112
1739481201.1262476,-7,28,-90
1739481201.1722476,36,-43,25
1739481201.2172475,-21,-58,92
1739481201.2632475,33,66,20
1739481201.3092475,-23,-1,-20
1739481201.3532476,14,-52,-40
1739481201.3992476,-25,0,-155
1739481201.4452477,-29,91,-15
1739481201.4912477,18,-36,12
1739481201.5362475,16,-112,-175
1739481201.5822475,7,-16,-27
1739481201.6282475,-3,-39,0
1739481201.6732476,83,106,-103
1739481201.7192476,-96,-95,-57
1739481201.7652476,-82,2,-102
1739481201.8112476,-47,-47,-21
1739481201.8562477,-56,35,-39
1739481201.9022477,78,-72,-60
1739481201.9482474,135,-42,-38
1739481201.9932475,-43,-87,-68
1739481202.0392475,60,-46,-115
1739481202.0912476,-108,-44,-111
1739481202.1362476,1,-72,-67
1739481202.1822476,23,5,-49
1739481202.2282476,-3,2,73
1739481202.2732477,18,29,44
1739481202.3192475,34,-79,39
1739481202.3652475,54,31,-8
1739481202.4102476,-65,30,-23
1739481202.4562476,-98,54,-20
1739481202.5022476,47,-85,17
1739481202.5482476,16,-59,-13
1739481202.5932477,72,145,-14
1739481202.6392477,-16,-7,3
1739481202.6852477,-14,-122,-65
1739481202.7302475,-31,-5,0
1739481202.7762475,3,-73,-86
1739481202.8222475,68,-32,34
1739481202.8682475,-30,8,-11
1739481202.9132476,30,19,31
1739481202.9592476,-52,-18,-8
1739481203.0052476,-2,37,-7
1739481203.0502477,14,78,40
1739481203.0962474,-24,9,-86
1739481203.1422474,-50,132,-159
1739481203.1882474,78,-79,-36
1739481203.2332475,2,37,-70
1739481203.2792475,64,-131,-42
1739481203.3252475,10,-57,-168
1739481203.3702476,-42,69,-53
1739481203.4162476,-9,23,49
1739481203.4622476,-9,41,-40
1739481203.5082476,-78,17,-14
1739481203.5532477,6,-61,15
1739481203.5992477,-9,-60,-23
1739481203.6452477,-93,63,-117
1739481203.6902475,-30,-9,-35
1739481203.7362475,13,37,-30
1739481203.7822475,-18,-52,-98
1739481203.8282475,22,-31,-37
1739481203.8732476,65,-105,46
1739481203.9192476,-103,-68,-57
1739481203.9652476,9,-104,-60
1739481204.0102477,40,-23,-34
1739481204.0562477,12,-43,-72
1739481204.1022477,-1,-85,-93
1739481204.1482477,2,12,-56
1739481204.1932476,26,7,-14
1739481204.2392476,47,-145,12
1739481204.2852476,12,-39,69
1739481204.3302476,-1,-123,-120
1739481204.3762476,-1,-24,31
1739481204.4222476,26,53,-101
1739481204.4682477,44,43,-3
1739481204.5132475,23,23,-50
1739481204.5592475,4,29,10
1739481204.6052475,-99,-90,-31
1739481204.6502476,21,-51,-1
1739481204.6962476,18,-57,42
1739481204.7422476,-13,122,-35
1739481204.7882476,24,-7,58
1739481204.8332477,40,-107,-18
1739481204.8792477,70,-99,-158
1739481204.9252477,-21,78,35
1739481204.9702475,47,-179,61
1739481205.0162475,36,-50,-42
1739481205.0622475,24,-81,-89
1739481205.1082475,-65,-22,-3
1739481205.1532476,18,5,0
1739481205.1992476,1,-75,-77
1739481205.2452476,-17,116,-60
1739481205.2902474,-49,-112,20
1739481205.3362474,-19,-22,108
1739481205.3822474,49,-27,-5
1739481205.4282477,-38,22,67
1739481205.4732475,19,89,-5
1739481205.5192475,5,13,-112
1739481205.5652475,15,-53,-103
1739481205.6102476,-8,-83,98
1739481205.6572475,13,7,-19
1739481205.7032475,38,23,2
1739481205.7492476,-23,-68,-130
1739481205.7942476,59,-119,4
1739481205.8402476,97,31,-69
1739481205.8862476,12,54,16
1739481205.9322476,-19,0,-105
1739481205.9772477,-27,103,-35
1739481206.0232477,-12,136,-97
1739481206.0692475,-27,-55,65
1739481206.1142476,20,-21,-19
1739481206.1602476,4,-34,-33
1739481206.2062476,9,-49,-42
1739481206.2522476,19,21,-161
1739481206.2972476,-21,-48,-63
1739481206.3432477,35,-91,-87
1739481206.3892477,-14,-112,-48
1739481206.4342475,-12,-57,-51
1739481206.4802475,-17,-36,-14
1739481206.5262475,-47,-144,-100
1739481206.5722475,30,-83,-99
1739481206.6172476,22,-57,-158
1739481206.6632476,-29,-139,-96
1739481206.7092476,-43,-35,29
1739481206.7542477,-49,9,-141
1739481206.8002477,60,45,-128
1739481206.8462474,-121,-12,-97
1739481206.8922474,-92,16,-50
1739481206.9372475,61,13,74
1739481206.9832475,-8,62,-114
1739481207.0292475,-5,56,22
1739481207.0742476,71,-82,-76
1739481207.1202476,41,-1,-13
1739481207.1662476,-54,-35,-125
1739481207.2122476,-15,-11,-53
1739481207.2572474,86,10,69
1739481207.3032477,-40,75,-49
1739481207.3492477,35,-68,39
1739481207.3942475,-29,-91,50
1739481207.4402475,-17,-111,-28
1739481207.4862475,-56,-29,74
1739481207.5322475,8,-28,14
1739481207.5772476,39,-34,-70
1739481207.6232476,-41,-111,49
1739481207.6692476,-30,97,-85
1739481207.7142477,6,-174,-13
1739481207.7602477,-106,-23,-86
1739481207.8062477,-17,-95,-77
1739481207.8522477,20,-128,-115
1739481207.8972476,-23,-13,-37
1739481207.9432476,29,-46,-43
1739481207.9892476,18,-80,-113
1739481208.0342476,-120,-85,-53
1739481208.0802476,-24,-13,-158
1739481208.1262476,7,53,-24
1739481208.1722476,-28,-57,-35
1739481208.2172475,3,-114,-35
1739481208.2632475,9,23,-34
1739481208.3092475,45,6,47
1739481208.3542476,22,-32,106
1739481208.4002476,-50,-81,-33
1739481208.4462476,65,42,-68
1739481208.4922476,31,-38,-68
1739481208.5372477,-78,-65,-51
1739481208.5832477,3,-113,16
1739481208.6292477,-14,76,25
1739481208.6742475,-67,9,-10
1739481208.7202475,-68,37,-214
1739481208.7662475,42,-90,-81
1739481208.8122475,3,-44,-35
1739481208.8572476,39,-146,-25
1739481208.9032476,1,3,-103
1739481208.9492476,54,8,-40
1739481208.9942474,-7,68,-77
1739481209.0402474,-83,-79,-44
1739481209.0862474,56,-30,-37
1739481209.1322474,-56,-51,-75
1739481209.1772475,62,-110,3
1739481209.2232475,8,-27,-73
1739481209.2692475,-25,-20,67
1739481209.3142476,23,-42,30
1739481209.3602476,-26,-33,87
1739481209.4062476,-29,-42,-115
1739481209.4522476,48,-30,5
1739481209.4972477,-66,-31,17
1739481209.5432477,0,25,-44
1739481209.5892477,19,-82,-82
1739481209.6342475,45,-52,-104
1739481209.6802475,9,30,0
1739481209.7262475,-67,-123,-32
1739481209.7722476,58,-28,76
1739481209.8172476,-39,-105,-16
1739481209.8632476,31,66,-111
1739481209.9092476,-30,-25,65
1739481209.9542477,79,-46,-58
1739481210.0002477,5,4,-1
1739481210.0462475,2,-66,-132
1739481210.0922475,-9,49,-176
1739481210.1372476,22,-17,-74
1739481210.1832476,-6,-35,-109
1739481210.2292476,31,-4,0
1739481210.2742476,17,-40,-104
1739481210.3202477,-19,9,-119
1739481210.3662477,59,-72,125
1739481210.4122477,-103,-39,-146
1739481210.4572475,-36,-5,135
1739481210.5032475,5,-63,-7
1739481210.5492475,20,-70,-107
1739481210.5942476,-8,13,-76
1739481210.6402476,-69,-41,-10
1739481210.6862476,49,22,73
1739481210.7322476,31,77,38
1739481210.7772477,17,-70,-41
1739481210.8232474,-14,-95,-6
1739481210.8692474,-31,-61,-21
1739481210.9142475,-33,22,-33
1739481210.9602475,-16,-33,-44
1739481211.0062475,-13,-24,9
1739481211.0522475,-50,82,30
1739481211.0972476,68,-45,72
1739481211.1432476,74,-23,-27
1739481211.1892476,-18,-62,-65
1739481211.2342474,18,-35,6
1739481211.2802474,-28,98,-73
1739481211.3262477,-10,-28,-100
1739481211.3722477,-46,-1,-19
1739481211.4172475,-72,-101,-59
1739481211.4632475,67,-110,-19
1739481211.5092475,-14,-97,-78
1739481211.5542476,3,-49,-102
1739481211.6002476,-16,-15,-48
1739481211.6462476,-17,3,-39
1739481211.6922476,6,-96,30
1739481211.7372477,-90,59,19
1739481211.7832477,-37,27,-42
1739481211.8292477,-30,17,13
1739481211.8742476,-5,3,-74
1739481211.9202476,-7,-70,-52
1739481211.9662476,-33,-9,76
1739481212.0122476,-28,28,13
1739481212.0572476,-56,-52,62
1739481212.1092474,23,-51,-110
1739481212.1542475,-2,-20,-43
1739481212.2002475,80,-42,-13
1739481212.2462475,38,-76,-134
1739481212.2922475,-15,69,-1
1739481212.3372476,-40,-21,1
1739481212.3832476,-50,-61,-5
1739481212.4292476,-19,127,7
1739481212.4742477,-29,41,0
1739481212.5202477,18,88,66
1739481212.5662477,-39,-83,-64
1739481212.6122477,19,-144,-2
1739481212.6572475,-92,-30,-64
1739481212.7032475,-35,8,-136
1739481212.7492476,-34,22,-38
1739481212.7942476,44,-33,-54
1739481212.8402476,-20,61,53
1739481212.8862476,22,13,-11
1739481212.9322476,9,111,-76
1739481212.9772477,-11,-50,31
1739481213.0232477,25,-72,9
1739481213.0692475,-37,-117,-58
1739481213.1142476,70,87,-2
1739481213.1602476,-7,-76,-79
1739481213.2062476,8,-76,11
1739481213.2522476,-90,130,19
1739481213.2972476,-14,0,83
1739481213.3432477,-15,103,-19
1739481213.3892477,29,-35,73
1739481213.4342475,68,-11,85
1739481213.4802475,66,21,-76
1739481213.5262475,1,-58,-63
1739481213.5722475,1,-43,0
1739481213.6172476,-23,-42,-97
1739481213.6632476,-111,40,82
1739481213.7092476,-42,-54,-36
1739481213.7542477,-117,-40,1
1739481213.8002477,77,0,-33
1739481213.8462474,2,-73,-51
1739481213.8922474,-37,42,-22
1739481213.9372475,27,15,-10
1739481213.9832475,0,-12,-17
1739481214.0292475,39,-22,12
1739481214.0742476,-104,39,-112
1739481214.1202476,17,0,7
1739481214.1662476,52,-46,2
1739481214.2122476,-3,43,-113
1739481214.2572474,1,-128,-68
1739481214.3032477,-3,-50,-81
1739481214.3492477,-82,-116,-2
1739481214.3942475,29,-90,-96
1739481214.4402475,-67,-58,-100
1739481214.4862475,33,-115,15
1739481214.5322475,-3,-107,-210
1739481214.5772476,23,36,-104
1739481214.6232476,11,-96,-53
1739481214.6692476,-53,-16,3
1739481214.7142477,62,-53,-81
1739481214.7602477,36,-120,-31
1739481214.8062477,17,-149,-82
1739481214.8522477,-6,30,-24
1739481214.8972476,-21,-40,-37
1739481214.9432476,13,-95,-105
1739481214.9892476,-4,-8,-148
1739481215.0342476,-34,-36,-32
1739481215.0802476,48,0,-151
1739481215.1262476,50,-21,-46
1739481215.1722476,46,-47,-101
1739481215.2172475,-15,-66,37
1739481215.2632475,87,-27,-105
1739481215.3092475,-21,-178,-104
1739481215.3542476,21,-30,-8
1739481215.4002476,-6,-64,-45
1739481215.4462476,44,-66,-33
1739481215.4922476,-13,0,53
1739481215.5372477,83,-159,6
1739481215.5832477,33,10,-71
1739481215.6292477,-44,-128,-29
1739481215.6742475,-52,-8,-90
1739481215.7202475,-24,-98,-47
1739481215.7662475,-12,52,-14
1739481215.8122475,-2,49,-77
1739481215.8572476,-90,-45,20
1739481215.9032476,-43,-97,-78
1739481215.9492476,3,-42,-116
1739481215.9942474,18,-61,-207
1739481216.0402474,-14,-18,-39
1739481216.0862474,77,-54,-53
1739481216.1322474,-8,-5,-29
1739481216.1772475,-29,118,-73
1739481216.2232475,23,-136,-33
1739481216.2692475,12,31,-79
1739481216.3132474,109,15,-69
1739481216.3592474,4,-12,112
1739481216.4052474,-10,-7,-95
1739481216.4502475,0,116,53
1739481216.4962475,-11,6,-142
1739481216.5422475,80,-107,-75
1739481216.5882475,-24,0,-21
1739481216.6332476,-20,142,-13
1739481216.6792476,6,9,-71
1739481216.7252476,11,95,-96
1739481216.7702477,-14,4,-24
1739481216.8162477,-59,-56,-48
1739481216.8622477,-43,-12,2
1739481216.9082477,-44,2,108
1739481216.9532475,42,-137,-52
1739481216.9992476,116,31,-1
1739481217.0452476,34,-67,-1
1739481217.0902476,24,-73,52
1739481217.1362476,-15,-174,-49
1739481217.1822476,104,55,32
1739481217.2282476,-26,-42,28
1739481217.2732477,-27,-8,94
1739481217.3192475,70,-39,-162
1739481217.3652475,-1,5,-12
1739481217.4102476,32,-69,68
1739481217.4562476,-37,-28,-73
1739481217.5022476,-21,-22,-70
1739481217.5482476,66,127,29
1739481217.5932477,53,-121,-55
1739481217.6392477,-22,56,59
1739481217.6852477,-1,-113,21
1739481217.7302475,28,0,-20
1739481217.7762475,-37,40,-104
1739481217.8222475,-44,70,-2
1739481217.8682475,13,-5,-93
1739481217.9132476,59,-63,-136
1739481217.9592476,-4,-56,-122
1739481218.0052476,-27,-26,-31
1739481218.0502477,-51,-4,9
1739481218.0962474,17,-31,87
1739481218.1422474,-39,-30,-158
1739481218.1882474,-31,-40,-115
1739481218.2332475,-15,-8,-9
1739481218.2792475,-22,-4,68
1739481218.3252475,-16,-64,-8
1739481218.3702476,-71,-136,23
1739481218.4162476,-17,2,-82
1739481218.4622476,-60,-92,-50
1739481218.5082476,55,-103,46
1739481218.5532477,-22,60,7
1739481218.5992477,-67,-172,-23
1739481218.6452477,4,-43,-16
1739481218.6902475,10,58,51
1739481218.7362475,9,-75,30
1739481218.7822475,-25,36,-23
1739481218.8282475,-5,-12,2
1739481218.8732476,21,-39,-9
1739481218.9192476,0,68,-95
1739481218.9652476,-2,-43,0
1739481219.0102477,-34,46,-91
1739481219.0562477,-114,-26,36
1739481219.1022477,-94,8,-71
1739481219.1482477,-34,-52,11
1739481219.1932476,5,7,96
1739481219.2392476,-99,-29,-58
1739481219.2852476,21,-46,-49
1739481219.3302476,-9,104,-15
1739481219.3762476,-43,-66,-46
1739481219.4222476,34,-55,46
1739481219.4682477,-13,-12,-35
1739481219.5132475,-53,42,-89
1739481219.5592475,-51,-204,-68
1739481219.6052475,24,63,-119
1739481219.6502476,2,-15,11
1739481219.6962476,2,-7,-91
1739481219.7422476,-76,-26,-175
1739481219.7882476,25,-96,57
1739481219.8332477,28,65,16
1739481219.8792477,-26,32,-109
1739481219.9252477,13,-76,-42
1739481219.9702475,-45,33,-64
1739481220.0162475,-26,-99,-15
1739481220.0622475,78,-72,65
1739481220.1082475,-15,-63,12
1739481220.1532476,-36,95,16
1739481220.1992476,-33,11,-1
1739481220.2452476,35,-36,-39
1739481220.2902474,2,115,4
1739481220.3362474,22,-126,-63
1739481220.3822474,7,148,-64
1739481220.4282477,-13,-77,-72
1739481220.4732475,-30,-149,-71
1739481220.5192475,-74,-121,-7
1739481220.5652475,-27,-53,7
1739481220.6102476,0,-77,48
1739481220.6562476,3,27,-15
1739481220.7022476,24,-70,-24
1739481220.7482476,0,1,15
1739481220.7932477,32,-158,2
1739481220.8392477,-37,83,-12
1739481220.8852477,32,-76,-113
1739481220.9302475,58,2,-49
1739481220.9762475,-68,-15,29
1739481221.0222476,-156,-137,-10
1739481221.0682476,2,-179,-120
1739481221.1132476,47,-70,72
1739481221.1592476,-60,-77,-35
1739481221.2052476,0,53,0
1739481221.2502477,-28,-3,-139
1739481221.2962475,-63,121,-140
1739481221.3422475,-3,-21,-39
1739481221.3882475,-83,45,8
1739481221.4332476,-34,-17,-95
1739481221.4792476,16,-150,-49
1739481221.5252476,-7,-27,-37
1739481221.5702477,-27,85,43
1739481221.6162477,106,52,-20
1739481221.6622477,-20,31,-105
1739481221.7082477,95,-108,90
1739481221.7532475,-25,-39,0
1739481221.7992475,-31,41,-52
1739481221.8452475,26,6,12
1739481221.8902476,90,-94,-45
1739481221.9362476,-22,11,26
1739481221.9822476,57,-82,-73
1739481222.0282476,78,-124,6
1739481222.0732474,47,50,-72
1739481222.1252477,-52,-141,-63
1739481222.1702476,-9,-113,76
1739481222.2162476,-5,13,9
1739481222.2622476,114,-72,-71
1739481222.3082476,-22,-29,21
1739481222.3532476,-28,-45,-91
1739481222.3992476,-37,-47,-79
1739481222.4452477,105,-130,40
1739481222.4902475,21,74,98
1739481222.5362475,60,42,-93
1739481222.5822475,-28,19,-126
1739481222.6282475,-64,-1,-165
1739481222.6742475,-7,-61,-82
1739481222.7202475,-18,-54,-33
1739481222.7662475,-45,-32,-147
1739481222.8122475,-57,-88,-31
1739481222.8572476,40,-39,-26
1739481222.9032476,-20,-134,21
1739481222.9492476,26,-63,-8
1739481222.9942474,-10,-111,-98
1739481223.0402474,26,-91,-34
1739481223.0862474,10,-131,-27
1739481223.1322474,10,145,-49
1739481223.1772475,1,-8,-91
1739481223.2232475,18,-12,19
1739481223.2692475,14,-16,-47
1739481223.3142476,7,-12,-36
1739481223.3602476,2,-22,-102
1739481223.4062476,-49,-35,-32
1739481223.4522476,-40,-84,-45
1739481223.4972477,-18,48,11
1739481223.5432477,-102,-28,78
1739481223.5892477,22,63,-21
1739481223.6342475,-61,24,15
1739481223.6802475,-16,-14,-9
1739481223.7262475,1,-108,-106
1739481223.7722476,17,-51,-58
1739481223.8172476,48,35,-27
1739481223.8632476,0,-74,13
1739481223.9092476,61,-18,-65
1739481223.9542477,-40,-39,-100
1739481224.0002477,40,-27,70
1739481224.0462475,47,-74,-139
1739481224.0922475,-23,-74,-20
1739481224.1372476,10,14,-53
1739481224.1832476,-36,-65,-49
1739481224.2292476,60,-122,-60
1739481224.2742476,58,-90,-72
1739481224.3202477,-25,-19,-6
1739481224.3662477,-17,87,-238
1739481224.4122477,20,-76,-34
1739481224.4572475,6,42,-59
1739481224.5032475,-9,3,-21
1739481224.5492475,19,-28,-30
1739481224.5942476,-65,-43,-45
1739481224.6402476,15,30,95
1739481224.6862476,-21,-105,-107
1739481224.7322476,-80,109,-71
1739481224.7772477,-104,-55,-25
1739481224.8232474,-12,25,-38
1739481224.8692474,-21,-35,-116
1739481224.9142475,10,14,-20
1739481224.9602475,-68,37,-49
1739481225.0062475,-74,-11,1
1739481225.0522475,-4,-42,-1
1739481225.0972476,52,95,-117
1739481225.1432476,26,-57,-114
1739481225.1892476,-30,-48,5
1739481225.2342474,-22,-158,46
1739481225.2802474,-81,-30,-14
1739481225.3262477,-46,-78,-83
1739481225.3722477,6,11,-34
1739481225.4172475,16,-53,-6
1739481225.4632475,14,-25,-98
1739481225.5092475,-66,-24,-56
1739481225.5542476,-60,52,6
1739481225.6002476,8,-14,41
1739481225.6462476,8,39,-73
1739481225.6922476,28,27,-70
1739481225.7372477,-47,-12,83
1739481225.7832477,20,65,-23
1739481225.8292477,37,-71,-31
1739481225.8742476,8,-40,-104
1739481225.9202476,-10,-26,-30
1739481225.9662476,49,-133,6
1739481226.0122476,26,-77,-40
1739481226.0572476,-12,-81,-140
1739481226.1032476,-29,-2,-44
1739481226.1492476,-31,-10,-147
1739481226.1942475,-49,-86,50
1739481226.2402475,-33,-68,-89
1739481226.2862475,64,-39,22
1739481226.3322475,19,-65,-49
1739481226.3772476,-10,-10,-60
1739481226.4232476,63,-41,-209
1739481226.4692476,15,49,-105
1739481226.5142477,21,46,-94
1739481226.5602477,6,-60,101
1739481226.6062477,46,-107,5
1739481226.6522477,4,-25,9
1739481226.6972475,-30,1,-75
1739481226.7432475,93,84,19
1739481226.7892475,7,-99,-37
1739481226.8342476,51,-65,-64
1739481226.8802476,-49,-10,-26
1739481226.9262476,57,-141,-81
1739481226.9722476,-23,68,-22
1739481227.0172474,78,-70,-158
1739481227.0632474,3,-104,-51
1739481227.1092474,-2,-174,-20
1739481227.1542475,120,33,91
1739481227.2002475,21,-73,44
1739481227.2462475,-40,86,72
1739481227.2922475,21,-81,0
1739481227.3372476,-35,52,-77
1739481227.3832476,15,-143,21
1739481227.4292476,-22,-200,-59
1739481227.4742477,93,-21,-39
1739481227.5202477,-33,-104,-17
1739481227.5662477,16,-69,-76
1739481227.6122477,-57,-50,-109
1739481227.6572475,-89,14,-83
1739481227.7032475,14,0,9
1739481227.7492476,51,-199,-26
1739481227.7942476,13,-75,83
1739481227.8402476,-15,-33,74
1739481227.8862476,-27,-33,-105
1739481227.9322476,-50,-58,40
1739481227.9772477,-18,-22,-70
1739481228.0232477,30,-145,-45
1739481228.0692475,-12,-34,32
1739481228.1142476,14,13,-44
1739481228.1602476,50,-57,-154
1739481228.2062476,2,-7,46
1739481228.2522476,35,81,24
1739481228.2972476,26,-15,-94
1739481228.3432477,-45,-70,-64
1739481228.3892477,7,-21,21
1739481228.4342475,-7,1,-7
1739481228.4802475,41,-35,-143
1739481228.5262475,23,-5,52
1739481228.5722475,2,68,-103
1739481228.6172476,-22,-14,-22
1739481228.6632476,-39,50,-111
1739481228.7092476,9,-17,7
1739481228.7542477,-58,-140,-8
1739481228.8002477,-8,-62,-21
1739481228.8462474,5,-48,-109
1739481228.8922474,98,-33,-4
1739481228.9372475,-7,104,-2
1739481228.9832475,-17,86,-90
1739481229.0292475,8,-9,-140
1739481229.0742476,-54,-30,-56
1739481229.1202476,3,-58,14
1739481229.1662476,55,-25,-19
1739481229.2122476,-24,12,-88
1739481229.2572474,-20,-40,114
1739481229.3032477,-30,-106,0
1739481229.3492477,33,-143,-152
1739481229.3942475,-30,-108,-21
1739481229.4402475,73,19,-10
1739481229.4862475,55,67,71
1739481229.5322475,-11,-91,-74
1739481229.5772476,-55,-84,-19
1739481229.6232476,-56,52,-35
1739481229.6692476,77,-107,-111
1739481229.7142477,-64,-28,78
1739481229.7602477,62,-19,-56
1739481229.8062477,-40,-134,-31
1739481229.8522477,-17,67,-18
1739481229.8972476,61,1,107
1739481229.9432476,-18,-32,32
1739481229.9892476,-11,-74,27
1739481230.0342476,20,-181,-22
1739481230.0802476,-44,-78,-24
1739481230.1262476,94,-117,-23
1739481230.1722476,42,61,89
1739481230.2172475,-50,-58,-5
1739481230.2632475,37,3,-61
1739481230.3092475,31,-18,99
1739481230.3542476,-45,-36,23
1739481230.4002476,-8,-100,2
1739481230.4462476,-29,16,-87
1739481230.4922476,-53,34,-2
1739481230.5372477,-40,104,0
1739481230.5832477,4,-7,-49
1739481230.6292477,-20,-35,-35
1739481230.6742475,-51,-4,-67
1739481230.7202475,-8,14,103
1739481230.7662475,-3,-64,-92
1739481230.8122475,16,-102,27
1739481230.8572476,13,-89,-133
1739481230.9032476,32,-70,35
1739481230.9492476,25,-11,4
1739481230.9942474,-33,-12,64
1739481231.0402474,60,-99,-100
1739481231.0862474,6,-100,94
1739481231.1322474,-20,32,-78
1739481231.1772475,-10,-43,20
1739481231.2232475,64,21,-48
1739481231.2692475,-10,-48,47
1739481231.3142476,20,-21,40
1739481231.3602476,15,-87,-37
1739481231.4062476,2,-48,47
1739481231.4522476,5,-3,-45
1739481231.4972477,10,4,6
1739481231.5432477,34,-26,-17
1739481231.5892477,-2,88,-68
1739481231.6342475,-66,-92,11
1739481231.6802475,110,79,-31
1739481231.7262475,-17,-29,13
1739481231.7722476,-12,-136,-39
1739481231.8172476,69,-89,170
1739481231.8632476,-150,-18,0
1739481231.9092476,5,71,-54
1739481231.9542477,31,13,-161
1739481232.0002477,0,-9,45
1739481232.0462475,101,29,-12
1739481232.0972476,-1,-63,-17
1739481232.1432476,41,59,-134
1739481232.1892476,61,-93,-83
1739481232.2342474,69,-15,11
1739481232.2802474,6,25,12
1739481232.3262477,-5,-42,-28
1739481232.3722477,81,-43,53
1739481232.4172475,57,107,120
1739481232.4632475,-100,-132,-123
1739481232.5092475,14,-9,91
1739481232.5542476,71,27,-35
1739481232.6002476,-2,-54,-93
1739481232.6462476,-1,-4,-41
1739481232.6922476,-69,74,-169
1739481232.7372477,-22,-56,56
1739481232.7832477,67,40,-41
1739481232.8282475,-51,-52,50
1739481232.8732476,-4,-68,-13
1739481232.9192476,-67,-94,100
1739481232.9652476,52,-11,66
1739481233.0102477,15,46,88
1739481233.0562477,26,22,15
1739481233.1022477,21,23,-3
1739481233.1482477,28,-126,-29
1739481233.1932476,-37,15,-69
1739481233.2392476,-40,-52,-90
1739481233.2852476,53,-70,0
1739481233.3302476,-56,-69,-139
1739481233.3762476,81,-24,-60
1739481233.4222476,-28,-133,51
1739481233.4682477,4,-22,-144
1739481233.5132475,-20,-141,-102
1739481233.5592475,71,-88,-1
1739481233.6052475,7,-9,-49
1739481233.6502476,-43,-67,-13
1739481233.6962476,-9,-47,-33
1739481233.7422476,-5,-30,-35
1739481233.7882476,-53,-60,-70
1739481233.8332477,-53,-91,-27
1739481233.8792477,108,-74,-53
1739481233.9252477,-45,119,50
1739481233.9702475,45,86,-2
1739481234.0162475,0,43,-101
1739481234.0622475,31,8,-46
1739481234.1072476,-25,0,17
1739481234.1532476,-48,17,-107
1739481234.1992476,-56,-35,14
1739481234.2452476,-24,-34,52
1739481234.2902474,8,-110,19
1739481234.3362474,55,12,18
1739481234.3822474,73,0,24
1739481234.4272475,-68,-11,-31
1739481234.4732475,-61,-79,18
1739481234.5192475,30,-34,-33
1739481234.5652475,-74,-61,38
1739481234.6102476,-130,-27,-82
1739481234.6562476,-7,-78,121
1739481234.7022476,17,-39,75
1739481234.7472477,44,32,-84
1739481234.7932477,-22,-49,16
1739481234.8392477,-30,-131,-113
1739481234.8852477,-14,38,-81
1739481234.9302475,-16,109,24
1739481234.9762475,26,100,-61
1739481235.0222476,-3,-77,-77
1739481235.0672476,8,-96,10
1739481235.1132476,1,-189,-149
1739481235.1592476,23,-54,81
1739481235.2052476,18,-54,-145
1739481235.2502477,-32,-19,-4
1739481235.2962475,-9,-2,64
1739481235.3422475,-23,5,-87
1739481235.3872476,-27,63,-178
1739481235.4332476,69,6,8
1739481235.4792476,72,22,-103
1739481235.5252476,32,-8,-25
1739481235.5702477,-60,31,-57
1739481235.6162477,41,-128,34
1739481235.6622477,21,-129,-113
1739481235.7072475,-6,18,2
1739481235.7532475,-99,-15,-92
1739481235.7992475,21,-2,-163
1739481235.8452475,50,-14,-60
1739481235.8902476,12,-64,43
1739481235.9362476,83,-60,-84
1739481235.9822476,24,-121,28
1739481236.0272477,-11,-58,-102
1739481236.0732474,14,-14,-76
1739481236.1192474,20,-64,77
1739481236.1652474,-61,-75,-60
1739481236.2102475,-63,-107,-68
1739481236.2562475,-56,35,-55
1739481236.3022475,27,-64,14
1739481236.3472476,-19,24,-172
1739481236.3932476,-5,154,-55
1739481236.4392476,80,16,29
1739481236.4852476,-13,-167,-94
1739481236.5302474,-7,48,-74
1739481236.5762477,0,42,-67
1739481236.6222477,66,80,-79
1739481236.6672475,17,-20,-34
1739481236.7132475,12,-46,-61
1739481236.7592475,1,-19,-101
1739481236.8052475,-52,-40,-10
1739481236.8502476,17,29,58
1739481236.8962476,40,-102,-85
1739481236.9422476,23,66,-7
1739481236.9872477,13,-18,-92
1739481237.0332477,40,-36,0
1739481237.0792477,-59,-31,-54
1739481237.1252477,-34,5,-134
1739481237.1702476,8,-110,-53
1739481237.2162476,-21,-33,53
1739481237.2622476,55,-97,-90
1739481237.3072476,-11,-162,20
1739481237.3532476,1,0,2
1739481237.3992476,65,-138,-11
1739481237.4452477,-38,-115,-136
1739481237.4902475,-49,-23,7
1739481237.5362475,-35,-37,-19
1739481237.5822475,-10,55,9
1739481237.6272476,-84,-25,-13
1739481237.6732476,13,-35,39
1739481237.7192476,44,12,-20
1739481237.7652476,22,-91,-33
1739481237.8102477,33,-10,59
1739481237.8562477,26,-87,-8
1739481237.9022477,79,14,55
1739481237.9472475,56,-100,-62
1739481237.9932475,3,-43,54
1739481238.0392475,63,-97,-33
1739481238.0852475,-1,0,-79
1739481238.1302476,-61,7,-40
1739481238.1762476,-16,-122,-49
1739481238.2222476,46,-112,-83
1739481238.2672474,-17,-106,-60
1739481238.3132474,2,-128,-44
1739481238.3592474,-50,-259,10
1739481238.4052474,5,-12,19
1739481238.4502475,22,43,-5
1739481238.4962475,99,-14,-114
1739481238.5422475,14,-23,-78
1739481238.5872476,-80,125,-75
1739481238.6332476,-22,-42,-22
1739481238.6792476,111,43,15
1739481238.7252476,4,-103,-80
1739481238.7702477,-17,20,1
1739481238.8162477,76,21,-52
1739481238.8622477,-26,-30,-53
1739481238.9072475,72,-11,-14
1739481238.9532475,55,-85,13
1739481238.9992476,-26,-58,-77
1739481239.0452476,-32,6,-30
1739481239.0902476,-6,0,6
1739481239.1362476,13,-87,-60
1739481239.1822476,12,-45,54
1739481239.2272477,-18,-6,14
1739481239.2732477,-30,-46,0
1739481239.3192475,-5,-60,-98
1739481239.3652475,35,-61,-90
1739481239.4102476,-90,56,-93
1739481239.4562476,-59,-42,-35
1739481239.5022476,-12,-36,45
1739481239.5472476,-16,-2,9
1739481239.5932477,-8,-132,-49
1739481239.6392477,7,14,-15
1739481239.6852477,51,-91,-32
1739481239.7302475,33,2,-64
1739481239.7762475,-36,-5,76
1739481239.8222475,40,-156,-137
1739481239.8672476,-33,-49,-111
1739481239.9132476,2,-75,8
1739481239.9592476,27,-18,-16
1739481240.0052476,-96,-115,-55
1739481240.0502477,-15,19,-63
1739481240.0962474,51,-101,8
1739481240.1422474,-54,0,-35
1739481240.1872475,5,-37,20
1739481240.2332475,59,-75,-64
1739481240.2792475,-77,-48,111
1739481240.3252475,70,-47,-94
1739481240.3702476,14,0,-44
1739481240.4162476,35,-34,-109
1739481240.4622476,-50,-1,-165
1739481240.5072474,5,-30,-1
1739481240.5532477,-21,55,4
1739481240.5992477,56,146,66
1739481240.6452477,-32,-89,19
1739481240.6902475,-48,67,-17
1739481240.7362475,44,-24,53
1739481240.7822475,-59,-85,7
1739481240.8272476,14,-6,10
1739481240.8732476,64,-101,-39
1739481240.9192476,-39,-2,-5
1739481240.9652476,28,31,-89
1739481241.0102477,36,-67,4
1739481241.0562477,56,-69,-96
1739481241.1022477,29,-99,-164
1739481241.1472476,43,-21,56
1739481241.1932476,35,-11,-27
1739481241.2392476,15,29,-11
1739481241.2852476,-31,18,-51
1739481241.3302476,-10,95,-177
1739481241.3762476,7,-48,-58
1739481241.4222476,-17,-37,55
1739481241.4672475,9,-18,-74
1739481241.5132475,-97,-13,-11
1739481241.5592475,-50,-1,-140
1739481241.6052475,-57,-69,31
1739481241.6502476,-25,101,-162
1739481241.6962476,58,53,-54
1739481241.7422476,-27,60,31
1739481241.7872477,97,-143,75
1739481241.8332477,-28,-12,-166
1739481241.8792477,-88,10,-54
1739481241.9252477,-69,-64,-6
1739481241.9702475,-10,-8,-60
1739481242.0162475,118,-67,-39
1739481242.0622475,60,1,-16
1739481242.1132476,-50,-26,-82
1739481242.1592476,-10,34,-98
1739481242.2052476,15,-37,-44
1739481242.2502477,-35,-16,2
1739481242.2962475,0,-70,-115
1739481242.3422475,-59,22,-18
1739481242.3872476,39,-105,165
1739481242.4332476,-63,-40,-18
1739481242.4792476,23,-81,40
1739481242.5252476,-2,-110,61
1739481242.5702477,-25,-68,-28
1739481242.6162477,1,9,-98
1739481242.6622477,80,83,-45
1739481242.7072475,10,-108,42
1739481242.7532475,18,0,-58
1739481242.7992475,31,-147,0
1739481242.8452475,-6,-118,-114
1739481242.8902476,78,25,-72
1739481242.9362476,-19,-60,-32
1739481242.9822476,12,2,-64
1739481243.0272477,13,-3,-70
1739481243.0732474,-23,6,-31
1739481243.1192474,41,-37,-67
1739481243.1652474,-94,-14,-71
1739481243.2102475,0,-38,78
1739481243.2562475,-30,-60,-71
1739481243.3022475,-63,-10,-30
1739481243.3472476,0,-84,-108
1739481243.3932476,7,-104,-159
1739481243.4392476,-20,90,-35
1739481243.4852476,20,-97,37
1739481243.5302474,88,-65,6
1739481243.5762477,30,-5,-63
1739481243.6222477,-50,2,-72
1739481243.6672475,-38,-38,-119
1739481243.7132475,12,-9,-144
1739481243.7592475,-17,-108,-82
1739481243.8052475,47,-85,-114
1739481243.8502476,-41,-10,22
1739481243.8962476,-21,-32,26
1739481243.9422476,19,-85,-49
1739481243.9872477,-15,-14,22
1739481244.0332477,-45,-2,-104
1739481244.0792477,78,-99,-97
1739481244.1252477,11,61,-87
1739481244.1702476,57,-145,-42
1739481244.2162476,-6,-10,-78
1739481244.2622476,-7,-104,-42
1739481244.3072476,-58,-114,-6
1739481244.3532476,53,-101,-104
1739481244.3992476,-22,-8,-152
1739481244.4452477,-11,-134,-151
1739481244.4902475,33,-63,-81
1739481244.5362475,-28,-58,-127
1739481244.5822475,12,45,21
1739481244.6272476,53,-55,-7
1739481244.6732476,18,-1,31
1739481244.7192476,-18,44,15
1739481244.7652476,-22,-100,-41
1739481244.8102477,-29,-56,14
1739481244.8562477,42,67,-105
1739481244.9022477,28,-77,34
1739481244.9472475,-81,-54,-25
1739481244.9932475,2,-34,-67
1739481245.0392475,-41,-148,-61
1739481245.0852475,-93,-46,-28
1739481245.1302476,59,1,-49
1739481245.1762476,0,-68,11
1739481245.2222476,26,-87,-83
1739481245.2672474,-3,-51,-73
1739481245.3132474,55,-23,-42
1739481245.3592474,2,-158,-26
1739481245.4052474,-14,-10,35
1739481245.4502475,-55,-4,-21
1739481245.4962475,-4,58,-10
1739481245.5422475,-25,-122,-60
1739481245.5872476,63,-61,-14
1739481245.6332476,20,-37,4
1739481245.6792476,-61,-4,-45
1739481245.7252476,-37,-92,-8
1739481245.7702477,44,-83,-24
1739481245.8162477,-48,-18,22
1739481245.8622477,29,-69,8
1739481245.9072475,-4,57,-15
1739481245.9532475,-14,-102,-11
1739481245.9992476,-38,-50,-38
1739481246.0452476,-88,-56,13
1739481246.0902476,-4,-124,-29
1739481246.1362476,-26,0,-57
1739481246.1822476,-7,6,5
1739481246.2272477,-31,74,-19
1739481246.2732477,-4,-91,26
1739481246.3192475,34,33,8
1739481246.3652475,44,-47,-57
1739481246.4102476,-13,-52,-7
1739481246.4562476,40,-107,-28
1739481246.5022476,4,-45,75
1739481246.5472476,13,-55,17
1739481246.5932477,-1,-34,-4
1739481246.6392477,-44,6,59
1739481246.6852477,9,-115,26
1739481246.7302475,-22,-12,-21
1739481246.7762475,63,-23,-56
1739481246.8222475,0,87,10
1739481246.8672476,26,-25,-39
1739481246.9132476,-60,52,-35
1739481246.9592476,-35,-12,-64
1739481247.0052476,21,49,1
1739481247.0502477,-61,48,-80
1739481247.0962474,32,-27,118
1739481247.1422474,-5,-17,30
1739481247.1872475,-14,-65,-67
1739481247.2332475,-78,-64,-49
1739481247.2792475,-36,-32,-63
1739481247.3252475,52,-85,-19
1739481247.3702476,-39,0,-10
1739481247.4162476,6,-24,-43
1739481247.4622476,-46,-32,-58
1739481247.5072474,72,-85,-74
1739481247.5532477,66,-67,-100
1739481247.5992477,-6,-58,-28
1739481247.6452477,78,-33,-135
1739481247.6902475,85,-5,-5
1739481247.7362475,-53,-50,-29
1739481247.7822475,-54,-46,-9
1739481247.8272476,30,87,52
1739481247.8732476,-10,-14,41
1739481247.9192476,70,73,14
1739481247.9652476,43,-67,-53
1739481248.0102477,-28,58,-66
1739481248.0562477,-116,78,-8
1739481248.1022477,-60,122,-24
1739481248.1472476,-33,-46,86
1739481248.1932476,-43,-88,-175
1739481248.2392476,54,-157,44
1739481248.2852476,-49,-74,10
1739481248.3302476,40,-65,-186
1739481248.3762476,-3,-10,-112
1739481248.4222476,19,-81,-86
1739481248.4672475,17,-31,-27
1739481248.5132475,104,55,0
1739481248.5592475,-25,4,-30
1739481248.6052475,39,23,37
1739481248.6502476,23,61,54
1739481248.6962476,-59,102,1
1739481248.7422476,71,-73,-185
1739481248.7872477,-33,-12,-12
1739481248.8332477,10,-91,-18
1739481248.8792477,20,-85,-32
1739481248.9252477,72,-107,61
1739481248.9702475,41,-59,-11
1739481249.0162475,27,-21,93
1739481249.0622475,-81,122,-99
1739481249.1072476,-72,-146,-64
1739481249.1532476,-24,-64,-23
1739481249.1992476,-34,11,-58
1739481249.2452476,-6,4,-101
1739481249.2902474,88,-63,18
1739481249.3362474,58,-67,-61
1739481249.3822474,-26,-84,-94
1739481249.4272475,17,-103,-91
1739481249.4732475,53,-63,74
1739481249.5192475,-20,16,28
1739481249.5652475,-1,-92,-43
1739481249.6102476,37,47,35
1739481249.6562476,-13,-136,-75
1739481249.7022476,21,-135,-1
1739481249.7472477,-90,-25,137
1739481249.7932477,-34,-147,-52
1739481249.8392477,44,26,8
1739481249.8852477,18,-35,-149
1739481249.9302475,17,-150,-4
1739481249.9762475,-40,-61,-5
1739481250.0222476,44,-30,-53
1739481250.0672476,7,-60,7
1739481250.1132476,-31,-12,12
1739481250.1592476,45,-15,-17
1739481250.2052476,-20,48,-9
1739481250.2502477,-6,-82,-16
1739481250.2962475,1,131,-64
1739481250.3422475,41,88,91
1739481250.3872476,21,-82,66
1739481250.4332476,-13,-79,-7
1739481250.4792476,-18,101,-58
1739481250.5252476,-22,-51,7
1739481250.5702477,40,1,-51
1739481250.6162477,-39,-73,-54
1739481250.6622477,8,-98,-13
1739481250.7072475,-8,56,-53
1739481250.7532475,-6,-9,-45
1739481250.7992475,-2,-61,-32
1739481250.8452475,-20,53,-10
1739481250.8902476,51,127,-25
1739481250.9362476,-15,96,-63
1739481250.9822476,-94,-92,-61
1739481251.0272477,-39,-58,54
1739481251.0732474,-118,-16,-111
1739481251.1192474,5,51,-92
1739481251.1652474,-33,-130,108
1739481251.2102475,77,-1,-66
1739481251.2562475,68,-63,17
1739481251.3022475,16,-49,-39
1739481251.3472476,18,-113,-12
1739481251.3932476,-45,8,1
1739481251.4392476,111,-127,114
1739481251.4852476,2,-8,0
1739481251.5302474,49,-69,-26
1739481251.5762477,-27,-66,56
1739481251.6222477,1,-62,19
1739481251.6672475,-5,-27,-93
1739481251.7132475,68,108,-64
1739481251.7592475,-45,-35,-18
1739481251.8052475,27,98,36
1739481251.8502476,10,-22,11
1739481251.8962476,74,-2,-83
1739481251.9422476,118,12,30
1739481251.9872477,3,-7,-3
1739481252.0332477,-4,-112,7
1739481252.0792477,-8,37,-57
1739481252.1302476,25,94,-8
1739481252.1762476,20,36,49
1739481252.2222476,-56,-27,-22
1739481252.2672474,-71,-73,-105
1739481252.3132474,-1,-47,-89
1739481252.3592474,-57,-43,17
1739481252.4052474,14,-50,-138
1739481252.4502475,-24,-25,51
1739481252.4962475,-29,-7,62
1739481252.5422475,-71,-7,-88
1739481252.5872476,43,-58,-10
1739481252.6332476,-87,-53,31
1739481252.6792476,107,-104,-28
1739481252.7252476,-49,91,-91
1739481252.7702477,-61,59,-124
1739481252.8162477,9,9,-100
1739481252.8622477,73,-14,12
1739481252.9072475,23,38,-84
1739481252.9532475,-28,-77,-8
1739481252.9992476,-23,-43,-58
1739481253.0452476,7,-9,35
1739481253.0902476,24,-58,140
1739481253.1362476,-34,3,36
1739481253.1822476,21,31,-11
1739481253.2272477,33,-20,-16
1739481253.2732477,7,-62,38
1739481253.3192475,41,-82,0
1739481253.3652475,-33,-21,-234
1739481253.4102476,-4,75,99
1739481253.4562476,-42,53,-14
1739481253.5022476,-14,-99,0
1739481253.5472476,-22,-53,-49
1739481253.5932477,40,2,-57
1739481253.6392477,4,1,29
1739481253.6852477,-93,23,-32
1739481253.7302475,-89,-23,-52
1739481253.7762475,-55,-61,-102
1739481253.8222475,-41,-87,-1
1739481253.8672476,79,96,110
1739481253.9132476,-50,-67,-30
1739481253.9592476,-19,114,-16
1739481254.0052476,38,-14,-9
1739481254.0502477,18,14,-72
1739481254.0962474,-69,-63,-70
1739481254.1422474,11,-60,-62
1739481254.1872475,-2,-67,-71
1739481254.2332475,-76,-53,-54
1739481254.2792475,-17,-73,-32
1739481254.3252475,70,-4,-4
1739481254.3702476,-46,7,-16
1739481254.4162476,-3,-54,88
1739481254.4622476,-45,63,-5
1739481254.5072474,-50,-17,-53
1739481254.5532477,45,18,-4
1739481254.5992477,9,28,12
1739481254.6452477,-127,-13,22
1739481254.6902475,5,14,-11
1739481254.7362475,-39,-79,-87
1739481254.7822475,8,-22,25
1739481254.8272476,-26,-95,16
1739481254.8732476,2,2,-91
1739481254.9192476,-31,-47,-2
1739481254.9652476,48,12,-131
1739481255.0102477,28,-32,-27
1739481255.0562477,-2,-13,65
1739481255.1022477,-48,-55,-9
1739481255.1472476,-44,19,-70
1739481255.1932476,-72,-33,48
1739481255.2392476,-34,13,65
1739481255.2852476,-82,-105,13
1739481255.3302476,-42,-35,-29
1739481255.3762476,-40,37,14
1739481255.4222476,-60,-29,-92
1739481255.4672475,51,-106,-27
1739481255.5132475,24,80,-93
1739481255.5592475,80,-74,4
1739481255.6052475,68,16,-56
1739481255.6502476,-20,-11,-33
1739481255.6962476,9,-88,109
1739481255.7422476,3,-77,133
1739481255.7872477,-46,-27,-104
1739481255.8332477,47,-42,68
1739481255.8792477,77,-2,-89
1739481255.9252477,-99,29,33
1739481255.9702475,-58,19,0
1739481256.0162475,-10,7,52
1739481256.0622475,-47,-102,-125
1739481256.1072476,0,-34,-70
1739481256.1532476,-56,-46,-9
1739481256.1992476,34,-137,-60
1739481256.2452476,-25,0,43
1739481256.2902474,-48,-19,-74
1739481256.3362474,-83,-14,-21
1739481256.3822474,43,79,118
1739481256.4272475,-47,98,55
1739481256.4732475,-46,-4,-5
1739481256.5192475,34,83,-24
1739481256.5652475,50,-89,17
1739481256.6102476,8,11,-11
1739481256.6562476,-38,-52,-1
1739481256.7022476,-42,-82,-110
1739481256.7472477,-90,4,-116
1739481256.7932477,16,-13,-66
1739481256.8392477,41,61,15
1739481256.8852477,23,-90,7
1739481256.9302475,22,0,-18
1739481256.9762475,8,-101,-68
1739481257.0222476,-48,90,23
1739481257.0672476,-34,-40,-57
1739481257.1132476,-2,-74,-5
1739481257.1592476,-84,-108,94
1739481257.2052476,-5,20,-84
1739481257.2502477,2,0,-59
1739481257.2962475,48,23,10
1739481257.3422475,44,-89,-111
1739481257.3872476,-76,-160,-100
1739481257.4332476,74,61,29
1739481257.4792476,-17,-88,-5
1739481257.5252476,-4,169,-22
1739481257.5702477,-22,-84,14
1739481257.6162477,-68,-50,-109
1739481257.6622477,-32,-64,-31
1739481257.7072475,11,35,-141
1739481257.7532475,-26,28,-24
1739481257.7992475,-33,-60,-69
1739481257.8452475,-58,28,-18
1739481257.8892477,0,22,-20
1739481257.9352477,76,-91,-80
1739481257.9812477,-9,53,35
1739481258.0262475,54,8,-69
1739481258.0722475,31,-1,73
1739481258.1182475,-11,14,-70
1739481258.1632476,-18,54,63
1739481258.2092476,-38,-46,-62
1739481258.2552476,86,-87,-129
1739481258.3012476,-2,-80,-10
1739481258.3462474,74,-29,-64
1739481258.3922474,-22,56,98
1739481258.4382474,-57,-166,-14
1739481258.4832475,-13,52,9
1739481258.5292475,-41,-103,-13
1739481258.5752475,-71,29,-4
1739481258.6212475,47,-76,-25
1739481258.6662476,46,-36,-40
1739481258.7122476,28,2,83
1739481258.7582476,13,-150,4
1739481258.8032477,-26,81,-110
1739481258.8492477,-15,-110,-95
1739481258.8952477,9,-75,-120
1739481258.9412477,-26,18,-65
1739481258.9862475,80,-51,-8
1739481259.0322475,3,-44,-104
1739481259.0782475,22,9,50
1739481259.1232476,17,-41,46
1739481259.1692476,106,-33,-56
1739481259.2152476,2,-86,-79
1739481259.2612476,84,23,14
1739481259.3062477,-50,74,-54
1739481259.3522477,53,-27,-93
1739481259.3982477,34,125,-39
1739481259.4432476,-27,-92,28
1739481259.4892476,-35,-46,5
1739481259.5352476,-6,-220,10
1739481259.5812476,63,-25,-47
1739481259.6262476,105,-125,-93
1739481259.6722476,-9,6,-71
1739481259.7182477,67,-75,-59
1739481259.7632475,40,119,-46
1739481259.8092475,-50,-6,-38
1739481259.8552475,-21,58,-112
1739481259.9012475,-48,-104,-96
1739481259.9462476,41,-115,4
1739481259.9922476,-54,-40,-96
1739481260.0382476,53,43,-5
1739481260.0832477,10,-29,-151
1739481260.1292477,4,65,-114
1739481260.1752477,12,-90,172
1739481260.2212474,70,0,-90
1739481260.2662475,-22,116,-11
1739481260.3122475,-25,-9,-38
1739481260.3582475,19,-38,-36
1739481260.4032476,12,-9,-42
1739481260.4492476,-10,-96,6
1739481260.4952476,4,43,-39
1739481260.5412476,-67,-68,123
1739481260.5862474,-24,0,5
1739481260.6322474,33,-129,-92
1739481260.6782477,95,-27,-14
1739481260.7232475,-55,10,-103
1739481260.7692475,-8,76,-65
1739481260.8152475,77,-39,-78
1739481260.8612475,53,-27,-78
1739481260.9062476,-74,-238,-9
1739481260.9522476,-20,45,1
1739481260.9982476,13,-73,-109
1739481261.0432477,-29,-98,7
1739481261.0892477,13,43,-11
1739481261.1352477,51,-55,-4
1739481261.1812477,-49,-47,-116
1739481261.2262475,-10,-50,-51
1739481261.2722476,45,4,-63
1739481261.3182476,59,-64,87
1739481261.3632476,21,-67,21
1739481261.4092476,19,9,-39
1739481261.4552476,31,-99,-166
1739481261.5012476,54,-101,-60
1739481261.5462475,19,9,-56
1739481261.5922475,-6,-128,-110
1739481261.6382475,17,-35,-52
1739481261.6832476,42,-41,-76
1739481261.7292476,-12,-108,-72
1739481261.7752476,55,-13,-14
1739481261.8212476,-10,-130,63
1739481261.8662477,-93,-90,-38
1739481261.9122477,-10,-67,-29
1739481261.9582477,-9,-143,0
1739481262.0032475,-5,38,-1
1739481262.0492475,-40,-18,-84
1739481262.0952475,-24,-8,37
1739481262.1462476,19,-112,-4
1739481262.1922476,5,17,-78
1739481262.2382476,17,-77,21
1739481262.2832477,-16,4,-60
1739481262.3292477,-85,-56,31
1739481262.3752477,-51,-106,13
1739481262.4212475,29,-7,-14
1739481262.4662476,0,-121,-26
1739481262.5122476,-35,44,115
1739481262.5582476,50,-7,-58
1739481262.6032476,-71,4,-93
1739481262.6492476,-66,26,37
1739481262.6962476,14,-49,66
1739481262.7422476,26,-95,-24
1739481262.7872477,-17,-8,-19
1739481262.8332477,17,-3,-97
1739481262.8792477,-3,-94,29
1739481262.9252477,-77,24,42
1739481262.9702475,-4,-91,23
1739481263.0162475,36,71,-37
1739481263.0622475,33,-91,-31
1739481263.1072476,-39,-28,-89
1739481263.1532476,-45,-2,-21
1739481263.1992476,21,-75,-125
1739481263.2452476,-48,-38,14
1739481263.2902474,19,-83,-28
1739481263.3362474,45,0,-5
1739481263.3822474,51,-77,-53
1739481263.4272475,-21,-131,78
1739481263.4732475,-91,-86,-13
1739481263.5192475,14,19,-17
1739481263.5652475,28,-65,-208
1739481263.6102476,5,-65,-53
1739481263.6562476,-62,-36,118
1739481263.7022476,54,-77,89
1739481263.7472477,55,-143,97
1739481263.7932477,22,-91,36
1739481263.8392477,-28,-110,-21
1739481263.8852477,0,81,70
1739481263.9302475,4,0,-120
1739481263.9762475,-3,36,1
1739481264.0222476,27,0,30
1739481264.0672476,26,-53,-61
1739481264.1132476,-41,-68,4
1739481264.1592476,21,20,43
1739481264.2052476,24,-53,-96
1739481264.2502477,61,-53,-51
1739481264.2962475,17,-154,-86
1739481264.3422475,19,-131,9
1739481264.3872476,10,-91,-41
1739481264.4332476,-19,-65,29
1739481264.4792476,-50,76,-61
1739481264.5252476,-50,-2,-52
1739481264.5702477,34,-31,126
1739481264.6162477,59,-13,6
1739481264.6622477,69,69,17
1739481264.7072475,-21,-1,-7
1739481264.7532475,-7,82,-74
1739481264.7992475,25,-2,1
1739481264.8452475,-82,-56,-106
1739481264.8902476,-69,10,-2
1739481264.9362476,-32,-32,-99
1739481264.9822476,-47,-20,4
1739481265.0272477,55,-87,40
1739481265.0732474,26,-115,-78
1739481265.1192474,-34,-124,0
1739481265.1652474,-5,2,-39
1739481265.2102475,-6,78,74
1739481265.2562475,-18,-53,-82
1739481265.3022475,94,7,-115
1739481265.3472476,8,-51,-32
1739481265.3932476,-82,14,-39
1739481265.4392476,-40,-94,-103
1739481265.4852476,-13,-3,57
1739481265.5302474,-101,-108,-28
1739481265.5762477,16,-37,34
1739481265.6222477,0,-110,-52
1739481265.6672475,-60,-64,-232
1739481265.7132475,53,-37,-76
1739481265.7592475,-26,67,6
1739481265.8042476,0,-71,-15
1739481265.8502476,14,-10,-43
1739481265.8962476,79,35,-29
1739481265.9422476,-19,-112,-37
1739481265.9872477,-14,72,-52
1739481266.0332477,2,39,34
1739481266.0792477,-54,-180,5
1739481266.1242476,23,-35,-15
1739481266.1702476,16,-38,-57
1739481266.2162476,17,-80,0
1739481266.2622476,-12,-20,8
1739481266.3072476,-50,32,-1
1739481266.3532476,-64,-116,-3
1739481266.3992476,-13,86,-38
1739481266.4442475,-8,-64,-78
1739481266.4902475,37,121,4
1739481266.5362475,13,-93,67
1739481266.5822475,-49,-82,-58
1739481266.6272476,-10,55,-101
1739481266.6732476,-62,-84,-54
1739481266.7192476,-52,-74,-233
1739481266.7642477,-72,-2,18
1739481266.8102477,-32,-60,-125
1739481266.8562477,5,-49,-44
1739481266.9022477,52,-79,-110
1739481266.9472475,-51,-52,-52
1739481266.9932475,-13,-4,66
1739481267.0392475,-46,-74,22
1739481267.0842476,-33,-176,36
1739481267.1302476,-23,-92,0
1739481267.1762476,22,-92,-108
1739481267.2222476,35,-32,-32
1739481267.2672474,10,-9,61
1739481267.3132474,-7,-59,-213
1739481267.3592474,23,-25,-4
1739481267.4042475,-10,-18,38
1739481267.4502475,63,-37,-29
1739481267.4962475,-22,-64,-79
1739481267.5422475,-44,-52,12
1739481267.5872476,-62,46,-84
1739481267.6332476,-61,-172,-57
1739481267.6792476,37,3,-92
1739481267.7242477,-51,64,45
1739481267.7702477,0,-155,53
1739481267.8162477,7,-15,-60
1739481267.8622477,20,15,30
1739481267.9072475,54,-117,37
1739481267.9532475,-48,-146,-65
1739481267.9992476,3,-14,10
1739481268.0442476,53,-37,-111
1739481268.0902476,26,-5,-48
1739481268.1362476,65,-179,20
1739481268.1822476,-51,-38,-144
1739481268.2272477,0,48,-70
1739481268.2732477,-63,-94,-74
1739481268.3192475,-10,0,-107
1739481268.3642476,25,-18,124
1739481268.4102476,-13,-100,-33
1739481268.4562476,2,25,-131
1739481268.5022476,-59,-10,-2
1739481268.5472476,-31,-58,1
1739481268.5932477,-59,86,-20
1739481268.6392477,-4,-95,64
1739481268.6842475,-40,-74,-53
1739481268.7302475,35,-87,-14
1739481268.7762475,-56,-86,-9
1739481268.8222475,14,-151,1
1739481268.8672476,-43,-106,-19
1739481268.9132476,36,-143,-66
1739481268.9592476,16,-45,-13
1739481269.0042477,31,-19,-124
1739481269.0502477,36,13,-41
1739481269.0962474,34,115,-98
1739481269.1422474,38,-101,-178
1739481269.1872475,18,75,-62
1739481269.2332475,15,-103,-90
1739481269.2792475,-37,26,7
1739481269.3242476,4,16,-88
1739481269.3702476,59,-81,20
1739481269.4162476,-22,0,-21
1739481269.4622476,-64,-56,-129
1739481269.5072474,24,11,-61
1739481269.5532477,-56,32,-80
1739481269.5992477,76,17,-140
1739481269.6442475,-29,-78,-16
1739481269.6902475,-22,-72,-101
1739481269.7362475,10,-5,-118
1739481269.7822475,46,17,-28
1739481269.8272476,-130,24,35
1739481269.8732476,33,77,-19
1739481269.9192476,-12,-64,-50
1739481269.9642477,-33,0,-36
1739481270.0102477,10,19,-94
1739481270.0562477,77,25,-53
1739481270.1022477,-32,-90,-52
1739481270.1472476,-12,-88,-82
1739481270.1932476,41,-31,0
1739481270.2392476,80,-67,-17
1739481270.2842476,-1,27,-12
1739481270.3302476,-21,8,-87
1739481270.3762476,-59,-110,11
1739481270.4222476,-17,-54,-77
1739481270.4672475,9,-54,-62
1739481270.5132475,16,11,-52
1739481270.5592475,-13,50,-37
1739481270.6042476,-125,-80,-79
1739481270.6502476,-10,8,-51
1739481270.6962476,-15,-20,16
1739481270.7422476,-1,-33,-88
1739481270.7872477,21,67,-51
1739481270.8332477,-43,48,15
1739481270.8792477,36,-161,-19
1739481270.9242475,-48,-24,-19
1739481270.9702475,30,17,43
1739481271.0162475,-44,-18,-24
1739481271.0622475,-17,-78,-37
1739481271.1072476,-70,-28,75
1739481271.1532476,-63,-82,-29
1739481271.1992476,26,-45,-32
1739481271.2442474,-14,-30,-63
1739481271.2902474,-37,-62,190
1739481271.3362474,-2,-58,-120
1739481271.3822474,41,-27,-175
1739481271.4272475,-106,0,-72
1739481271.4732475,37,-5,-75
1739481271.5192475,-11,-14,-59
1739481271.5642476,-46,60,-50
1739481271.6102476,35,57,11
1739481271.6562476,-47,-6,-116
1739481271.7022476,-67,2,-54
1739481271.7472477,-18,74,-54
1739481271.7932477,33,-51,45
1739481271.8392477,-52,-50,-58
1739481271.8842475,-8,33,-54
1739481271.9302475,14,-27,-85
1739481271.9762475,10,8,-31
1739481272.0222476,12,54,-60
1739481272.0672476,0,-157,-167
1739481272.1132476,12,-3,-20
1739481272.1642475,-90,-13,-133
1739481272.2102475,-75,-79,-7
1739481272.2562475,-1,79,25
1739481272.3022475,24,-48,43
1739481272.3472476,16,-60,-123
1739481272.3932476,46,-6,-4
1739481272.4392476,25,-167,-4
1739481272.4842474,57,18,-52
1739481272.5302474,45,-42,-66
1739481272.5762477,-13,-47,91
1739481272.6222477,34,32,-103
1739481272.6672475,13,-17,-90
1739481272.7132475,-99,81,38
1739481272.7592475,61,4,61
1739481272.8042476,25,86,21
1739481272.8502476,-12,9,-48
1739481272.8962476,20,-116,-62
1739481272.9422476,17,-18,-104
1739481272.9872477,32,16,156
1739481273.0332477,25,-52,5
1739481273.0792477,-42,-165,-39
1739481273.1242476,-27,9,-216
1739481273.1702476,-10,-46,-27
1739481273.2162476,-60,15,-34
1739481273.2622476,63,-88,-43
1739481273.3072476,-13,-88,-45
1739481273.3522477,150,12,17
1739481273.3982477,12,-48,-1
1739481273.4432476,-3,-105,-58
1739481273.4892476,70,98,50
1739481273.5352476,54,-69,-54
1739481273.5802476,9,-45,-147
1739481273.6262476,43,-69,-159
1739481273.6722476,-107,-93,10
1739481273.7182477,-16,63,-66
1739481273.7632475,41,22,7
1739481273.8092475,-38,-86,-26
1739481273.8552475,7,-125,96
1739481273.9002476,12,-163,-122
1739481273.9462476,-32,-25,31
1739481273.9922476,75,-38,-137
1739481274.0382476,44,-26,-27
1739481274.0832477,-4,-48,32
1739481274.1292477,-35,-50,-23
1739481274.1752477,62,-104,2
1739481274.2202475,-79,-69,-71
1739481274.2662475,-28,1,-132
1739481274.3122475,30,-40,-82
1739481274.3582475,-15,35,-41
1739481274.4032476,-14,-63,-74
1739481274.4492476,-54,-91,18
1739481274.4952476,-29,97,-94
1739481274.5402474,40,-8,-20
1739481274.5862474,-57,-11,-86
1739481274.6322474,34,-20,119
1739481274.6782477,18,-125,-92
1739481274.7232475,-45,-83,-24
1739481274.7692475,-11,-115,-105
1739481274.8152475,19,16,12
1739481274.8602476,-44,-85,-79
1739481274.9062476,-40,-1,-45
1739481274.9522476,-20,-67,-4
1739481274.9982476,3,-75,-122
1739481275.0432477,16,-212,-96
1739481275.0892477,-50,-99,-30
1739481275.1352477,57,-126,-31
1739481275.1802475,76,-10,-100
1739481275.2262475,25,72,-75
1739481275.2722476,49,26,-9
1739481275.3182476,-19,-73,-54
1739481275.3632476,6,-56,-25
1739481275.4092476,19,34,42
1739481275.4552476,47,20,-21
1739481275.5002477,52,-134,-25
1739481275.5462475,26,16,-66
1739481275.5922475,-135,23,-64
1739481275.6382475,40,-104,84
1739481275.6832476,10,-44,3
1739481275.7292476,-77,17,-57
1739481275.7752476,23,126,9
1739481275.8202477,44,-76,37
1739481275.8662477,-1,-22,13
1739481275.9122477,26,-16,-42
1739481275.9582477,-19,21,-129
1739481276.0032475,-1,-21,-51
1739481276.0492475,-22,-15,-168
1739481276.0952475,104,-212,-46
1739481276.1402476,-29,-35,81
1739481276.1862476,-19,-17,-43
1739481276.2322476,27,-54,-66
1739481276.2782476,31,-108,-43
1739481276.3232474,7,20,61
1739481276.3692474,-27,-35,-7
1739481276.4152474,31,22,-53
1739481276.4602475,-22,-157,14
1739481276.5062475,-11,1,-10
1739481276.5522475,22,-88,-74
1739481276.5982475,-29,1,-11
1739481276.6432476,-6,-159,-49
1739481276.6892476,-75,71,63
1739481276.7352476,-30,-111,-177
1739481276.7802474,63,-20,0
1739481276.8262477,5,47,23
1739481276.8722477,-8,-88,8
1739481276.9182477,30,-55,-15
1739481276.9632475,-28,-3,102
1739481277.0092475,18,-46,-8
1739481277.0552475,-9,-74,-42
1739481277.1002476,18,43,2
1739481277.1462476,-22,-20,132
1739481277.1922476,34,47,12
1739481277.2382476,25,63,-48
1739481277.2832477,8,1,-2
1739481277.3292477,-20,14,-95
1739481277.3752477,31,-5,-126
1739481277.4202476,53,-59,-14
1739481277.4662476,33,-80,-15
1739481277.5122476,-42,-123,39
1739481277.5582476,68,57,-127
1739481277.6032476,35,-71,-3
1739481277.6492476,-16,89,59
1739481277.6952477,17,-61,33
1739481277.7402475,74,1,29
1739481277.7862475,-1,-33,-169
1739481277.8322475,44,-76,-37
1739481277.8782475,-41,-23,-30
1739481277.9232476,56,72,-108
1739481277.9692476,-31,-145,-78
1739481278.0152476,2,99,101
1739481278.0602477,-27,3,46
1739481278.1062477,-68,7,61
1739481278.1522477,56,-42,-57
1739481278.1982474,-1,11,-46
1739481278.2432475,-32,-127,-64
1739481278.2892475,-27,9,32
1739481278.3352475,-21,-3,-10
1739481278.3802476,-10,-30,-57
1739481278.4262476,-86,-69,-25
1739481278.4722476,143,75,-28
1739481278.5182476,-89,-98,-19
1739481278.5632474,33,87,36
1739481278.6092474,-9,-116,-26
1739481278.6552474,-18,68,-53
1739481278.7002475,9,-68,-47
1739481278.7462475,28,32,-129
1739481278.7922475,-116,-10,-172
1739481278.8382475,-36,4,66
1739481278.8832476,-24,-39,-32
1739481278.9292476,-90,-2,-46
1739481278.9752476,-51,2,-79
1739481279.0202477,-12,-20,109
1739481279.0662477,11,79,-8
1739481279.1122477,61,-177,-51
1739481279.1582477,22,-33,-41
1739481279.2032475,-50,0,-16
1739481279.2492476,-68,4,-132
1739481279.2952476,-1,45,-26
1739481279.3402476,-34,-110,-31
1739481279.3862476,-15,81,11
1739481279.4322476,74,-186,-18
1739481279.4782476,-74,99,-90
1739481279.5232477,5,-162,-107
1739481279.5692475,-36,-104,-20
1739481279.6152475,-35,18,-68
1739481279.6602476,42,-40,-75
1739481279.7062476,47,-7,2
1739481279.7522476,-104,-80,-5
1739481279.7982476,0,13,-61
1739481279.8432477,-55,86,-69
1739481279.8892477,24,-81,-108
1739481279.9352477,-34,22,-85
1739481279.9802475,10,-112,94
1739481280.0262475,21,-81,3
1739481280.0722475,-22,-27,-32
1739481280.1182475,40,39,-61
1739481280.1632476,13,-54,-11
1739481280.2092476,36,-206,-20
1739481280.2552476,-37,-37,-141
1739481280.3002477,-21,63,11
1739481280.3462474,19,-86,140
1739481280.3922474,-61,-134,27
1739481280.4382474,42,-85,39
1739481280.4832475,-47,-112,-30
1739481280.5292475,-83,-78,84
1739481280.5752475,31,-69,85
1739481280.6202476,117,-105,-25
1739481280.6662476,12,-55,83
1739481280.7122476,10,-15,1
1739481280.7582476,-3,-27,16
1739481280.8032477,59,43,-13
1739481280.8492477,1,-42,0
1739481280.8952477,-50,0,-102
1739481280.9402475,28,55,-7
1739481280.9862475,39,-15,-48
1739481281.0322475,71,-87,30
1739481281.0782475,34,22,-106
1739481281.1232476,0,-56,16
1739481281.1692476,-54,36,-125
1739481281.2152476,56,13,-23
1739481281.2602477,9,-37,-198
1739481281.3062477,49,23,-40
1739481281.3522477,135,-37,-35
1739481281.3982477,-67,-46,-21
1739481281.4432476,-8,-49,-123
1739481281.4892476,-85,-92,-9
1739481281.5352476,68,-19,-4
1739481281.5802476,-61,-158,-103
1739481281.6262476,-73,-88,44
1739481281.6722476,-24,34,-5
1739481281.7182477,11,9,67
1739481281.7632475,71,-79,-72
1739481281.8092475,-41,-44,-96
1739481281.8552475,25,-169,-53
1739481281.9002476,8,-44,51
1739481281.9462476,80,161,-37
1739481281.9922476,-3,-43,42
1739481282.0382476,37,-167,-99
1739481282.0832477,8,27,18
1739481282.1352477,63,-35,-60
1739481282.1802475,-33,-126,-162
1739481282.2262475,6,-53,-15
1739481282.2722476,-51,-30,30
1739481282.3182476,-27,2,-11
1739481282.3632476,50,9,-22
1739481282.4092476,-14,98,-24
1739481282.4552476,-62,-72,30
1739481282.5002477,-18,-62,-86
1739481282.5462475,-38,-42,-37
1739481282.5922475,41,17,27
1739481282.6382475,12,89,-140
1739481282.6832476,-2,-9,-82
1739481282.7292476,-59,-38,-88
1739481282.7752476,34,-121,-22
1739481282.8202477,2,39,3
1739481282.8662477,6,-123,-55
1739481282.9122477,61,-69,-89
1739481282.9582477,55,-43,-42
1739481283.0032475,15,-39,-133
1739481283.0492475,14,-11,-81
1739481283.0952475,20,163,-152
1739481283.1402476,19,-55,-48
1739481283.1862476,5,-14,9
1739481283.2322476,-61,-64,50
1739481283.2782476,-16,-42,-204
1739481283.3232474,98,51,-61
1739481283.3692474,-43,-20,-56
1739481283.4152474,40,-17,-87
1739481283.4602475,-66,-66,7
1739481283.5062475,-25,-132,-90
1739481283.5522475,-12,28,-3
1739481283.5982475,34,-83,-32
1739481283.6432476,-17,-138,-31
1739481283.6892476,29,23,-59
1739481283.7352476,73,-21,-39
1739481283.7802474,-37,8,26
1739481283.8262477,13,0,-13
1739481283.8722477,-58,-142,-43
1739481283.9182477,44,-114,-133
1739481283.9632475,23,-167,-52
1739481284.0092475,39,45,-11
1739481284.0552475,-62,34,-12
1739481284.1002476,21,3,-77
1739481284.1462476,-25,74,56
1739481284.1922476,-27,-38,-39
1739481284.2382476,25,31,-86
1739481284.2832477,-7,58,-82
1739481284.3292477,12,-166,-88
1739481284.3752477,31,-65,10
1739481284.4202476,-32,26,-30
1739481284.4662476,-59,-12,43
1739481284.5122476,35,11,-115
1739481284.5582476,-69,-58,-56
1739481284.6032476,55,19,-56
1739481284.6492476,32,74,-70
1739481284.6952477,8,-35,-83
1739481284.7402475,-15,44,-80
1739481284.7862475,13,-55,-6
1739481284.8322475,21,-11,-68
1739481284.8782475,-99,58,-30
1739481284.9232476,0,-81,82
1739481284.9692476,44,-43,-75
1739481285.0152476,16,23,-11
1739481285.0602477,-3,-4,-145
1739481285.1062477,23,-91,-13
1739481285.1522477,-98,18,58
1739481285.1982474,-49,96,32
1739481285.2432475,80,-37,-37
1739481285.2892475,0,27,-13
1739481285.3352475,41,-53,-82
1739481285.3802476,-25,-46,-87
1739481285.4262476,69,-41,-123
1739481285.4722476,-40,-18,-13
1739481285.5182476,74,-125,-15
1739481285.5632474,45,-93,-125
1739481285.6092474,54,-45,38
1739481285.6552474,-30,-39,-33
1739481285.7002475,72,0,-7
1739481285.7462475,-15,-157,-70
1739481285.7922475,58,118,-84
1739481285.8382475,-60,-32,34
1739481285.8832476,-28,18,29
1739481285.9292476,50,-115,15
1739481285.9752476,82,-56,-34
1739481286.0202477,-3,-103,-39
1739481286.0662477,-11,0,12
1739481286.1122477,5,-108,-44
1739481286.1582477,26,101,60
1739481286.2032475,-6,0,-17
1739481286.2492476,3,147,-66
1739481286.2952476,21,39,-19
1739481286.3402476,-56,-98,-65
1739481286.3862476,20,91,-132
1739481286.4322476,2,-21,39
1739481286.4782476,-23,10,-66
1739481286.5232477,-18,-102,51
1739481286.5692475,60,-49,-17
1739481286.6152475,-5,-23,-13
1739481286.6602476,-28,54,68
1739481286.7062476,99,-35,-146
1739481286.7522476,-24,6,12
1739481286.7982476,-32,-24,-13
1739481286.8432477,65,-7,-84
1739481286.8892477,39,-183,-25
1739481286.9352477,-24,30,-86
1739481286.9802475,-37,-52,-78
1739481287.0262475,-58,-34,-60
1739481287.0722475,26,1,-100
1739481287.1182475,60,-5,-90
1739481287.1632476,-37,60,72
1739481287.2092476,-5,-14,-19
1739481287.2552476,59,-87,-73
1739481287.3002477,-23,28,-94
1739481287.3462474,-80,-46,25
1739481287.3922474,-60,82,77
1739481287.4382474,8,13,2
1739481287.4832475,-75,-120,18
1739481287.5292475,-80,28,-87
1739481287.5752475,62,-43,-107
1739481287.6202476,25,3,-107
1739481287.6662476,31,-39,21
1739481287.7122476,-23,-18,-111
1739481287.7582476,-37,8,-69
1739481287.8032477,-56,-56,29
1739481287.8492477,68,-61,-135
1739481287.8952477,-43,-60,5
1739481287.9402475,47,21,-81
1739481287.9862475,-34,-66,-143
1739481288.0322475,72,-19,-39
1739481288.0782475,-72,70,47
1739481288.1232476,6,-11,-186
1739481288.1692476,37,-77,-55
1739481288.2152476,108,-91,-5
1739481288.2602477,49,-27,-24
1739481288.3062477,27,-27,-134
1739481288.3522477,10,-3,71
1739481288.3982477,-50,40,15
1739481288.4432476,11,53,-100
1739481288.4892476,-14,41,-43
1739481288.5352476,-11,-14,45
1739481288.5802476,30,39,25
1739481288.6262476,50,51,-87
1739481288.6722476,15,-95,-41
1739481288.7182477,37,5,-54
1739481288.7632475,-23,0,-139
1739481288.8092475,35,33,0
1739481288.8552475,-5,-49,16
1739481288.9002476,34,-117,-145
1739481288.9462476,10,-115,144
1739481288.9922476,-58,-68,-75
1739481289.0382476,-13,66,6
1739481289.0832477,-61,0,-45
1739481289.1292477,-11,-101,-53
1739481289.1752477,34,-87,-55
1739481289.2202475,51,-29,27
1739481289.2662475,73,-107,-187
1739481289.3122475,-10,-146,-26
1739481289.3582475,-36,-38,20
1739481289.4032476,-4,-144,-97
1739481289.4492476,-28,-114,-68
1739481289.4952476,-14,-10,18
1739481289.5402474,59,0,0
1739481289.5862474,-32,22,-68
1739481289.6322474,54,-43,87
1739481289.6782477,34,31,-19
1739481289.7232475,62,-77,6
1739481289.7692475,38,15,8
1739481289.8152475,-21,-22,-136
1739481289.8602476,25,-25,-33
1739481289.9062476,50,-125,40
1739481289.9522476,36,-27,-22
1739481289.9982476,-1,28,-97
1739481290.0432477,-16,-78,-87
1739481290.0892477,-98,30,-5
1739481290.1352477,-43,-88,-77
1739481290.1802475,64,-35,-6
1739481290.2262475,37,-25,16
1739481290.2722476,9,-49,32
1739481290.3182476,5,30,-32
1739481290.3632476,55,-17,-38
1739481290.4092476,-13,30,-5
1739481290.4552476,16,-7,0
1739481290.5002477,22,-29,7
1739481290.5462475,-36,-18,17
1739481290.5922475,109,-97,-21
1739481290.6382475,-9,9,113
1739481290.6832476,-24,-216,-118
1739481290.7292476,11,47,-80
1739481290.7752476,-25,-88,43
1739481290.8202477,-92,46,-124
1739481290.8662477,16,13,-23
1739481290.9122477,2,-24,-137
1739481290.9582477,-29,69,28
1739481291.0032475,-1,20,17
1739481291.0492475,15,63,-96
1739481291.0952475,-20,-48,-135
1739481291.1402476,-18,-24,26
1739481291.1862476,34,41,-25
1739481291.2322476,-2,-55,13
1739481291.2782476,-43,-70,-4
1739481291.3232474,60,-54,-151
1739481291.3692474,-97,-35,-4
1739481291.4152474,-107,-81,-17
1739481291.4602475,-55,-147,0
1739481291.5062475,-6,10,-60
1739481291.5522475,-36,19,-56
1739481291.5982475,-10,121,-94
1739481291.6432476,85,-68,-85
1739481291.6892476,14,-30,-32
1739481291.7352476,50,0,-43
1739481291.7802474,40,-84,-95
1739481291.8262477,21,-16,74
1739481291.8722477,52,-74,10
1739481291.9182477,-77,-39,-132
1739481291.9632475,31,22,42
1739481292.0092475,-81,-35,-186
1739481292.0552475,-44,-107,83
1739481292.1002476,21,26,2
1739481292.1522477,21,-54,-17
1739481292.1982474,62,-4,-32
1739481292.2432475,-92,71,-52
1739481292.2892475,34,42,-45
1739481292.3352475,6,-38,28
1739481292.3802476,51,-2,50
1739481292.4262476,-24,-17,-25
1739481292.4722476,34,62,0
1739481292.5182476,28,-48,51
1739481292.5632474,-11,-61,35
1739481292.6092474,-50,-65,10
1739481292.6552474,21,-54,42
1739481292.7002475,13,-2,33
1739481292.7462475,3,23,54
1739481292.7922475,-21,-31,20
1739481292.8382475,-24,3,3
1739481292.8832476,-15,-89,55
1739481292.9292476,-52,67,-70
1739481292.9752476,-33,31,-14
1739481293.0202477,-49,7,14
1739481293.0662477,-31,19,-26
1739481293.1122477,-47,-51,-45
1739481293.1582477,16,66,-81
1739481293.2032475,56,-32,46
1739481293.2492476,-53,-79,114
1739481293.2952476,-1,-34,21
1739481293.3402476,-83,-21,-18
1739481293.3862476,19,-26,52
1739481293.4322476,54,-46,-158
1739481293.4782476,45,-28,-12
1739481293.5232477,-23,-67,-12
1739481293.5692475,-17,-23,-78
1739481293.6152475,13,-6,0
1739481293.6602476,-6,-149,-61
1739481293.7062476,34,-64,-185
1739481293.7522476,21,-73,-15
1739481293.7982476,29,74,-14
1739481293.8432477,33,10,-43
1739481293.8892477,-54,-83,-121
1739481293.9352477,21,-82,51
1739481293.9802475,-44,17,-39
1739481294.0262475,-92,-93,-59
1739481294.0722475,-57,41,-92
1739481294.1182475,-43,-88,-30
1739481294.1632476,12,26,-90
1739481294.2092476,1,-1,-142
1739481294.2552476,0,-63,-107
1739481294.3002477,-87,-16,-7
1739481294.3462474,9,-96,-1
1739481294.3922474,33,69,32
1739481294.4382474,17,-40,69
1739481294.4832475,60,10,-21
1739481294.5292475,52,22,-26
1739481294.5752475,-16,-35,-38
1739481294.6202476,31,-92,-88
1739481294.6662476,50,-192,-53
1739481294.7122476,-26,-169,-60
1739481294.7582476,16,-10,3
1739481294.8032477,-54,11,107
1739481294.8492477,21,-208,40
1739481294.8952477,34,131,-41
1739481294.9402475,-51,0,36
1739481294.9862475,48,-59,-70
1739481295.0322475,-28,-38,-20
1739481295.0782475,-79,-100,-72
1739481295.1232476,-2,-78,-40
1739481295.1692476,-3,6,-43
1739481295.2152476,-25,-132,-93
1739481295.2602477,47,-45,-3
1739481295.3062477,-42,28,-101
1739481295.3522477,-15,-134,-8
1739481295.3982477,-4,-120,-142
1739481295.4432476,19,-28,58
1739481295.4892476,-25,-31,8
1739481295.5352476,-46,-51,-64
1739481295.5802476,36,-48,26
1739481295.6262476,-28,-104,86
1739481295.6722476,24,-144,-78
1739481295.7182477,-31,-13,45
1739481295.7632475,6,82,10
1739481295.8092475,-66,-8,-15
1739481295.8552475,-3,109,-48
1739481295.9002476,-15,-78,164
1739481295.9462476,34,-77,16
1739481295.9922476,67,-105,-92
1739481296.0382476,-4,-19,-60
1739481296.0832477,-20,20,-22
1739481296.1292477,-33,46,-11
1739481296.1752477,85,-87,84
1739481296.2202475,74,21,-29
1739481296.2662475,-40,-5,58
1739481296.3122475,77,-30,-16
1739481296.3582475,-43,11,19
1739481296.4032476,52,128,-30
1739481296.4492476,-5,-70,-22
1739481296.4952476,-24,-75,41
1739481296.5402474,-55,7,-121
1739481296.5862474,2,37,-66
1739481296.6322474,12,107,37
1739481296.6782477,77,-96,-129
1739481296.7232475,24,-18,-50
1739481296.7692475,-38,20,2
1739481296.8152475,91,-89,61
1739481296.8602476,10,-18,-24
1739481296.9062476,-32,-216,60
1739481296.9522476,81,19,-108
1739481296.9982476,-42,-2,-83
1739481297.0432477,-4,-3,-12
1739481297.0892477,7,43,-57
1739481297.1352477,8,-105,-15
1739481297.1802475,-6,-108,-139
1739481297.2262475,-16,-98,-42
1739481297.2722476,-26,2,-130
1739481297.3182476,-74,44,-67
1739481297.3632476,27,-69,-121
1739481297.4092476,-92,-13,-48
1739481297.4552476,27,-160,25
1739481297.5002477,-42,-39,-112
1739481297.5462475,-12,15,-27
1739481297.5922475,-68,29,-67
1739481297.6372476,-55,-92,59
1739481297.6832476,-16,-87,6
1739481297.7292476,-57,-17,-18
1739481297.7752476,-10,33,-7
1739481297.8202477,77,-48,78
1739481297.8662477,22,-62,12
1739481297.9122477,-83,-74,-22
1739481297.9572475,55,-43,-166
1739481298.0032475,-10,56,49
1739481298.0492475,-23,-60,-96
1739481298.0952475,30,31,-6
1739481298.1402476,13,-75,-34
1739481298.1862476,64,-93,-48
1739481298.2322476,21,-69,3
1739481298.2772477,23,-139,80
1739481298.3232474,-2,-118,-4
1739481298.3692474,-31,0,5
1739481298.4152474,-11,-51,45
1739481298.4602475,-56,-10,-114
1739481298.5062475,26,-39,143
1739481298.5522475,45,-89,-48
1739481298.5972476,42,83,-97
1739481298.6432476,5,-12,-52
1739481298.6892476,-99,-86,-102
1739481298.7352476,4,105,-103
1739481298.7802474,20,-57,12
1739481298.8262477,-19,-40,-3
1739481298.8722477,-11,-30,-33
1739481298.9172475,20,-63,80
1739481298.9632475,12,29,36
1739481299.0092475,-42,-56,-8
1739481299.0552475,4,-56,-67
1739481299.1002476,-64,42,-28
1739481299.1462476,29,-57,-137
1739481299.1922476,-1,50,-81
1739481299.2372477,-76,48,18
1739481299.2832477,-65,50,17
1739481299.3292477,57,61,-38
1739481299.3752477,36,-35,-75
1739481299.4202476,28,83,135
1739481299.4652476,36,-27,-134
1739481299.5112476,-7,-115,-122
1739481299.5562477,-38,-20,-23
1739481299.6022477,-48,-26,39
1739481299.6482477,-63,-116,-6
1739481299.6932476,3,-92,34
1739481299.7392476,-24,-36,-15
1739481299.7852476,49,-37,46
1739481299.8312476,45,107,-61
1739481299.8762476,29,-115,61
1739481299.9222476,-63,-94,-70
1739481299.9682477,9,67,-44
1739481300.0132475,-63,-64,-23
1739481300.0592475,30,-43,17
1739481300.1052475,-108,20,55
1739481300.1512475,6,-43,44
1739481300.1962476,-60,82,39
1739481300.2422476,-29,-114,-172
1739481300.2882476,23,2,-36
1739481300.3332477,59,-183,42
1739481300.3792477,46,0,-80
1739481300.4252477,-77,-69,-47
1739481300.4712474,-6,97,13
1739481300.5162475,-4,25,30
1739481300.5622475,19,53,36
1739481300.6082475,-77,-68,-2
1739481300.6532476,-24,-126,-104
1739481300.6992476,-60,-45,-114
1739481300.7452476,38,21,-39
1739481300.7912476,-34,-35,10
1739481300.8362474,-25,1,-151
1739481300.8822474,15,-102,72
1739481300.9282477,21,30,17
1739481300.9732475,15,-64,-47
1739481301.0192475,-31,31,-117
1739481301.0652475,21,-36,64
1739481301.1112475,55,104,33
1739481301.1562476,-17,-53,-61
1739481301.2022476,21,-140,-130
1739481301.2482476,-72,113,15
1739481301.2932477,-43,-89,-1
1739481301.3392477,-38,-135,-45
1739481301.3852477,-44,-59,21
1739481301.4312477,6,-78,46
1739481301.4762475,27,-82,-121
1739481301.5222476,37,0,-75
1739481301.5682476,-17,-73,-23
1739481301.6132476,-142,67,28
1739481301.6592476,-1,9,-33
1739481301.7052476,4,-101,16
1739481301.7512476,41,-76,-8
1739481301.7962475,-3,8,-9
1739481301.8422475,-13,-109,-5
1739481301.8882475,47,54,-50
1739481301.9332476,22,-22,-56
1739481301.9792476,25,-28,-72
1739481302.0252476,25,42,-52
1739481302.0712476,-14,65,-31
1739481302.1162477,10,14,-111
1739481302.1682477,27,68,-62
1739481302.2132475,10,-72,30
1739481302.2592475,-26,149,-14
1739481302.3052475,14,-50,-3
1739481302.3512475,-114,-89,-65
1739481302.3962476,12,-104,48
1739481302.4422476,35,-12,-110
1739481302.4882476,-26,-31,-57
1739481302.5332477,0,20,92
1739481302.5792477,-12,-27,28
1739481302.6252477,-11,13,-14
1739481302.6712475,-79,47,-39
1739481302.7162476,-6,-3,-26
1739481302.7622476,-19,-63,0
1739481302.8082476,26,14,-9
1739481302.8532476,68,-40,-17
1739481302.8992476,31,23,-9
1739481302.9452477,65,-80,-6
1739481302.9912477,18,-62,159
1739481303.0362475,-83,-159,-26
1739481303.0822475,16,-24,-37
1739481303.1282475,-61,-15,-27
1739481303.1732476,-47,27,-11
1739481303.2192476,-22,-69,9
1739481303.2652476,50,-28,-40
1739481303.3112476,2,-175,-50
1739481303.3562477,-98,-69,153
1739481303.4022477,71,-136,-17
1739481303.4482474,-32,-53,52
1739481303.4932475,63,-104,-19
1739481303.5392475,17,-48,-15
1739481303.5852475,-22,-23,-59
1739481303.6312475,59,-15,-93
1739481303.6762476,14,-132,-25
1739481303.7222476,-46,0,-27
1739481303.7682476,72,-112,-45
1739481303.8132474,-83,-61,96
1739481303.8592474,-66,-25,-58
1739481303.9052474,0,-39,-4
1739481303.9512477,-7,9,-67
1739481303.9962475,6,5,-32
1739481304.0422475,37,38,24
1739481304.0882475,3,-141,-7
1739481304.1332476,74,38,-43
1739481304.1792476,-70,81,-41
1739481304.2252476,39,6,-83
1739481304.2712476,54,-128,-32
1739481304.3162477,23,-58,31
1739481304.3622477,-7,60,11
1739481304.4082477,50,-144,-68
1739481304.4532475,43,-84,-49
1739481304.4992476,25,-62,-4
1739481304.5452476,-73,85,-101
1739481304.5912476,53,-110,-77
1739481304.6362476,-41,-69,-14
1739481304.6822476,-22,-186,-123
1739481304.7282476,-45,-207,-55
1739481304.7732477,56,32,4
1739481304.8192475,2,-33,39
1739481304.8652475,-39,-115,-14
1739481304.9112475,-71,39,-71
1739481304.9562476,-98,-57,-38
1739481305.0022476,0,-44,31
1739481305.0482476,29,50,10
1739481305.0932477,-27,33,-148
1739481305.1392477,-31,15,-100
1739481305.1852477,-17,13,108
1739481305.2312477,-57,-61,-54
1739481305.2762475,-64,-87,55
1739481305.3212476,10,-46,48
1739481305.3672476,-41,39,-39
1739481305.4122477,-121,-45,-29
1739481305.4582477,35,-38,68
1739481305.5042477,-23,-79,-17
1739481305.5492475,77,80,-60
1739481305.5952475,87,-136,-56
1739481305.6412475,-25,-115,28
1739481305.6872475,2,-21,-91
1739481305.7322476,-39,-109,42
1739481305.7782476,37,40,-50
1739481305.8242476,23,6,0
1739481305.8692474,-48,7,-32
1739481305.9152474,-3,-5,7
1739481305.9612474,-24,-11,-126
1739481306.0072474,46,-68,-76
1739481306.0522475,66,-18,56
1739481306.0982475,-2,-64,-92
1739481306.1442475,-41,-25,-39
1739481306.1892476,6,1,-16
1739481306.2352476,34,60,-31
1739481306.2812476,20,-90,85
1739481306.3272476,47,90,49
1739481306.3722477,0,-13,-23
1739481306.4182477,-105,59,51
1739481306.4642477,-102,-45,-3
1739481306.5092475,-36,21,-97
1739481306.5552475,-9,23,24
1739481306.6012475,16,-106,74
1739481306.6472476,25,-84,-195
1739481306.6922476,-10,17,-105
1739481306.7382476,40,-6,-130
1739481306.7842476,-89,41,39
1739481306.8292477,0,-3,-25
1739481306.8752477,39,72,-149
1739481306.9212475,-64,-61,15
1739481306.9672475,19,-74,7
1739481307.0122476,-34,69,15
1739481307.0582476,-76,71,-28
1739481307.1042476,52,66,130
1739481307.1492476,-12,-73,63
1739481307.1952477,-25,29,-22
1739481307.2412477,72,-14,34
1739481307.2872477,-23,-79,-28
1739481307.3322475,51,20,32
1739481307.3782475,-30,41,-65
1739481307.4242475,-7,-83,-199
1739481307.4692476,-68,-65,-28
1739481307.5152476,-39,41,-71
1739481307.5612476,3,-72,-86
1739481307.6072476,12,-79,20
1739481307.6522477,38,-8,-80
1739481307.6982474,1,-43,-87
1739481307.7442474,1,100,-66
1739481307.7892475,72,20,66
1739481307.8352475,35,-144,-59
1739481307.8812475,35,86,-13
1739481307.9272475,-6,21,-48
1739481307.9722476,-67,-89,-6
1739481308.0182476,-17,25,-124
1739481308.0642476,-22,-109,123
1739481308.1092474,33,-92,-16
1739481308.1552474,-39,-65,21
1739481308.2012477,-9,-16,-20
1739481308.2472477,-10,66,16
1739481308.2922475,7,-96,-58
1739481308.3382475,-30,-133,-63
1739481308.3842475,-61,1,-84
1739481308.4292476,-30,-135,-29
1739481308.4752476,31,-104,-81
1739481308.5212476,-56,-51,-46
1739481308.5672476,-35,-117,13
1739481308.6122477,51,50,102
1739481308.6582477,22,-86,-1
1739481308.7042477,-78,59,-140
1739481308.7492476,-87,-11,45
1739481308.7952476,-5,-157,78
1739481308.8412476,89,-28,-24
1739481308.8872476,-56,-27,-120
1739481308.9322476,-6,-41,27
1739481308.9782476,-51,-35,-22
1739481309.0242476,-34,21,2
1739481309.0692475,69,26,-25
1739481309.1152475,-36,-145,-23
1739481309.1612475,-43,41,40
1739481309.2072475,-54,89,-19
1739481309.2522476,-4,-48,-25
1739481309.2982476,52,-64,27
1739481309.3442476,72,6,-12
1739481309.3892477,18,34,-112
1739481309.4352477,69,74,12
1739481309.4812477,-65,87,-40
1739481309.5272477,-24,-5,-82
1739481309.5722475,-86,-78,120
1739481309.6182475,1,-29,38
1739481309.6642475,-25,45,-7
1739481309.7092476,43,-47,-90
1739481309.7552476,-97,45,-58
1739481309.8012476,-120,-24,44
1739481309.8472476,52,-53,-87
1739481309.8922474,68,-43,-32
1739481309.9382474,0,-27,-55
1739481309.9842474,-26,0,-14
1739481310.0292475,60,-73,-87
1739481310.0752475,54,-55,-39
1739481310.1212475,17,3,20
1739481310.1672475,-12,-24,-32
1739481310.2122476,0,-8,-86
1739481310.2582476,-9,-52,-88
1739481310.3042476,26,12,104
1739481310.3492477,-25,-44,-33
1739481310.3952477,25,-64,6
1739481310.4412477,-34,-68,-9
1739481310.4872477,-52,0,-30
1739481310.5322475,-22,33,45
1739481310.5782475,-56,-11,-130
1739481310.6242476,-56,-25,-106
1739481310.6692476,1,-68,-66
1739481310.7152476,38,-30,-34
1739481310.7612476,66,14,-71
1739481310.8072476,-45,-49,-32
1739481310.8522477,25,-80,-4
1739481310.8982477,-3,-54,97
1739481310.9442475,52,-39,-86
1739481310.9892476,-54,-50,-71
1739481311.0352476,85,17,-59
1739481311.0812476,29,55,-24
1739481311.1272476,-13,26,-27
1739481311.1722476,5,-58,4
1739481311.2182477,31,-72,123
1739481311.2642477,61,-80,69
1739481311.3092475,1,-111,-61
1739481311.3552475,-36,-154,-95
1739481311.4012475,52,-63,59
1739481311.4472475,-20,-92,-67
1739481311.4922476,-45,-58,-50
1739481311.5382476,70,75,-122
1739481311.5842476,-74,-44,-20
1739481311.6292477,59,25,40
1739481311.6752477,5,-89,135
1739481311.7212474,98,3,-42
1739481311.7672474,-1,-23,-110
1739481311.8122475,35,-89,-38
1739481311.8582475,-14,-6,31
1739481311.9042475,-5,-84,34
1739481311.9492476,20,-81,-107
1739481311.9952476,-50,-22,1
1739481312.0412476,32,-77,-38
1739481312.0872476,29,-34,-101
1739481312.1322474,86,7,-97
1739481312.1842475,16,-116,-62
1739481312.2292476,-20,72,-92
1739481312.2752476,38,-19,48
1739481312.3212476,-48,-50,-56
1739481312.3672476,50,21,19
1739481312.4122477,51,-75,-108
1739481312.4582477,16,-99,16
1739481312.5042477,7,-18,-54
1739481312.5492475,67,-95,-133
1739481312.5952475,0,59,-54
1739481312.6412475,90,-21,-89
1739481312.6872475,54,-23,-18
1739481312.7322476,33,-82,103
1739481312.7782476,-77,11,0
1739481312.8242476,-3,-104,-42
1739481312.8692474,33,50,-61
1739481312.9152474,71,68,-65
1739481312.9612474,9,-22,5
1739481313.0072474,-22,40,-20
1739481313.0522475,58,41,-50
1739481313.0982475,-9,39,-68
1739481313.1442475,-44,0,-44
1739481313.1892476,-53,-28,26
1739481313.2352476,-45,-32,51
1739481313.2812476,-24,-42,-126
1739481313.3272476,22,-77,-50
1739481313.3722477,76,-3,-46
1739481313.4182477,8,45,-128
1739481313.4642477,43,-35,22
1739481313.5092475,-4,-50,39
1739481313.5552475,106,22,89
1739481313.6012475,74,-48,-51
1739481313.6472476,-96,-67,-84
1739481313.6922476,107,-53,10
1739481313.7382476,-6,-37,-83
1739481313.7842476,-37,49,-145
1739481313.8292477,-42,-70,12
1739481313.8752477,44,-17,-130
1739481313.9212475,70,23,-58
1739481313.9672475,42,21,44
1739481314.0122476,4,-134,33
1739481314.0582476,25,-84,-30
1739481314.1042476,27,-34,-73
1739481314.1492476,-7,-139,-54
1739481314.1952477,-4,-50,84
1739481314.2412477,-33,-84,7
1739481314.2872477,-52,-26,-141
1739481314.3322475,-12,-56,-257
1739481314.3782475,-31,-34,54
1739481314.4242475,-63,-114,-34
1739481314.4692476,65,-3,-30
1739481314.5152476,-68,-66,17
1739481314.5612476,-10,84,-31
1739481314.6072476,-20,-78,25
1739481314.6522477,12,-47,-189
1739481314.6982474,-25,36,-90
1739481314.7442474,54,15,-60
1739481314.7892475,35,-6,108
1739481314.8352475,-13,-2,-75
1739481314.8812475,-24,110,40
1739481314.9272475,56,111,-86
1739481314.9722476,-43,-125,-80
1739481315.0182476,9,16,-98
1739481315.0642476,8,-84,-63
1739481315.1092474,21,49,70
1739481315.1552474,-23,7,-110
1739481315.2012477,12,160,-134
1739481315.2472477,26,-60,-12
1739481315.2922475,0,-18,-123
1739481315.3382475,-78,82,6
1739481315.3842475,-18,116,58
1739481315.4292476,76,9,-28
1739481315.4752476,13,-77,48
1739481315.5212476,-13,-19,-51
1739481315.5672476,36,-12,2
1739481315.6122477,-12,-45,-70
1739481315.6582477,2,-35,-25
1739481315.7042477,40,-100,-49
1739481315.7492476,-19,-25,-64
1739481315.7952476,78,20,9
1739481315.8412476,13,-98,-84
1739481315.8872476,15,-69,25
1739481315.9322476,29,-22,-102
1739481315.9782476,-49,-131,-157
1739481316.0242476,0,-106,28
1739481316.0692475,15,-7,-9
1739481316.1152475,-6,-13,-11
1739481316.1612475,28,-83,-56
1739481316.2072475,38,-144,-115
1739481316.2522476,-49,-10,-26
1739481316.2982476,-3,-81,-20
1739481316.3442476,-13,-70,-59
1739481316.3892477,0,-35,12
1739481316.4352477,27,-123,-74
1739481316.4812477,-19,-44,-12
1739481316.5272477,-15,50,-48
1739481316.5722475,26,-55,-63
1739481316.6182475,-22,-14,17
1739481316.6642475,58,-111,-104
1739481316.7092476,49,-71,-166
1739481316.7552476,39,-74,-68
1739481316.8012476,1,-146,-23
1739481316.8472476,35,-83,-66
1739481316.8922474,75,49,-35
1739481316.9382474,-32,-144,61
1739481316.9842474,50,87,-88
1739481317.0292475,41,-1,50
1739481317.0752475,19,-75,-69
1739481317.1212475,-37,30,-159
1739481317.1672475,-2,-96,-111
1739481317.2122476,-18,118,-89
1739481317.2582476,8,-63,20
1739481317.3042476,40,-75,72
1739481317.3492477,62,-47,-111
1739481317.3952477,-56,54,-49
1739481317.4412477,13,-103,-23
1739481317.4872477,7,-14,-46
1739481317.5322475,8,9,-17
1739481317.5782475,-3,-30,-36
1739481317.6242476,-46,-108,-44
1739481317.6692476,62,9,-12
1739481317.7152476,70,-45,58
1739481317.7612476,-75,-118,9
1739481317.8072476,17,-33,25
1739481317.8522477,-16,-25,117
1739481317.8982477,32,-55,9
1739481317.9442475,-12,24,46
1739481317.9892476,-43,-106,-185
1739481318.0352476,-84,-54,-37
1739481318.0812476,94,-175,1
1739481318.1272476,74,-99,-53
1739481318.1722476,-41,-94,-45
1739481318.2182477,-50,0,-20
1739481318.2642477,37,-23,-105
1739481318.3092475,0,-65,14
1739481318.3552475,-85,-40,-150
1739481318.4012475,33,-55,-28
1739481318.4472475,16,126,-86
1739481318.4922476,-73,4,-43
1739481318.5382476,-21,-98,-132
1739481318.5842476,8,-21,-14
1739481318.6292477,35,-19,0
1739481318.6752477,23,-19,3
1739481318.7212474,4,-80,42
1739481318.7672474,-48,104,-196
1739481318.8122475,6,6,-66
1739481318.8582475,98,31,-147
1739481318.9042475,-87,-42,32
1739481318.9492476,-9,123,-86
1739481318.9952476,-26,-176,-153
1739481319.0412476,-4,-1,-5
1739481319.0872476,39,21,-69
1739481319.1322474,-46,-70,-74
1739481319.1782477,-38,-20,-137
1739481319.2242477,106,-27,-71
1739481319.2692475,-44,-148,-63
1739481319.3152475,0,-158,13
1739481319.3612475,-8,10,-13
1739481319.4072475,-27,-30,85
1739481319.4522476,60,-27,-7
1739481319.4982476,-1,-61,-90
1739481319.5442476,-54,56,-19
1739481319.5892477,40,-43,149
1739481319.6352477,-37,38,-68
1739481319.6812477,-39,49,1
1739481319.7272477,75,-94,-65
1739481319.7722476,-76,-32,-131
1739481319.8182476,63,-51,-72
1739481319.8642476,-1,-44,-62
1739481319.9092476,1,-20,-62
1739481319.9552476,-64,-2,34
1739481320.0012476,9,-67,-44
1739481320.0472476,79,18,-37
1739481320.0922475,-11,-116,-53
1739481320.1382475,-33,119,53
1739481320.1842475,-21,-31,-8
1739481320.2292476,-16,-49,101
1739481320.2752476,-43,10,-27
1739481320.3212476,-23,-60,-13
1739481320.3672476,137,-43,2
1739481320.4122477,-5,-31,-43
1739481320.4582477,74,-17,-77
1739481320.5042477,10,-60,-56
1739481320.5492475,113,5,-109
1739481320.5952475,3,91,12
1739481320.6412475,6,-50,59
1739481320.6872475,2,-58,-54
1739481320.7322476,25,80,-27
1739481320.7782476,15,53,-6
1739481320.8242476,29,-123,-128
1739481320.8692474,-72,0,-27
1739481320.9152474,76,86,-4
1739481320.9612474,-5,-61,-51
1739481321.0072474,-75,-31,13
1739481321.0522475,6,-77,-78
1739481321.0982475,16,10,-8
1739481321.1442475,-2,-14,-23
1739481321.1892476,48,72,0
1739481321.2352476,82,-174,-61
1739481321.2812476,21,-58,31
1739481321.3272476,31,36,-8
1739481321.3722477,-57,-37,58
1739481321.4182477,81,-34,36
1739481321.4642477,25,-116,7
1739481321.5092475,-52,-129,-42
1739481321.5552475,32,-82,-28
1739481321.6012475,38,-22,-1
1739481321.6472476,44,80,-71
1739481321.6922476,60,-66,-19
1739481321.7382476,26,-9,21
1739481321.7842476,50,-122,-47
1739481321.8292477,16,17,7
1739481321.8752477,6,-38,-55
1739481321.9212475,82,-158,45
1739481321.9672475,-81,-77,-55
1739481322.0122476,-92,-3,-50
1739481322.0582476,24,-66,-125
1739481322.1042476,-63,9,-32
1739481322.1492476,-55,-185,-77
1739481322.2012477,63,-32,-5
1739481322.2472477,-30,-67,88
1739481322.2922475,2,-82,101
1739481322.3382475,57,-102,59
1739481322.3842475,-68,-5,-57
1739481322.4292476,-48,-45,-136
1739481322.4752476,-1,-67,-126
1739481322.5212476,-92,-35,-99
1739481322.5672476,-25,39,-18
1739481322.6122477,45,-60,0
1739481322.6582477,-19,-77,6
1739481322.7042477,-14,-57,-12
1739481322.7492476,-33,51,46
1739481322.7952476,22,-138,-193
1739481322.8412476,100,-64,-90
1739481322.8872476,20,82,108
1739481322.9322476,-16,-31,-126
1739481322.9782476,5,-86,-69
1739481323.0242476,99,26,-38
1739481323.0692475,-20,-17,2
1739481323.1152475,46,-138,-159
1739481323.1612475,-8,19,102
1739481323.2072475,15,-54,-66
1739481323.2522476,16,66,-36
1739481323.2982476,-60,33,-155
1739481323.3442476,70,-122,-124
1739481323.3892477,7,36,32
1739481323.4352477,8,74,-52
1739481323.4812477,-50,15,-81
1739481323.5272477,-34,-89,25
1739481323.5722475,63,-12,-106
1739481323.6182475,-46,-105,-103
1739481323.6642475,-30,73,-38
1739481323.7092476,87,-130,-105
1739481323.7552476,1,53,27
1739481323.8012476,123,-32,22
1739481323.8472476,-5,-49,66
1739481323.8922474,-17,-145,13
1739481323.9382474,41,-2,-48
1739481323.9842474,31,-58,-116
1739481324.0292475,52,-112,-71
1739481324.0752475,22,-62,-22
1739481324.1212475,-10,-27,-23
1739481324.1672475,-33,93,-38
1739481324.2122476,12,-32,-175
1739481324.2582476,1,-12,16
1739481324.3042476,27,-76,-32
1739481324.3492477,13,40,94
1739481324.3952477,-34,31,-57
1739481324.4412477,-56,-35,-36
1739481324.4872477,-13,-5,-21
1739481324.5322475,29,-64,-56
1739481324.5782475,14,-28,-5
1739481324.6242476,-101,29,-92
1739481324.6692476,-45,-23,-61
1739481324.7152476,-51,-141,65
1739481324.7612476,-27,-71,-25
1739481324.8072476,-33,-55,-87
1739481324.8522477,-24,-119,147
1739481324.8982477,71,-10,-177
1739481324.9442475,22,-28,-116
1739481324.9892476,-61,-203,-6
1739481325.0352476,42,6,-47
1739481325.0812476,-1,13,89
1739481325.1272476,-49,-35,0
1739481325.1722476,-105,55,-46
1739481325.2182477,7,-182,-52
1739481325.2642477,-28,-65,-164
1739481325.3092475,-23,-91,-177
1739481325.3552475,91,80,45
1739481325.4012475,-23,-31,-72
1739481325.4472475,-103,-13,-134
1739481325.4922476,30,88,15
1739481325.5382476,6,-70,35
1739481325.5842476,-48,-57,91
1739481325.6292477,54,4,-82
1739481325.6752477,27,-28,-46
1739481325.7212474,-4,-33,46
1739481325.7672474,-43,-97,-9
1739481325.8122475,-74,25,-16
1739481325.8582475,139,-14,-127
1739481325.9042475,33,42,68
1739481325.9492476,43,-90,-23
1739481325.9952476,-120,3,-57
1739481326.0412476,-4,-134,-143
1739481326.0872476,78,-2,43
1739481326.1322474,-17,-45,-49
1739481326.1782477,-17,-47,-58
1739481326.2242477,-16,-43,-105
1739481326.2692475,39,46,2
1739481326.3152475,-51,-73,-118
1739481326.3612475,106,-42,30
1739481326.4072475,-16,-113,-27
1739481326.4522476,-18,11,-2
1739481326.4982476,-33,-85,-65
1739481326.5442476,47,-2,-118
1739481326.5892477,-39,-149,-26
1739481326.6352477,-51,-95,19
1739481326.6812477,-67,-27,-55
1739481326.7272477,43,-90,58
1739481326.7722476,-67,-29,-5
1739481326.8182476,-26,-57,6
1739481326.8642476,47,-100,-17
1739481326.9092476,-23,-71,-133
1739481326.9552476,-5,-65,46
1739481327.0012476,-1,-144,-6
1739481327.0472476,-69,-21,-2
1739481327.0922475,-25,-69,-141
1739481327.1382475,32,54,-38
1739481327.1842475,35,-64,20
1739481327.2292476,-12,41,-96
1739481327.2752476,60,-92,-29
1739481327.3212476,29,-76,14
1739481327.3672476,35,-98,40
1739481327.4122477,-24,-65,-156
1739481327.4582477,-1,-130,-34
1739481327.5042477,82,-30,-39
1739481327.5492475,-63,-13,31
1739481327.5952475,94,-124,-105
1739481327.6412475,-75,-11,-90
1739481327.6872475,32,-22,-68
1739481327.7322476,37,24,31
1739481327.7782476,20,-108,-71
1739481327.8242476,-37,-67,-17
1739481327.8692474,-13,-68,35
1739481327.9152474,42,-38,-56
1739481327.9612474,27,44,108
1739481328.0072474,-54,-127,99
1739481328.0522475,101,14,-92
1739481328.0982475,2,-50,5
1739481328.1442475,-40,-135,-22
1739481328.1892476,-39,-117,-83
1739481328.2352476,8,-4,-47
1739481328.2812476,-7,-89,-109
1739481328.3262477,-19,-29,-114
1739481328.3722477,-1,113,13
1739481328.4182477,4,-15,60
1739481328.4642477,-30,-21,12
1739481328.5092475,-44,-41,-78
1739481328.5552475,-101,-5,23
1739481328.6012475,80,-52,-2
1739481328.6472476,26,47,37
1739481328.6922476,-79,79,-72
1739481328.7382476,3,163,-15
1739481328.7842476,-64,29,-56
1739481328.8292477,9,64,-28
1739481328.8752477,-93,6,100
1739481328.9212475,28,9,-121
1739481328.9672475,-49,50,-67
1739481329.0122476,44,-73,-20
1739481329.0582476,18,-7,67
1739481329.1042476,9,-27,-53
1739481329.1492476,2,-2,9
1739481329.1952477,-53,-1,-16
1739481329.2412477,-15,-85,26
1739481329.2862475,13,-59,-29
1739481329.3322475,-62,-35,-158
1739481329.3782475,-20,99,-97
1739481329.4242475,-5,-20,-116
1739481329.4692476,28,14,-144
1739481329.5152476,-53,15,0
1739481329.5612476,81,20,-47
1739481329.6062477,75,-20,-121
1739481329.6522477,7,-122,74
1739481329.6982474,-23,-39,-68
1739481329.7442474,-49,-30,-88
1739481329.7892475,-2,-13,-1
1739481329.8352475,4,-114,63
1739481329.8812475,-94,-36,-50
1739481329.9262476,64,-57,-53
1739481329.9722476,-75,-44,-7
1739481330.0182476,-108,-48,-10
1739481330.0642476,-31,-66,-29
1739481330.1092474,0,-79,-88
1739481330.1552474,-40,-78,-70
1739481330.2012477,-4,0,-14
1739481330.2462475,64,59,18
1739481330.2922475,-4,-119,62
1739481330.3382475,-9,65,38
1739481330.3822474,14,38,-8
1739481330.4282477,-38,33,-39
1739481330.4742477,-17,-142,-147
1739481330.5202477,-47,14,-66
1739481330.5652475,39,-154,-36
1739481330.6112475,-71,-107,80
1739481330.6572475,5,-125,15
1739481330.7022476,2,-21,-50
1739481330.7482476,-11,-77,100
1739481330.7942476,-22,-1,-70
1739481330.8402476,-58,9,-110
1739481330.8852477,-31,-121,-49
1739481330.9312477,-63,-67,76
1739481330.9772477,53,58,10
1739481331.0222476,-28,-69,1
1739481331.0682476,-29,-98,-97
1739481331.1142476,48,22,9
1739481331.1602476,-22,89,-11
1739481331.2052476,25,-92,-92
1739481331.2512476,-14,47,-26
1739481331.2972476,-20,-76,16
1739481331.3422475,0,-113,-40
1739481331.3882475,19,-86,-33
1739481331.4342475,29,-112,-37
1739481331.4802475,27,67,-83
1739481331.5252476,83,58,-48
1739481331.5712476,3,-53,26
1739481331.6172476,3,60,-24
1739481331.6622477,26,-98,36
1739481331.7082477,99,28,-60
1739481331.7542477,-42,93,-97
1739481331.8002477,-52,-110,-138
1739481331.8452475,-84,77,49
1739481331.8912475,-57,-23,-48
1739481331.9372475,35,-148,-78
1739481331.9822476,-31,-149,61
1739481332.0282476,-114,-61,23
1739481332.0742476,-14,47,-11
1739481332.1202476,14,-62,-110
1739481332.1712475,-42,-15,48
1739481332.2172475,93,78,-54
1739481332.2622476,-36,0,-44
1739481332.3082476,-5,-47,-25
1739481332.3542476,19,-68,36
1739481332.4002476,-64,42,-19
1739481332.4452477,-34,-92,-18
1739481332.4912477,17,-92,-10
1739481332.5372477,2,-133,-71
1739481332.5822475,-3,-36,8
1739481332.6282475,-63,-46,133
1739481332.6742475,-16,44,0
1739481332.7202475,68,29,-25
1739481332.7652476,21,-169,28
1739481332.8112476,33,-13,-41
1739481332.8572476,85,67,-105
1739481332.9022477,8,15,-73
1739481332.9482474,-22,10,-30
1739481332.9942474,37,5,-81
1739481333.0402474,-48,-40,-75
1739481333.0852475,10,63,-99
1739481333.1312475,4,-13,-33
1739481333.1772475,-12,-27,-62
1739481333.2222476,-30,-2,-78
1739481333.2682476,0,31,-77
1739481333.3142476,-5,-11,-124
1739481333.3602476,-83,-8,-39
1739481333.4052474,45,53,-95
1739481333.4512477,3,-144,141
1739481333.4972477,4,13,-96
1739481333.5422475,-10,6,-75
1739481333.5882475,-31,28,-16
1739481333.6342475,6,-5,-8
1739481333.6802475,8,-96,-7
1739481333.7252476,88,61,70
1739481333.7712476,-35,-50,-126
1739481333.8172476,-33,-40,-16
1739481333.8622477,51,59,-58
1739481333.9082477,46,-33,35
1739481333.9542477,32,3,-136
1739481334.0002477,-6,0,-87
1739481334.0452476,-35,83,-95
1739481334.0912476,43,-149,-134
1739481334.1372476,51,-19,84
1739481334.1822476,-43,-48,-48
1739481334.2282476,37,-31,-64
1739481334.2742476,36,-31,-44
1739481334.3202477,-2,11,-46
1739481334.3652475,29,99,-12
1739481334.4112475,-2,-76,-188
1739481334.4572475,-17,-33,-184
1739481334.5022476,-2,-11,5
1739481334.5482476,-88,-89,12
1739481334.5942476,-2,-50,-11
1739481334.6402476,-39,-103,32
1739481334.6862476,31,5,-100
1739481334.7322476,2,-98,-74
1739481334.7782476,9,61,-160
1739481334.8242476,-5,18,-65
1739481334.8692474,0,105,14
1739481334.9152474,92,0,-86
1739481334.9612474,-11,0,98
1739481335.0062475,-72,62,25
1739481335.0522475,-2,-122,49
1739481335.0982475,-39,-100,28
1739481335.1442475,-50,-2,-62
1739481335.1892476,40,-17,1
1739481335.2352476,-20,-98,-61
1739481335.2812476,26,10,-84
1739481335.3262477,-4,-63,-5
1739481335.3722477,-37,0,7
1739481335.4182477,1,-2,60
1739481335.4642477,-27,-81,1
1739481335.5092475,-67,-15,-81
1739481335.5552475,1,-5,-119
1739481335.6012475,4,-40,12
1739481335.6462476,-5,-89,13
1739481335.6922476,-16,27,61
1739481335.7382476,25,22,-28
1739481335.7842476,-6,-22,2
1739481335.8292477,56,-89,-8
1739481335.8752477,-50,-100,-46
1739481335.9212475,35,-29,5
1739481335.9662476,35,0,-64
1739481336.0122476,51,-16,39
1739481336.0582476,16,-56,4
1739481336.1042476,-1,-162,-150
1739481336.1492476,50,-38,-27
1739481336.1952477,-29,95,-127
1739481336.2412477,63,-60,-86
1739481336.2862475,-33,-9,-104
1739481336.3322475,68,-14,-19
1739481336.3782475,-49,-61,-137
1739481336.4242475,1,-128,-122
1739481336.4692476,-10,-132,-53
1739481336.5152476,-79,-119,-32
1739481336.5612476,33,-152,-18
1739481336.6062477,-22,8,21
1739481336.6522477,1,37,19
1739481336.6982474,11,-114,4
1739481336.7442474,-79,-12,28
1739481336.7892475,-35,-122,-4
1739481336.8352475,50,-53,-53
1739481336.8812475,-50,64,-42
1739481336.9262476,-43,-28,18
1739481336.9722476,-17,-96,40
1739481337.0182476,-14,-40,86
1739481337.0642476,82,21,3
1739481337.1092474,-55,52,-37
1739481337.1552474,-56,24,9
1739481337.2012477,12,-19,-62
1739481337.2462475,-98,-44,-30
1739481337.2922475,70,-101,30
1739481337.3382475,21,-66,32
1739481337.3842475,-29,-36,-146
1739481337.4292476,-16,-6,66
1739481337.4752476,51,-77,12
1739481337.5212476,-76,-56,-117
1739481337.5662477,-7,-18,0
1739481337.6122477,-14,54,4
1739481337.6582477,38,23,-81
1739481337.7042477,1,139,-30
1739481337.7492476,-83,12,-196
1739481337.7952476,-69,14,86
1739481337.8412476,-22,-15,-213
1739481337.8862476,-31,-22,-128
1739481337.9322476,8,14,-67
1739481337.9782476,2,-22,43
1739481338.0242476,-1,-41,70
1739481338.0692475,-31,-68,-32
1739481338.1152475,50,39,27
1739481338.1612475,-56,-54,-60
1739481338.2062476,80,75,-8
1739481338.2522476,-11,-65,48
1739481338.2982476,36,-111,-108
1739481338.3442476,84,-111,-90
1739481338.3892477,78,-59,84
1739481338.4352477,51,-61,62
1739481338.4812477,56,-53,89
1739481338.5262475,31,-131,-36
1739481338.5722475,-52,-84,43
1739481338.6182475,16,-115,-144
1739481338.6642475,-49,-26,-150
1739481338.7092476,-38,28,-9
1739481338.7552476,21,-41,-49
1739481338.8012476,41,51,-38
1739481338.8462474,0,-31,-11
1739481338.8922474,34,-34,-55
1739481338.9382474,-43,-106,11
1739481338.9842474,0,30,-19
1739481339.0292475,13,-123,-12
1739481339.0752475,-35,-98,-38
1739481339.1212475,10,-49,-170
1739481339.1662476,20,-103,45
1739481339.2122476,-30,-17,-47
1739481339.2582476,-58,-10,-101
1739481339.3042476,17,2,-41
1739481339.3492477,-3,-78,-56
1739481339.3952477,88,-69,-1
1739481339.4412477,1,47,-188
1739481339.4862475,-36,-124,-9
1739481339.5322475,71,-117,48
1739481339.5782475,-44,-70,-35
1739481339.6242476,-29,-2,-74
1739481339.6692476,4,142,25
1739481339.7152476,17,-73,-191
1739481339.7612476,-3,-3,103
1739481339.8062477,-140,-44,-74
1739481339.8522477,0,-39,-3
1739481339.8982477,199,-51,-104
1739481339.9442475,-5,-99,1
1739481339.9892476,-1,-131,-86
1739481340.0352476,21,27,124
1739481340.0812476,20,30,-14
1739481340.1262476,29,63,70
1739481340.1722476,-30,-94,-27
1739481340.2182477,64,83,-42
1739481340.2642477,-48,-136,-132
1739481340.3092475,-94,18,-41
1739481340.3552475,-34,-9,32
1739481340.4012475,-60,-109,-105
1739481340.4462476,-28,-107,-36
1739481340.4922476,-36,33,-61
1739481340.5382476,-18,-71,-25
1739481340.5842476,5,26,-95
1739481340.6292477,-19,5,29
1739481340.6752477,-108,87,62
1739481340.7212474,66,2,-124
1739481340.7662475,36,-60,-90
1739481340.8122475,-24,163,-96
1739481340.8582475,-25,6,55
1739481340.9042475,-16,-90,58
1739481340.9492476,16,-88,7
1739481340.9952476,32,-52,-31
1739481341.0412476,-100,-88,56
1739481341.0862474,-34,-40,23
1739481341.1322474,2,51,-28
1739481341.1782477,-1,-29,-65
1739481341.2242477,-30,-57,68
1739481341.2692475,-92,-143,-11
1739481341.3152475,16,-84,14
1739481341.3612475,-30,-68,48
1739481341.4062476,47,-2,-59
1739481341.4522476,81,-22,17
1739481341.4982476,-16,5,-87
1739481341.5442476,-20,-33,-91
1739481341.5892477,-25,-39,-1
1739481341.6352477,-11,-58,-19
1739481341.6812477,15,196,34
1739481341.7262475,71,84,-121
1739481341.7722476,49,-62,42
1739481341.8182476,-3,-20,-96
1739481341.8642476,36,2,-65
1739481341.9092476,-15,-19,-107
1739481341.9552476,-38,9,-19
1739481342.0012476,9,-12,30
1739481342.0462475,12,82,-138
1739481342.0922475,-39,59,-57
1739481342.1382475,10,-14,-46
1739481342.1892476,40,-58,72
1739481342.2352476,12,-14,87
1739481342.2812476,26,98,-74
1739481342.3262477,4,116,108
1739481342.3722477,50,50,59
1739481342.4182477,19,6,12
1739481342.4642477,-132,3,-78
1739481342.5092475,-42,13,-109
1739481342.5552475,-47,13,-107
1739481342.6012475,-23,-11,-70
1739481342.6462476,-61,-127,46
1739481342.6922476,43,-34,-60
1739481342.7382476,-16,-17,-87
1739481342.7842476,22,-58,-158
1739481342.8292477,-71,-73,-14
1739481342.8752477,-10,-79,-4
1739481342.9212475,-31,-45,-55
1739481342.9662476,39,84,114
1739481343.0122476,-22,-29,30
1739481343.0582476,52,-22,-105
1739481343.1042476,-37,-73,-65
1739481343.1492476,-60,-117,-82
1739481343.1952477,33,-148,-44
1739481343.2412477,-2,-47,21
1739481343.2862475,61,-60,64
1739481343.3322475,29,-94,-72
1739481343.3782475,-86,-17,11
1739481343.4242475,27,-46,23
1739481343.4692476,-14,3,-67
1739481343.5152476,-87,13,45
1739481343.5612476,0,-83,-21
1739481343.6062477,56,-68,-39
1739481343.6522477,-116,71,17
1739481343.6982474,46,22,17
1739481343.7442474,16,-70,-201
1739481343.7892475,62,-82,-143
1739481343.8352475,12,-43,-1
1739481343.8812475,-37,25,-138
1739481343.9262476,-86,-55,-75
1739481343.9722476,12,-14,-41
1739481344.0182476,178,-86,-115
1739481344.0642476,30,14,49
1739481344.1092474,-102,-21,12
1739481344.1552474,-35,99,58
1739481344.2012477,-2,-112,53
1739481344.2462475,-50,-11,-40
1739481344.2922475,19,10,9
1739481344.3382475,-15,11,-46
1739481344.3842475,-41,5,-158
1739481344.4292476,-5,-61,-126
1739481344.4752476,-19,-89,-54
1739481344.5212476,-13,-39,-9
1739481344.5662477,-27,49,-33
1739481344.6122477,-12,-49,-82
1739481344.6582477,-17,-40,-30
1739481344.7042477,-47,-108,-25
1739481344.7492476,29,43,6
1739481344.7952476,46,-73,-131
1739481344.8412476,-63,-20,-60
1739481344.8862476,30,-32,11
1739481344.9322476,35,-33,-9
1739481344.9782476,16,-92,16
1739481345.0242476,85,-75,-44
1739481345.0692475,15,-68,-12
1739481345.1152475,20,-41,-144
1739481345.1612475,28,-54,36
1739481345.2062476,94,-39,-125
1739481345.2522476,-2,23,-50
1739481345.2982476,43,-40,-29
1739481345.3422475,0,2,-25
1739481345.3882475,16,25,-98
1739481345.4342475,-12,-80,43
1739481345.4802475,-22,-90,-58
1739481345.5252476,4,-60,-24
1739481345.5712476,-37,26,-112
1739481345.6172476,-37,66,-47
1739481345.6622477,13,-124,-35
1739481345.7082477,-5,-7,20
1739481345.7542477,84,-17,-71
1739481345.8002477,-6,-49,44
1739481345.8452475,52,-11,-3
1739481345.8912475,-59,-64,-153
1739481345.9372475,-3,-66,67
1739481345.9822476,24,-79,-52
1739481346.0282476,-72,-118,-101
1739481346.0742476,-38,17,-64
1739481346.1202476,18,-76,66
1739481346.1652474,-6,-70,-7
1739481346.2112474,8,-100,-53
1739481346.2572474,23,-103,-7
1739481346.3022475,21,-58,28
1739481346.3482475,-39,-38,-56
1739481346.3942475,-54,-212,47
1739481346.4402475,-27,7,-38
1739481346.4852476,66,-66,2
1739481346.5312476,-27,-113,-74
1739481346.5772476,3,0,-103
1739481346.6222477,-18,-119,42
1739481346.6682477,-73,-45,5
1739481346.7142477,-42,-3,58
1739481346.7602477,183,-60,58
1739481346.8052475,61,-70,-91
1739481346.8512475,51,-38,53
1739481346.8972476,25,-24,-110
1739481346.9422476,-48,-59,-69
1739481346.9882476,-33,25,2
1739481347.0342476,0,15,-30
1739481347.0802476,-10,-36,-58
1739481347.1252477,86,38,27
1739481347.1712475,-38,-121,-104
1739481347.2172475,39,64,14
1739481347.2622476,136,-108,-58
1739481347.3082476,12,-106,-67
1739481347.3542476,-38,-19,-19
1739481347.4002476,58,-62,46
1739481347.4452477,-21,-63,39
1739481347.4912477,31,-38,-103
1739481347.5372477,-30,-133,-44
1739481347.5822475,73,46,-18
1739481347.6282475,65,48,11
1739481347.6742475,1,-72,-37
1739481347.7202475,30,-42,13
1739481347.7652476,133,-104,-102
1739481347.8112476,-31,-29,-65
1739481347.8572476,16,-92,37
1739481347.9022477,3,-89,-127
1739481347.9482474,65,-66,56
1739481347.9942474,8,-116,-35
1739481348.0402474,46,-166,30
1739481348.0852475,0,29,17
1739481348.1312475,45,-40,2
1739481348.1772475,-8,-12,-52
1739481348.2222476,-2,21,29
1739481348.2682476,35,16,-84
1739481348.3142476,5,-146,96
1739481348.3602476,50,-44,129
1739481348.4052474,25,-6,-47
1739481348.4512477,70,-54,-72
1739481348.4972477,-55,73,-37
1739481348.5422475,41,-42,25
1739481348.5882475,-24,-21,-74
1739481348.6342475,53,52,-54
1739481348.6802475,-3,-54,-7
1739481348.7252476,-40,-11,9
1739481348.7712476,87,2,-37
1739481348.8172476,-12,-182,44
1739481348.8622477,83,-11,-30
1739481348.9082477,25,-13,-78
1739481348.9542477,-41,-23,-2
1739481349.0002477,-52,-16,-39
1739481349.0452476,-14,28,-47
1739481349.0912476,-34,-78,45
1739481349.1372476,-18,-68,27
1739481349.1822476,42,53,9
1739481349.2282476,-22,12,64
1739481349.2742476,32,0,-124
1739481349.3202477,-100,-49,-25
1739481349.3652475,-8,-91,-136
1739481349.4112475,-61,-83,22
1739481349.4572475,-52,-59,46
1739481349.5022476,11,-8,-11
1739481349.5482476,-32,-23,60
1739481349.5942476,17,-32,-141
1739481349.6402476,-62,7,-48
1739481349.6852477,-1,-88,-12
1739481349.7312477,-38,-113,-56
1739481349.7772477,53,-12,0
1739481349.8222475,29,22,-59
1739481349.8682475,-40,63,-78
1739481349.9142475,46,8,-73
1739481349.9602475,61,-32,106
1739481350.0052476,-38,-117,-9
1739481350.0512476,-65,-7,-38
1739481350.0972476,-32,-15,32
1739481350.1422474,0,-84,-193
1739481350.1882474,-51,-165,-46
1739481350.2342474,22,-24,31
1739481350.2802474,-12,3,-54
1739481350.3252475,-102,-113,0
1739481350.3712475,-3,-77,21
1739481350.4172475,-61,-45,-98
1739481350.4622476,48,-134,-170
1739481350.5082476,-18,-69,-90
1739481350.5542476,-7,-25,17
1739481350.6002476,0,123,-41
1739481350.6452477,39,-87,38
1739481350.6912477,31,-111,65
1739481350.7372477,24,-8,-69
1739481350.7822475,6,-17,-113
1739481350.8282475,20,-3,66
1739481350.8742476,-38,-1,2
1739481350.9202476,7,-54,-47
1739481350.9652476,-72,44,71
1739481351.0112476,-25,-38,-84
1739481351.0572476,-73,-138,76
1739481351.1022477,-103,-86,-30
1739481351.1482477,-43,-26,29
1739481351.1942475,44,3,47
1739481351.2402475,113,-185,-83
1739481351.2852476,-30,-95,-39
1739481351.3312476,-23,57,-114
1739481351.3772476,11,-39,-66
1739481351.4222476,79,102,-86
1739481351.4682477,-14,10,-2
1739481351.5142477,-20,-61,-9
1739481351.5602477,-23,-43,9
1739481351.6052475,19,-32,-48
1739481351.6512475,-89,-45,-30
1739481351.6972475,11,-18,-60
1739481351.7422476,-38,-41,-39
1739481351.7882476,62,-36,-21
1739481351.8342476,-109,-11,-20
1739481351.8802476,17,-14,-69
1739481351.9252477,-45,-49,27
1739481351.9712474,-4,-23,-63
1739481352.0172474,-84,-37,44
1739481352.0622475,15,34,-36
1739481352.1082475,-34,15,-75
1739481352.1542475,-40,81,-132
1739481352.2052476,15,15,-31
1739481352.2512476,57,40,2
1739481352.2972476,-19,-74,90
1739481352.3422475,-23,-103,13
1739481352.3882475,43,0,31
1739481352.4342475,-18,-154,-87
1739481352.4802475,-39,-12,-32
1739481352.5252476,122,-151,-58
1739481352.5712476,45,-45,15
1739481352.6172476,-32,-23,-4
1739481352.6622477,39,-119,57
1739481352.7092476,4,-68,-131
1739481352.7552476,13,-16,-29
1739481352.8012476,11,-71,30
1739481352.8462474,25,68,8
1739481352.8922474,-36,-21,-5
1739481352.9382474,-20,8,-31
1739481352.9842474,-32,-64,36
1739481353.0292475,50,46,15
1739481353.0752475,7,-33,-57
1739481353.1212475,50,-107,-78
1739481353.1662476,64,-29,22
1739481353.2122476,43,-51,10
1739481353.2582476,30,-39,-18
1739481353.3042476,-62,23,-71
1739481353.3492477,44,-112,-75
1739481353.3952477,-15,12,40
1739481353.4412477,-27,49,8
1739481353.4862475,7,15,-11
1739481353.5322475,-35,-1,-60
1739481353.5782475,22,-68,-57
1739481353.6242476,-8,12,-57
1739481353.6692476,4,17,-54
1739481353.7152476,-11,-53,-101
1739481353.7612476,41,15,-60
1739481353.8062477,3,-90,-58
1739481353.8522477,-33,12,0
1739481353.8982477,77,-65,-94
1739481353.9442475,-7,-28,-26
1739481353.9892476,-6,54,40
1739481354.0352476,-72,-114,42
1739481354.0812476,13,51,-63
1739481354.1262476,-72,4,116
1739481354.1722476,96,37,-51
1739481354.2182477,-129,-104,-83
1739481354.2642477,-22,-85,-36
1739481354.3092475,-47,-50,-112
1739481354.3552475,-7,-47,-74
1739481354.4012475,26,-48,-66
1739481354.4462476,26,-74,57
1739481354.4922476,-3,97,-36
1739481354.5382476,6,-43,-2
1739481354.5842476,-11,-52,-126
1739481354.6292477,-78,-29,5
1739481354.6752477,-16,141,-51
1739481354.7212474,34,-65,-131
1739481354.7662475,-88,1,-58
1739481354.8122475,-38,-64,-19
1739481354.8582475,20,-89,-80
1739481354.9042475,2,63,30
1739481354.9492476,48,37,-103
1739481354.9952476,-51,32,52
1739481355.0412476,11,-103,-86
1739481355.0862474,7,-7,15
1739481355.1322474,-39,20,-26
1739481355.1782477,-10,-72,-48
1739481355.2242477,-42,-122,-10
1739481355.2692475,-12,106,66
1739481355.3152475,14,-15,-178
1739481355.3612475,-1,-67,-80
1739481355.4062476,53,-101,50
1739481355.4522476,-6,-72,-62
1739481355.4982476,14,-19,-194
1739481355.5442476,6,61,-224
1739481355.5892477,27,-25,-76
1739481355.6352477,3,-180,0
1739481355.6812477,30,85,-9
1739481355.7262475,5,-77,-114
1739481355.7722476,-82,28,-63
1739481355.8182476,-74,52,32
1739481355.8642476,-18,-130,-49
1739481355.9092476,-13,0,-48
1739481355.9552476,56,-39,7
1739481356.0012476,-18,98,58
1739481356.0462475,-18,-84,-109
1739481356.0922475,87,-86,-113
1739481356.1382475,64,-122,-95
1739481356.1842475,59,64,17
1739481356.2292476,-17,71,-32
1739481356.2752476,17,28,-23
1739481356.3212476,38,-48,50
1739481356.3662477,5,-64,-8
1739481356.4122477,-26,-131,-149
1739481356.4582477,-141,20,10
1739481356.5042477,2,-158,-134
1739481356.5492475,12,-105,-105
1739481356.5952475,-43,-56,-43
1739481356.6412475,61,-46,-34
1739481356.6862476,-72,-25,-80
1739481356.7322476,-6,53,-67
1739481356.7782476,92,-99,-120
1739481356.8242476,-47,-98,-10
1739481356.8692474,38,-46,-56
1739481356.9152474,-36,-65,-181
1739481356.9612474,-42,31,75
1739481357.0062475,-35,-125,-12
1739481357.0522475,86,-30,81
1739481357.0982475,-10,-40,-40
1739481357.1442475,27,-29,-86
1739481357.1892476,14,-25,30
1739481357.2352476,-2,-20,-102
1739481357.2812476,68,-65,-38
1739481357.3262477,-83,-70,-96
1739481357.3722477,-38,22,-1
1739481357.4182477,4,-44,-25
1739481357.4642477,-31,-100,-14
1739481357.5092475,-33,-64,-35
1739481357.5552475,4,-59,-63
1739481357.6012475,-37,2,-26
1739481357.6462476,-55,-38,60
1739481357.6922476,-55,84,-92
1739481357.7382476,-33,-66,-43
1739481357.7842476,34,-79,49
1739481357.8292477,30,58,-65
1739481357.8752477,-4,-85,-160
1739481357.9212475,-49,11,-66
1739481357.9662476,-14,-23,-60
1739481358.0122476,-28,-31,60
1739481358.0582476,-62,-147,4
1739481358.1042476,-24,0,-109
1739481358.1492476,-55,-31,-141
1739481358.1952477,0,25,-31
1739481358.2412477,152,16,-90
1739481358.2862475,-59,11,-118
1739481358.3322475,-32,12,-90
1739481358.3782475,-39,-18,-135
1739481358.4242475,38,-118,22
1739481358.4692476,-21,6,18
1739481358.5152476,25,-45,16
1739481358.5612476,15,-21,-116
1739481358.6062477,36,-103,-13
1739481358.6522477,24,-24,59
1739481358.6982474,0,-43,65
1739481358.7442474,38,81,-12
1739481358.7892475,40,-11,-34
1739481358.8352475,59,37,8
1739481358.8812475,-15,-42,-67
1739481358.9262476,28,-53,-61
1739481358.9722476,-48,59,-107
1739481359.0182476,63,-61,5
1739481359.0642476,0,-157,-42
1739481359.1092474,63,-17,-44
1739481359.1552474,-18,-11,-54
1739481359.2012477,-17,-36,-10
1739481359.2462475,18,1,-83
1739481359.2922475,-24,-66,141
1739481359.3382475,24,-53,-23
1739481359.3842475,-1,-8,-77
1739481359.4292476,15,-51,-31
1739481359.4752476,-50,0,-45
1739481359.5212476,28,-89,28
1739481359.5662477,-31,-54,-100
1739481359.6122477,32,-113,10
1739481359.6582477,54,25,-139
1739481359.7042477,-70,8,-7
1739481359.7492476,-33,-2,-48
1739481359.7952476,-10,-6,-55
1739481359.8412476,-32,58,-78
1739481359.8862476,-23,-26,-15
1739481359.9322476,101,-79,-126
1739481359.9782476,-120,-66,-101
1739481360.0242476,-30,-180,-38
1739481360.0692475,-65,-80,-119
1739481360.1152475,-74,-112,-38
1739481360.1612475,-1,-120,-87
1739481360.2062476,-19,-87,-52
1739481360.2522476,21,-161,19
1739481360.2982476,-85,-124,-72
1739481360.3442476,-17,-48,-8
1739481360.3892477,14,-73,-129
1739481360.4352477,7,-38,-100
1739481360.4812477,-30,-66,-67
1739481360.5262475,-39,40,52
1739481360.5722475,-44,-36,-20
1739481360.6182475,-53,-2,43
1739481360.6642475,53,-53,-43
1739481360.7092476,72,-171,-17
1739481360.7552476,-37,0,8
1739481360.8012476,8,31,-100
1739481360.8462474,-5,-150,-33
1739481360.8922474,20,-27,-125
1739481360.9382474,38,-155,73
1739481360.9832475,35,-129,63
1739481361.0292475,141,-121,-98
1739481361.0752475,-16,84,116
1739481361.1212475,-19,-66,-19
1739481361.1662476,121,5,66
1739481361.2122476,-13,62,-79
1739481361.2582476,-57,-112,-43
1739481361.3032477,10,-70,107
1739481361.3492477,28,-62,-127
1739481361.3952477,34,-106,24
1739481361.4412477,-52,-9,-45
1739481361.4862475,20,0,-71
1739481361.5322475,-45,-87,54
1739481361.5782475,4,-100,34
1739481361.6232476,-6,-53,7
1739481361.6692476,27,94,-143
1739481361.7152476,19,70,101
1739481361.7612476,15,-102,-13
1739481361.8062477,53,16,1
1739481361.8522477,-43,-13,86
1739481361.8982477,17,92,67
1739481361.9432476,-62,-27,-62
1739481361.9892476,9,-114,-25
1739481362.0352476,15,-92,46
1739481362.0812476,-85,-13,20
1739481362.1262476,-56,-5,-6
1739481362.1722476,46,-90,-110
1739481362.2232475,0,-43,-49
1739481362.2692475,-7,11,121
1739481362.3152475,-68,-103,5
1739481362.3612475,65,-76,-6
1739481362.4062476,-76,39,-70
1739481362.4522476,-15,-5,-78
1739481362.4982476,16,-60,4
1739481362.5432477,17,10,13
1739481362.5892477,-23,-13,-79
1739481362.6352477,7,-75,-56
1739481362.6812477,24,0,65
1739481362.7262475,-33,-15,88
1739481362.7722476,4,-59,-93
1739481362.8182476,44,-56,-80
1739481362.8622477,-24,-57,-72
1739481362.9082477,0,-64,-14
1739481362.9542477,35,32,42
1739481362.9992476,-68,23,43
1739481363.0452476,73,-32,139
1739481363.0912476,-44,-41,44
1739481363.1372476,-13,-97,-21
1739481363.1822476,-25,5,11
1739481363.2282476,64,-30,-144
1739481363.2742476,115,-10,-20
1739481363.3192475,34,-80,0
1739481363.3652475,11,-60,-36
1739481363.4112475,-3,-90,52
1739481363.4572475,-62,-104,0
1739481363.5022476,48,-89,-84
1739481363.5482476,13,43,39
1739481363.5942476,-61,20,15
1739481363.6392477,8,-23,-132
1739481363.6852477,-6,84,52
1739481363.7312477,50,-11,-106
1739481363.7772477,-36,2,72
1739481363.8222475,-11,61,-80
1739481363.8682475,104,-34,-29
1739481363.9142475,-13,-36,-62
1739481363.9592476,40,6,-155
1739481364.0052476,28,-112,-151
1739481364.0512476,-70,-21,-50
1739481364.0972476,59,40,21
1739481364.1422474,-13,61,2
1739481364.1882474,7,-106,-10
1739481364.2342474,-46,-21,-7
1739481364.2792475,5,105,-28
1739481364.3252475,-23,-59,-86
1739481364.3712475,16,-8,-8
1739481364.4172475,6,-24,66
1739481364.4622476,-24,-74,13
1739481364.5082476,-2,-25,-44
1739481364.5542476,37,117,11
1739481364.5992477,-21,-1,-120
1739481364.6452477,-14,-202,-37
1739481364.6912477,2,94,15
1739481364.7372477,37,-33,-26
1739481364.7822475,-1,45,-108
1739481364.8282475,46,73,35
1739481364.8742476,77,51,32
1739481364.9192476,-29,-8,-59
1739481364.9652476,53,7,-2
1739481365.0112476,22,-5,42
1739481365.0572476,66,-5,-1
1739481365.1022477,-45,52,-12
1739481365.1482477,9,-30,-19
1739481365.1942475,38,-7,-23
1739481365.2392476,57,-73,-36
1739481365.2852476,-39,-88,116
1739481365.3312476,0,30,-51
1739481365.3772476,-18,-102,-38
1739481365.4222476,-81,-55,17
1739481365.4682477,6,135,87
1739481365.5142477,14,-115,-80
1739481365.5592475,-45,-109,69
1739481365.6052475,71,1,20
1739481365.6512475,-11,0,-80
1739481365.6972475,21,55,-58
1739481365.7422476,-27,1,-10
1739481365.7882476,-38,49,-51
1739481365.8342476,-6,-97,-16
1739481365.8792477,-52,-65,-120
1739481365.9252477,35,-12,29
1739481365.9712474,4,-103,-89
1739481366.0172474,65,20,-210
1739481366.0622475,-58,55,-66
1739481366.1082475,-37,-53,40
1739481366.1542475,7,27,-23
1739481366.1992476,66,-79,-111
1739481366.2452476,-9,34,-12
1739481366.2912476,17,48,-175
1739481366.3372476,57,-60,41
1739481366.3822474,33,-30,-33
1739481366.4282477,-56,-58,-70
1739481366.4742477,-82,22,-135
1739481366.5192475,33,-47,-4
1739481366.5652475,0,12,6
1739481366.6112475,6,79,3
1739481366.6572475,-16,-63,67
1739481366.7022476,3,0,-88
1739481366.7482476,-37,-97,-62
1739481366.7942476,-1,23,-54
1739481366.8392477,-23,8,25
1739481366.8852477,11,63,-2
1739481366.9312477,-3,40,-61
1739481366.9772477,45,-16,-148
1739481367.0222476,-37,-17,102
1739481367.0682476,35,-60,-1
1739481367.1142476,-41,-78,-41
1739481367.1592476,88,20,10
1739481367.2052476,10,-116,30
1739481367.2512476,-39,-42,-44
1739481367.2972476,57,-17,-12
1739481367.3422475,-14,-52,81
1739481367.3882475,31,50,-95
1739481367.4342475,-37,-46,27
1739481367.4792476,-35,-91,-83
1739481367.5252476,-21,-23,-160
1739481367.5712476,-14,83,10
1739481367.6172476,-63,100,-38
1739481367.6622477,13,-95,-83
1739481367.7082477,-83,32,-108
1739481367.7542477,21,-159,53
1739481367.7992475,-32,-88,-133
1739481367.8452475,68,-23,-119
1739481367.8912475,83,-52,-11
1739481367.9372475,63,-58,-82
1739481367.9822476,5,-132,13
1739481368.0282476,-31,-5,79
1739481368.0742476,4,56,133
1739481368.1192474,87,-130,-68
1739481368.1652474,-2,-70,-29
1739481368.2112474,60,-38,11
1739481368.2572474,-35,53,-29
1739481368.3022475,-8,-27,-20
1739481368.3482475,-73,110,-57
1739481368.3942475,-44,-52,41
1739481368.4392476,-17,-64,-49
1739481368.4852476,-59,-30,-85
1739481368.5312476,34,-56,-13
1739481368.5772476,11,-65,29
1739481368.6222477,77,5,26
1739481368.6682477,35,41,75
1739481368.7142477,-8,-44,15
1739481368.7592475,22,-39,-33
1739481368.8052475,27,-111,-185
1739481368.8512475,24,29,-119
1739481368.8972476,23,146,-130
1739481368.9422476,23,-32,24
1739481368.9882476,-27,-128,-97
1739481369.0342476,7,-101,-73
1739481369.0792477,40,-105,-40
1739481369.1252477,29,-45,-8
1739481369.1712475,22,54,-63
1739481369.2172475,-31,18,-69
1739481369.2622476,27,115,25
1739481369.3082476,-23,-54,-72
1739481369.3542476,22,1,-142
1739481369.3992476,-56,-94,-40
1739481369.4452477,34,-109,60
1739481369.4912477,-14,4,-36
1739481369.5372477,-12,56,-120
1739481369.5822475,70,-75,-17
1739481369.6282475,-29,-18,-20
1739481369.6742475,-6,34,-50
1739481369.7192476,61,-13,-84
1739481369.7652476,-16,2,-108
1739481369.8112476,-84,-80,-37
1739481369.8572476,-76,35,0
1739481369.9022477,-64,-87,-1
1739481369.9482474,39,16,25
1739481369.9942474,55,-1,-83
1739481370.0392475,16,3,-45
1739481370.0852475,36,-73,54
1739481370.1312475,-90,50,-110
1739481370.1772475,22,-28,54
1739481370.2222476,36,11,-100
1739481370.2682476,15,-104,-106
1739481370.3142476,18,-48,-71
1739481370.3592474,-2,119,-63
1739481370.4052474,-38,-35,-22
1739481370.4512477,2,-30,90
1739481370.4972477,59,-108,-10
1739481370.5422475,-47,-129,-3
1739481370.5882475,-86,54,-44
1739481370.6342475,61,-41,0
1739481370.6792476,10,17,-41
1739481370.7252476,-84,-54,-88
1739481370.7712476,12,13,-27
1739481370.8172476,25,35,-24
1739481370.8622477,39,-63,-23
1739481370.9082477,-29,-82,150
1739481370.9542477,34,-155,-128
1739481370.9992476,-61,34,-66
1739481371.0452476,-14,-152,-122
1739481371.0912476,-4,-72,-28
1739481371.1372476,-10,-62,-97
1739481371.1822476,29,37,-87
1739481371.2282476,11,-139,23
1739481371.2742476,-7,-104,-11
1739481371.3192475,-31,48,-71
1739481371.3652475,63,-115,144
1739481371.4112475,30,36,-94
1739481371.4552476,36,84,-118
1739481371.5012476,2,-28,-71
1739481371.5472476,-3,-73,-10
1739481371.5932477,128,16,57
1739481371.6382475,-30,-120,-57
1739481371.6842475,-38,-37,-157
1739481371.7302475,-104,-59,-32
1739481371.7752476,88,-13,-146
1739481371.8212476,-5,-37,-25
1739481371.8672476,29,17,-16
1739481371.9132476,-27,-58,-4
1739481371.9582477,-20,6,26
1739481372.0042477,23,-27,-181
1739481372.0502477,11,45,-44
1739481372.0952475,-3,-55,39
1739481372.1412475,-36,10,0
1739481372.1872475,-27,-80,10
1739481372.2382476,-61,8,-41
1739481372.2842476,18,-70,-17
1739481372.3302476,-35,-64,-51
1739481372.3752477,-17,-34,-72
1739481372.4212475,-74,-44,-6
1739481372.4672475,0,51,-36
1739481372.5132475,101,-115,-69
1739481372.5582476,-25,-88,44
1739481372.6042476,-41,98,-127
1739481372.6502476,-45,52,20
1739481372.6952477,14,-17,72
1739481372.7412477,-25,-81,-11
1739481372.7872477,49,-67,-80
1739481372.8332477,19,-53,-131
1739481372.8782475,21,-165,-54
1739481372.9242475,44,1,69
1739481372.9702475,115,77,-122
1739481373.0152476,-64,-44,-78
1739481373.0612476,7,16,97
1739481373.1072476,73,-101,-156
1739481373.1532476,-47,-108,45
1739481373.1982474,18,-73,73
1739481373.2442474,-2,-98,58
1739481373.2902474,85,-127,-14
1739481373.3352475,-11,-46,-50
1739481373.3812475,76,-129,-74
1739481373.4272475,-63,-22,-21
1739481373.4732475,-81,50,43
1739481373.5182476,60,-51,23
1739481373.5642476,37,43,-36
1739481373.6102476,-15,4,-31
1739481373.6552474,-38,18,-21
1739481373.7012477,-73,2,15
1739481373.7472477,6,-95,-85
1739481373.7932477,-34,10,-8
1739481373.8382475,6,-7,-30
1739481373.8842475,-75,-30,-43
1739481373.9302475,47,49,-96
1739481373.9752476,-16,3,44
1739481374.0212476,43,87,-61
1739481374.0672476,-12,-28,-2
1739481374.1132476,1,-17,2
1739481374.1582477,28,-7,-26
1739481374.2042477,-13,36,-12
1739481374.2502477,-13,-70,22
1739481374.2952476,-61,-20,-51
1739481374.3412476,-53,0,-55
1739481374.3872476,-26,-20,97
1739481374.4332476,23,-101,-94
1739481374.4782476,-87,-26,5
1739481374.5242476,10,-15,7
1739481374.5702477,-22,2,-102
1739481374.6152475,-112,74,-89
1739481374.6612475,-20,-124,-70
1739481374.7072475,19,-33,47
1739481374.7532475,-81,-50,-116
1739481374.7982476,46,-85,-93
1739481374.8442476,-25,-14,-50
1739481374.8902476,16,-141,-99
1739481374.9352477,-77,-38,-77
1739481374.9812477,51,45,-16
1739481375.0272477,54,89,-55
1739481375.0732474,-36,-84,-7
1739481375.1182475,-90,96,0
1739481375.1642475,-68,-166,12
1739481375.2102475,-22,40,-17
1739481375.2552476,12,-121,-10
1739481375.3012476,-2,-13,-23
1739481375.3472476,-11,-22,-61
1739481375.3932476,56,-81,-30
1739481375.4382474,15,-27,-33
1739481375.4842474,42,35,-101
1739481375.5302474,35,-137,103
1739481375.5752475,29,37,2
1739481375.6212475,9,-169,-39
1739481375.6672475,-7,-42,51
1739481375.7132475,42,71,59
1739481375.7582476,9,-35,-85
1739481375.8042476,-3,69,93
1739481375.8502476,20,-76,19
1739481375.8952477,11,27,-53
1739481375.9412477,17,-76,-31
1739481375.9872477,4,-86,-66
1739481376.0332477,60,-74,-26
1739481376.0782475,76,-62,-12
1739481376.1242476,-78,35,-10
1739481376.1702476,75,-88,-83
1739481376.2152476,3,-30,-104
1739481376.2622476,70,32,-98
1739481376.3082476,-5,7,-25
1739481376.3542476,-54,27,-66
1739481376.3992476,-38,-31,-116
1739481376.4452477,11,-80,63
1739481376.4912477,27,0,-71
1739481376.5372477,26,-26,-144
1739481376.5822475,45,54,-41
1739481376.6282475,22,-56,29
1739481376.6742475,-37,-67,56
1739481376.7192476,-97,53,-26
1739481376.7652476,-11,-27,-81
1739481376.8112476,37,-20,31
1739481376.8572476,-47,95,29
1739481376.9022477,-5,-5,-96
1739481376.9482474,-58,-73,-26
1739481376.9942474,-35,-79,-83
1739481377.0392475,-86,31,-52
1739481377.0852475,-4,61,19
1739481377.1312475,-32,-67,-142
1739481377.1772475,51,-112,5
1739481377.2222476,-8,-31,0
1739481377.2682476,29,-114,0
1739481377.3142476,138,-42,-173
1739481377.3592474,95,-66,24
1739481377.4052474,34,38,-51
1739481377.4512477,14,-225,-33
1739481377.4972477,43,24,-10
1739481377.5422475,-71,-95,-130
1739481377.5882475,121,-10,-29
1739481377.6342475,8,-141,85
1739481377.6792476,37,-62,-43
1739481377.7252476,-49,-11,-120
1739481377.7712476,2,97,32
1739481377.8172476,-28,-37,32
1739481377.8622477,-40,-27,71
1739481377.9082477,6,-57,13
1739481377.9542477,-1,-64,3
1739481377.9992476,-39,-87,-15
1739481378.0452476,64,-32,70
1739481378.0912476,16,106,-29
1739481378.1372476,23,-68,16
1739481378.1822476,36,34,31
1739481378.2282476,-6,-65,21
1739481378.2742476,-15,-127,168
1739481378.3192475,-40,-136,-81
1739481378.3652475,-23,-44,-41
1739481378.4112475,17,-3,-144
1739481378.4572475,21,3,14
1739481378.5022476,31,-124,-74
1739481378.5482476,-80,109,8
1739481378.5942476,34,-48,-26
1739481378.6392477,-26,-75,28
1739481378.6852477,65,-132,-64
1739481378.7312477,-67,-3,-115
1739481378.7772477,-7,52,39
1739481378.8222475,-37,54,-9
1739481378.8682475,30,35,-120
1739481378.9142475,45,-29,-110
1739481378.9592476,-8,-17,-122
1739481379.0052476,22,-3,-5
1739481379.0512476,12,-21,-109
1739481379.0972476,-25,-142,-32
1739481379.1422474,99,-39,-15
1739481379.1882474,26,-106,-112
1739481379.2342474,39,-32,-110
1739481379.2792475,10,-82,19
1739481379.3252475,-23,-70,9
1739481379.3712475,-46,-34,-49
1739481379.4172475,57,37,-51
1739481379.4622476,-25,36,69
1739481379.5082476,23,-73,30
1739481379.5542476,94,-117,-103
1739481379.5992477,-7,0,55
1739481379.6452477,23,-95,-150
1739481379.6912477,3,-93,-124
1739481379.7372477,64,-25,48
1739481379.7822475,12,-93,51
1739481379.8282475,22,-47,17
1739481379.8742476,48,30,-20
1739481379.9192476,-33,-55,34
1739481379.9652476,16,-98,-38
1739481380.0112476,-76,-79,-13
1739481380.0572476,-1,-40,56
1739481380.1022477,-29,-70,45
1739481380.1482477,69,-73,-151
1739481380.1942475,36,-45,-6
1739481380.2392476,20,0,-73
1739481380.2852476,-70,-60,26
1739481380.3312476,6,-10,2
1739481380.3772476,43,-64,12
1739481380.4222476,26,61,-83
1739481380.4682477,-25,-32,60
1739481380.5142477,-34,60,73
1739481380.5592475,6,-7,-27
1739481380.6052475,-5,0,26
1739481380.6512475,-28,24,0
1739481380.6972475,-40,-118,111
1739481380.7422476,-6,-66,64
1739481380.7882476,-29,-16,-26
1739481380.8342476,-11,-126,-127
1739481380.8792477,-81,-72,-64
1739481380.9252477,17,-40,-9
1739481380.9712474,-29,-157,-58
1739481381.0172474,-28,-59,-28
1739481381.0622475,-22,-109,-4
1739481381.1082475,-58,-132,-97
1739481381.1542475,-44,-77,-141
1739481381.1992476,-32,120,-46
1739481381.2452476,-4,0,-59
1739481381.2912476,22,1,-101
1739481381.3372476,53,-9,-17
1739481381.3822474,33,3,-165
1739481381.4282477,20,-81,-90
1739481381.4742477,29,-137,23
1739481381.5192475,-55,-12,-77
1739481381.5652475,64,129,-124
1739481381.6112475,-121,-66,-97
1739481381.6572475,0,-9,-35
1739481381.7022476,-67,20,-102
1739481381.7482476,29,-19,-85
1739481381.7942476,11,33,66
1739481381.8392477,-66,-64,-60
1739481381.8852477,32,-105,-6
1739481381.9312477,-23,-22,3
1739481381.9772477,-34,4,-69
1739481382.0222476,-60,50,-93
1739481382.0682476,42,-129,-5
1739481382.1142476,15,93,-269
1739481382.1592476,59,-105,5
1739481382.2112474,48,9,-13
1739481382.2572474,1,-35,-31
1739481382.3022475,7,-8,-28
1739481382.3482475,-22,-4,-147
1739481382.3942475,63,79,-57
1739481382.4392476,9,-57,-126
1739481382.4852476,44,-83,-38
1739481382.5312476,-16,32,22
1739481382.5772476,8,-41,-23
1739481382.6222477,14,-51,-49
1739481382.6682477,-66,-116,-113
1739481382.7142477,-18,-68,44
1739481382.7592475,80,7,33
1739481382.8052475,18,64,-45
1739481382.8512475,-43,-90,-87
1739481382.8972476,-37,-116,8
1739481382.9422476,20,-9,-77
1739481382.9882476,15,-37,-61
1739481383.0342476,-8,-14,0
1739481383.0792477,70,-33,4
1739481383.1252477,13,-105,-61
1739481383.1712475,41,19,68
1739481383.2172475,1,-52,-56
1739481383.2622476,-72,-24,-46
1739481383.3082476,50,-5,-59
1739481383.3542476,-24,-128,-68
1739481383.3992476,24,41,-44
1739481383.4452477,59,-59,46
1739481383.4912477,24,-239,-5
1739481383.5372477,-46,-2,-47
1739481383.5822475,-13,-44,-3
1739481383.6282475,18,-81,-104
1739481383.6742475,53,7,-6
1739481383.7192476,-36,-126,-32
1739481383.7652476,13,-53,48
1739481383.8112476,15,-109,-2
1739481383.8572476,-32,-114,-25
1739481383.9022477,-60,24,-48
1739481383.9482474,25,-25,-77
1739481383.9942474,71,-47,-12
1739481384.0392475,22,-15,-30
1739481384.0852475,51,-1,-107
1739481384.1312475,14,-77,-18
1739481384.1772475,-17,0,-78
1739481384.2222476,37,-13,-4
1739481384.2682476,2,-206,-110
1739481384.3142476,-20,-78,22
1739481384.3592474,1,53,19
1739481384.4052474,57,59,-65
1739481384.4512477,-29,-60,-111
1739481384.4972477,-26,-144,-11
1739481384.5422475,10,-45,-157
1739481384.5882475,0,16,-13
1739481384.6342475,27,-29,48
1739481384.6792476,-36,-2,25
1739481384.7252476,-44,8,-21
1739481384.7712476,8,-31,-34
1739481384.8172476,73,-23,-93
1739481384.8622477,-18,100,39
1739481384.9082477,-44,-44,-108
1739481384.9542477,8,-109,-23
1739481384.9992476,-69,-96,-81
1739481385.0452476,10,-49,-34
1739481385.0912476,76,-83,26
1739481385.1372476,-111,-4,-54
1739481385.1822476,-70,16,8
1739481385.2282476,-76,-24,-35
1739481385.2742476,36,77,-30
1739481385.3192475,18,-37,-87
1739481385.3652475,18,54,-54
1739481385.4112475,-10,25,-155
1739481385.4572475,15,-41,48
1739481385.5022476,39,-73,-28
1739481385.5482476,-26,-64,8
1739481385.5942476,-22,10,-47
1739481385.6392477,-10,-59,-22
1739481385.6852477,30,6,-2
1739481385.7312477,86,-123,-25
1739481385.7772477,4,-62,-17
1739481385.8222475,62,-9,0
1739481385.8682475,-8,-12,15
1739481385.9142475,-30,-82,-11
1739481385.9592476,66,-19,45
1739481386.0052476,0,-98,-31
1739481386.0512476,-69,-118,-35
1739481386.0972476,-43,62,10
1739481386.1422474,20,-11,-93
1739481386.1882474,-18,-61,-26
1739481386.2342474,-27,-188,-37
1739481386.2792475,67,27,87
1739481386.3252475,14,-33,-6
1739481386.3712475,-1,-44,33
1739481386.4172475,-26,-70,85
1739481386.4622476,-14,-57,-67
1739481386.5082476,38,-16,-39
1739481386.5542476,-59,86,-77
1739481386.5992477,-32,-62,16
1739481386.6452477,-24,-74,-87
1739481386.6912477,29,-5,-83
1739481386.7372477,-32,-104,51
1739481386.7822475,-48,6,67
1739481386.8282475,15,21,-4
1739481386.8742476,-29,21,-130
1739481386.9182477,-74,-226,-20
1739481386.9642477,3,-42,-57
1739481387.0102477,34,-51,45
1739481387.0552475,78,-17,-71
1739481387.1012475,4,-69,15
1739481387.1472476,42,-44,89
1739481387.1932476,11,-94,-121
1739481387.2382476,17,-2,-143
1739481387.2842476,-22,-64,-49
1739481387.3302476,-63,6,-18
1739481387.3752477,-10,64,-66
1739481387.4212475,-45,-27,-60
1739481387.4672475,50,67,35
1739481387.5132475,49,1,-121
1739481387.5582476,58,-71,-121
1739481387.6042476,-10,64,40
1739481387.6502476,8,-103,62
1739481387.6952477,14,23,-17
1739481387.7412477,-100,-32,21
1739481387.7872477,-67,-12,-63
1739481387.8332477,0,-23,6
1739481387.8782475,-1,8,12
1739481387.9242475,90,-89,-70
1739481387.9702475,-2,15,50
1739481388.0152476,69,-51,4
1739481388.0612476,-20,18,-89
1739481388.1072476,-49,-17,-31
1739481388.1532476,19,-38,-118
1739481388.1982474,17,7,45
1739481388.2442474,-43,14,-58
1739481388.2902474,-23,-82,27
1739481388.3352475,81,-43,-91
1739481388.3812475,-90,-40,-79
1739481388.4272475,28,-37,-96
1739481388.4732475,-2,-67,-46
1739481388.5182476,-16,24,-149
1739481388.5642476,-76,-118,0
1739481388.6102476,64,-63,-119
1739481388.6552474,4,-139,36
1739481388.7012477,11,-18,-42
1739481388.7472477,39,-103,-103
1739481388.7932477,-39,-4,-52
1739481388.8382475,-44,-128,80
1739481388.8842475,-25,-38,-50
1739481388.9302475,-23,-113,-7
1739481388.9752476,-32,91,-151
1739481389.0212476,-125,-172,-29
1739481389.0672476,43,-113,-87
1739481389.1132476,39,58,-110
1739481389.1582477,-9,-62,53
1739481389.2042477,15,-2,-16
1739481389.2502477,27,-33,-62
1739481389.2952476,-26,-102,79
1739481389.3412476,-9,26,72
1739481389.3872476,-16,-101,-38
1739481389.4332476,-41,-62,-52
1739481389.4782476,94,-35,-136
1739481389.5242476,-51,64,27
1739481389.5702477,17,5,-50
1739481389.6152475,79,-123,-11
1739481389.6612475,20,-82,40
1739481389.7072475,-46,-28,28
1739481389.7532475,92,52,-17
1739481389.7982476,-37,-48,-48
1739481389.8442476,116,9,-33
1739481389.8902476,1,-46,-52
1739481389.9352477,-34,18,-1
1739481389.9812477,-81,24,-72
1739481390.0272477,88,13,109
1739481390.0732474,-31,-90,8
1739481390.1182475,4,-138,53
1739481390.1642475,-20,2,-17
1739481390.2102475,39,-28,-13
1739481390.2552476,-71,-134,-67
1739481390.3012476,47,-7,-30
1739481390.3472476,-24,-70,-84
1739481390.3932476,-108,34,-4
1739481390.4382474,11,-85,-128
1739481390.4842474,-5,-11,-9
1739481390.5302474,-59,-34,-55
1739481390.5752475,14,-51,-154
1739481390.6212475,-47,-126,-90
1739481390.6672475,-1,32,48
1739481390.7132475,21,121,43
1739481390.7582476,-25,24,-41
1739481390.8042476,-9,17,-33
1739481390.8502476,-42,48,-115
1739481390.8952477,-21,30,-19
1739481390.9412477,-45,-90,-18
1739481390.9872477,-11,65,-60
1739481391.0332477,11,-5,-2
1739481391.0782475,24,-51,1
1739481391.1242476,1,-33,-140
1739481391.1702476,-1,-94,-24
1739481391.2152476,-75,-42,104
1739481391.2612476,17,-57,-72
1739481391.3072476,-44,-8,30
1739481391.3532476,27,-21,-183
1739481391.3982477,85,97,-10
1739481391.4442475,20,-75,-81
1739481391.4902475,14,-13,0
1739481391.5352476,19,-141,-21
1739481391.5812476,54,-71,-128
1739481391.6272476,-1,36,2
1739481391.6732476,22,-71,-58
1739481391.7182477,-37,-64,35
1739481391.7642477,21,-119,-49
1739481391.8102477,-1,-60,40
1739481391.8552475,124,29,27
1739481391.9012475,-1,-53,-1
1739481391.9472475,33,-3,-12
1739481391.9932475,-21,74,0
1739481392.0382476,80,69,-57
1739481392.0842476,54,-23,-130
1739481392.1302476,32,139,91
1739481392.1752477,11,-116,-96
1739481392.2282476,-33,-92,1
1739481392.2742476,26,-97,30
1739481392.3192475,17,3,-15
1739481392.3652475,69,41,-12
1739481392.4112475,-51,-68,-38
1739481392.4572475,60,-129,-125
1739481392.5022476,29,-171,45
1739481392.5482476,58,43,-64
1739481392.5942476,13,80,-139
1739481392.6392477,68,-33,6
1739481392.6852477,8,-87,-23
1739481392.7312477,62,59,81
1739481392.7762475,12,-39,-5
1739481392.8222475,19,-93,-209
1739481392.8682475,33,34,12
1739481392.9142475,3,60,-131
1739481392.9592476,42,3,-51
1739481393.0052476,29,-25,-104
1739481393.0512476,2,-124,-67
1739481393.0962474,49,159,52
1739481393.1422474,96,-13,-21
1739481393.1882474,16,-57,53
1739481393.2342474,103,-19,-47
1739481393.2792475,9,-58,-59
1739481393.3252475,56,-15,-66
1739481393.3712475,-12,71,14
1739481393.4162476,10,3,19
1739481393.4622476,-86,64,129
1739481393.5082476,-11,-48,-57
1739481393.5542476,-51,-17,62
1739481393.5992477,-105,34,-48
1739481393.6452477,-6,-184,97
1739481393.6912477,-42,-22,-54
1739481393.7362475,0,-13,-64
1739481393.7822475,-2,38,-26
1739481393.8282475,1,22,-103
1739481393.8742476,99,-39,0
1739481393.9192476,-50,-42,-122
1739481393.9652476,50,-27,-81
1739481394.0112476,11,-80,-24
1739481394.0562477,-73,30,56
1739481394.1022477,13,0,-17
1739481394.1482477,-9,-118,5
1739481394.1942475,-27,14,-51
1739481394.2392476,88,-39,-31
1739481394.2852476,10,0,-80
1739481394.3312476,12,-38,44
1739481394.3762476,-52,40,-155
1739481394.4222476,73,-19,9
1739481394.4682477,-38,-46,-79
1739481394.5142477,8,-62,-46
1739481394.5592475,24,-53,-75
1739481394.6052475,0,44,74
1739481394.6512475,89,21,-8
1739481394.6962476,-6,6,-100
1739481394.7422476,82,21,-115
1739481394.7882476,6,-45,-45
1739481394.8342476,30,-45,-88
1739481394.8792477,-72,-76,-42
1739481394.9252477,-91,-38,48
1739481394.9712474,23,58,-83
1739481395.0162475,16,-86,-181
1739481395.0622475,56,-107,-93
1739481395.1082475,11,75,-107
1739481395.1542475,37,-41,-90
1739481395.1992476,23,57,97
1739481395.2452476,-18,-196,-118
1739481395.2912476,-2,0,77
1739481395.3362474,-22,-14,-39
1739481395.3822474,57,91,-2
1739481395.4282477,66,5,-48
1739481395.4742477,31,-19,19
1739481395.5192475,-10,-34,-61
1739481395.5652475,38,141,16
1739481395.6112475,71,-27,-1
1739481395.6562476,-50,0,-38
1739481395.7022476,-40,-50,-24
1739481395.7482476,-74,-86,-91
1739481395.7942476,41,-67,8
1739481395.8392477,16,-123,-25
1739481395.8852477,60,-3,-10
1739481395.9312477,51,-87,-133
1739481395.9762475,-92,-12,-24
1739481396.0222476,81,15,-157
1739481396.0682476,-29,-20,-204
1739481396.1142476,-23,20,-75
1739481396.1592476,-32,-12,0
1739481396.2052476,-22,-6,-122
1739481396.2512476,-30,-104,-20
1739481396.2962475,64,-95,-58
1739481396.3422475,-109,-24,21
1739481396.3882475,-85,30,-14
1739481396.4342475,-2,-40,-79
1739481396.4792476,-25,56,-54
1739481396.5252476,0,-54,-67
1739481396.5712476,27,15,-43
1739481396.6162477,78,-41,-100
1739481396.6622477,-19,-84,-11
1739481396.7082477,4,19,-166
1739481396.7542477,-22,12,-39
1739481396.7992475,61,-103,-34
1739481396.8452475,17,-3,28
1739481396.8912475,3,-21,2
1739481396.9362476,-11,-134,-156
1739481396.9822476,51,21,45
1739481397.0282476,-39,-14,-48
1739481397.0742476,10,151,-88
1739481397.1192474,-25,-48,-65
1739481397.1652474,36,-101,8
1739481397.2112474,-39,-7,-6
1739481397.2562475,-28,13,2
1739481397.3022475,-35,-21,8
1739481397.3482475,-10,29,-103
1739481397.3942475,-9,-33,-8
1739481397.4392476,-90,11,-7
1739481397.4852476,-89,1,-111
1739481397.5312476,-35,71,-85
1739481397.5762477,2,-61,-4
1739481397.6222477,-22,-61,-5
1739481397.6682477,-58,-17,112
1739481397.7142477,51,-44,-29
1739481397.7592475,-109,-89,-121
1739481397.8052475,-30,39,-4
1739481397.8512475,-48,13,-100
1739481397.8962476,-31,-85,-125
1739481397.9422476,-45,29,1
1739481397.9882476,-7,-37,0
1739481398.0342476,-45,-21,-102
1739481398.0792477,-23,-7,36
1739481398.1252477,5,-18,-34
1739481398.1712475,5,-136,-134
1739481398.2162476,27,24,34
1739481398.2622476,-78,55,-90
1739481398.3082476,-8,-51,-23
1739481398.3542476,-19,63,-39
1739481398.3992476,14,82,31
1739481398.4452477,35,22,34
1739481398.4912477,-58,105,33
1739481398.5362475,-7,-61,34
1739481398.5822475,36,-38,-89
1739481398.6282475,-14,-19,-13
1739481398.6742475,-66,-31,89
1739481398.7192476,25,-59,86
1739481398.7652476,-95,-93,-58
1739481398.8112476,-31,93,0
1739481398.8562477,40,-118,-79
1739481398.9022477,29,-128,7
1739481398.9482474,0,119,-18
1739481398.9942474,4,-21,27
1739481399.0392475,27,-235,64
1739481399.0852475,39,72,32
1739481399.1312475,12,-86,44
1739481399.1762476,-19,-113,9
1739481399.2222476,6,16,21
1739481399.2682476,-24,-97,-24
1739481399.3142476,0,-100,-21
1739481399.3592474,-42,-57,0
1739481399.4052474,27,-110,-102
1739481399.4512477,-2,-74,-84
1739481399.4962475,-74,-29,46
1739481399.5422475,-12,-81,-3
1739481399.5882475,-6,-85,-16
1739481399.6342475,-62,-83,-81
1739481399.6792476,-11,67,-26
1739481399.7252476,45,52,-39
1739481399.7712476,4,88,101
1739481399.8162477,-17,39,-53
1739481399.8622477,-53,41,-56
1739481399.9082477,19,-162,-49
1739481399.9542477,-9,-49,-250
1739481399.9992476,-17,-105,-25
1739481400.0452476,-28,-9,-115
1739481400.0912476,-51,5,1
1739481400.1362476,-71,57,30
1739481400.1822476,-45,-81,-6
1739481400.2282476,-63,-41,8
1739481400.2742476,49,-18,28
1739481400.3192475,-15,-25,9
1739481400.3652475,-2,-54,-82
1739481400.4112475,45,-17,-53
1739481400.4562476,-87,-60,-178
1739481400.5022476,-13,-95,20
1739481400.5482476,9,-30,-167
1739481400.5942476,-39,0,-131
1739481400.6392477,50,-84,19
1739481400.6852477,-18,-7,-58
1739481400.7312477,2,-60,-22
1739481400.7762475,-59,-139,-2
1739481400.8222475,-59,13,-45
1739481400.8682475,-47,-2,-20
1739481400.9142475,12,17,-1
1739481400.9592476,-24,-60,-6
1739481401.0052476,79,7,8
1739481401.0512476,56,-149,43
1739481401.0962474,46,59,-50
1739481401.1422474,-41,-66,-180
1739481401.1882474,26,-45,-12
1739481401.2342474,-7,-26,14
1739481401.2792475,33,-128,-108
1739481401.3252475,-23,-129,-43
1739481401.3712475,26,38,-37
1739481401.4162476,-41,-9,57
1739481401.4622476,62,-46,-27
1739481401.5082476,58,-26,-47
1739481401.5542476,9,-70,-45
1739481401.5992477,-27,-59,-100
1739481401.6452477,-17,100,16
1739481401.6912477,-35,-98,-37
1739481401.7362475,56,-11,-33
1739481401.7822475,6,38,-55
1739481401.8282475,33,-85,9
1739481401.8742476,29,-69,-131
1739481401.9192476,-76,-46,11
1739481401.9652476,48,-1,-42
1739481402.0112476,24,-104,-91
1739481402.0562477,-6,-99,-178
1739481402.1022477,4,-32,-98
1739481402.1482477,11,-46,-23
1739481402.1942475,62,-90,-40
1739481402.2452476,-34,-22,100
1739481402.2912476,-2,-44,-111
1739481402.3362474,17,-108,-128
1739481402.3822474,-14,-18,-94
1739481402.4282477,2,-90,9
1739481402.4742477,16,39,-10
1739481402.5192475,12,28,16
1739481402.5652475,-33,-66,-108
1739481402.6112475,7,0,27
1739481402.6562476,26,14,-135
1739481402.7022476,-44,38,32
1739481402.7482476,11,-65,-93
1739481402.7942476,0,-36,-79
1739481402.8392477,115,-69,-8
1739481402.8842475,96,-61,-85
1739481402.9302475,-66,52,-19
1739481402.9752476,26,5,-57
1739481403.0212476,13,29,43
1739481403.0672476,-40,-90,-48
1739481403.1122477,-17,-26,-24
1739481403.1582477,-37,36,-132
1739481403.2042477,-6,84,-79
1739481403.2502477,12,5,48
1739481403.2952476,-5,-93,-119
1739481403.3412476,66,-177,-16
1739481403.3872476,33,97,-148
1739481403.4322476,36,-19,-127
1739481403.4782476,103,-105,-38
1739481403.5242476,4,18,-139
1739481403.5702477,18,65,-136
1739481403.6152475,-25,-76,-72
1739481403.6612475,-51,-90,-72
1739481403.7072475,-27,32,60
1739481403.7522476,22,-21,64
1739481403.7982476,77,35,-111
1739481403.8442476,-68,134,41
1739481403.8902476,-86,28,-1
1739481403.9352477,2,-168,-3
1739481403.9812477,15,-1,47
1739481404.0272477,70,-79,-77
1739481404.0722475,-15,-66,115
1739481404.1182475,-47,-154,-87
1739481404.1642475,6,-45,45
1739481404.2102475,-24,60,-97
1739481404.2552476,-2,-1,7
1739481404.3012476,-16,62,-10
1739481404.3472476,-25,-116,-169
1739481404.3922474,60,-21,54
1739481404.4382474,50,53,-23
1739481404.4842474,12,21,-1
1739481404.5302474,-45,24,8
1739481404.5752475,-33,18,28
1739481404.6212475,-14,-6,-82
1739481404.6672475,77,67,-25
1739481404.7122476,-38,2,-233
1739481404.7582476,0,-32,-72
1739481404.8042476,60,1,-113
1739481404.8502476,35,-80,-147
1739481404.8952477,19,-162,36
1739481404.9412477,15,-2,-100
1739481404.9872477,-54,52,-50
1739481405.0322475,41,-33,-3
1739481405.0782475,0,-86,-50
1739481405.1242476,12,-87,-73
1739481405.1702476,28,27,78
1739481405.2152476,5,-8,-197
1739481405.2612476,-81,-21,-137
1739481405.3072476,37,19,23
1739481405.3522477,-11,-75,-116
1739481405.3982477,-48,-6,-46
1739481405.4442475,-14,-126,-71
1739481405.4902475,-56,-91,-54
1739481405.5352476,1,2,-126
1739481405.5812476,0,-128,6
1739481405.6272476,-15,51,-111
1739481405.6722476,66,-10,14
1739481405.7182477,3,-40,-176
1739481405.7642477,49,48,-102
1739481405.8102477,34,34,92
1739481405.8552475,24,-78,6
1739481405.9012475,-15,31,9
1739481405.9472475,71,-14,7
1739481405.9922476,-35,-67,28
1739481406.0382476,-27,39,-53
1739481406.0842476,19,-62,-109
1739481406.1302476,-22,-103,-27
1739481406.1752477,56,92,-34
1739481406.2212474,9,-60,-53
1739481406.2672474,5,-63,-115
1739481406.3122475,-39,79,-72
1739481406.3582475,38,20,46
1739481406.4042475,-40,-9,3
1739481406.4502475,9,-34,82
1739481406.4952476,16,-86,-49
1739481406.5412476,-1,-108,19
1739481406.5872476,95,-18,-2
1739481406.6322474,47,-60,5
1739481406.6782477,-35,15,6
1739481406.7242477,-46,19,-41
1739481406.7702477,42,66,-76
1739481406.8152475,24,56,-125
1739481406.8612475,-44,33,-56
1739481406.9072475,-64,-85,-64
1739481406.9522476,67,-20,5
1739481406.9982476,65,-100,-83
1739481407.0442476,21,-94,-173
1739481407.0902476,-28,27,-16
1739481407.1352477,-8,-48,-66
1739481407.1812477,-29,-3,-57
1739481407.2272477,-69,-5,94
1739481407.2722476,-45,43,0
1739481407.3182476,40,28,8
1739481407.3642476,7,30,108
1739481407.4102476,-26,-35,-94
1739481407.4552476,-79,-41,-44
1739481407.5012476,-15,-79,29
1739481407.5472476,5,-69,-54
1739481407.5922475,12,-72,81
1739481407.6382475,2,-27,-95
1739481407.6842475,-51,-27,-108
1739481407.7302475,-37,-73,30
1739481407.7752476,80,-94,-52
1739481407.8212476,-42,95,-24
1739481407.8672476,167,-28,79
1739481407.9122477,61,-126,-56
1739481407.9582477,-27,-103,2
1739481408.0042477,11,-92,-48
1739481408.0502477,83,-48,25
1739481408.0952475,50,-14,-72
1739481408.1412475,13,-46,-3
1739481408.1872475,0,-39,-23
1739481408.2322476,81,-40,-87
1739481408.2782476,67,-88,-60
1739481408.3242476,50,-36,131
1739481408.3702476,2,-19,25
1739481408.4152474,38,-142,6
1739481408.4612474,-17,-9,-39
1739481408.5072474,24,-52,-150
1739481408.5522475,20,2,-145
1739481408.5982475,-9,-7,-45
1739481408.6442475,12,16,-30
1739481408.6902475,-5,45,46
1739481408.7352476,0,40,-33
1739481408.7812476,9,-23,13
1739481408.8272476,8,-96,-82
1739481408.8722477,41,73,-60
1739481408.9182477,7,-10,-8
1739481408.9642477,83,36,-144
1739481409.0102477,-28,85,-57
1739481409.0552475,-31,-7,-112
1739481409.1012475,21,64,-46
1739481409.1472476,-29,13,-111
1739481409.1922476,-49,-81,-119
1739481409.2382476,-40,2,3
1739481409.2842476,97,-34,-1
1739481409.3302476,117,-30,-92
1739481409.3752477,-95,-73,50
1739481409.4212475,-29,-1,-110
1739481409.4672475,23,-71,8
1739481409.5122476,13,62,-42
1739481409.5582476,22,-45,-74
1739481409.6042476,-4,-89,20
1739481409.6502476,42,-126,54
1739481409.6952477,23,-39,78
1739481409.7412477,-16,91,-102
1739481409.7872477,-44,-127,-33
1739481409.8322475,-24,-52,-138
1739481409.8782475,-27,19,62
1739481409.9242475,32,-23,122
1739481409.9702475,-63,-2,28
1739481410.0152476,10,-50,29
1739481410.0612476,-40,11,-107
1739481410.1072476,-5,-83,48
1739481410.1522477,-56,-9,-77
1739481410.1982474,0,-79,-7
1739481410.2442474,10,-6,50
1739481410.2902474,2,-184,-49
1739481410.3352475,50,-94,-13
1739481410.3812475,-12,-65,-89
1739481410.4272475,-11,27,-27
1739481410.4722476,70,32,28
1739481410.5182476,33,0,-115
1739481410.5642476,12,10,-110
1739481410.6102476,5,-56,40
1739481410.6552474,7,-92,-25
1739481410.7012477,-13,-8,-12
1739481410.7472477,85,19,-133
1739481410.7922475,-17,-26,-67
1739481410.8382475,33,-159,-103
1739481410.8842475,-23,-24,32
1739481410.9302475,21,-13,-48
1739481410.9752476,21,45,59
1739481411.0212476,-2,29,2
1739481411.0672476,23,-5,-182
1739481411.1122477,-16,-19,-79
1739481411.1582477,77,-59,-82
1739481411.2042477,-125,14,-85
1739481411.2502477,28,-97,0
1739481411.2952476,59,-95,-73
1739481411.3412476,4,20,-122
1739481411.3872476,-35,-34,-84
1739481411.4322476,54,-204,-76
1739481411.4782476,57,36,96
1739481411.5242476,40,-54,-145
1739481411.5702477,-51,27,-93
1739481411.6152475,34,64,42
1739481411.6612475,37,-54,7
1739481411.7072475,-2,17,-22
1739481411.7522476,18,-88,-63
1739481411.7982476,16,44,-58
1739481411.8442476,18,-60,75
1739481411.8902476,57,-36,-20
1739481411.9352477,1,-4,-168
1739481411.9812477,-39,-101,26
1739481412.0272477,-41,-97,30
1739481412.0722475,-56,15,51
1739481412.1182475,-39,-21,-10
1739481412.1642475,26,-73,-124
1739481412.2102475,-60,-6,61
1739481412.2612476,76,50,-83
1739481412.3072476,-1,-92,-33
1739481412.3522477,-18,25,-68
1739481412.3982477,-13,-105,-12
1739481412.4442475,75,-94,6
1739481412.4902475,-26,5,-20
1739481412.5352476,-32,0,11
1739481412.5812476,-43,-87,-50
1739481412.6272476,21,-28,-207
1739481412.6722476,0,89,39
1739481412.7182477,-40,-34,-50
1739481412.7642477,9,-83,-64
1739481412.8102477,27,15,-96
1739481412.8552475,113,-99,-96
1739481412.9012475,45,-27,-80
1739481412.9472475,-12,-34,-16
1739481412.9922476,0,-138,-152
1739481413.0382476,-9,-28,-81
1739481413.0842476,-1,-15,-15
1739481413.1302476,2,-63,-74
1739481413.1752477,-16,-48,-103
1739481413.2212474,37,-53,-76
1739481413.2672474,-35,19,26
1739481413.3122475,-10,-118,-118
1739481413.3582475,-61,-87,-35
1739481413.4042475,-63,-71,-132
1739481413.4502475,-1,-47,-10
1739481413.4952476,-49,73,-86
1739481413.5412476,-6,3,-117
1739481413.5872476,16,-38,-69
1739481413.6322474,-27,11,-73
1739481413.6782477,-9,33,43
1739481413.7242477,-48,0,2
1739481413.7702477,-8,-28,-11
1739481413.8152475,-42,50,-110
1739481413.8612475,33,31,-51
1739481413.9072475,-16,-72,-120
1739481413.9522476,96,-77,-18
1739481413.9982476,-19,7,41
1739481414.0442476,-39,80,-23
1739481414.0902476,-28,37,-40
1739481414.1352477,-80,29,38
1739481414.1812477,-53,-39,13
1739481414.2272477,-85,71,18
1739481414.2722476,-76,-31,55
1739481414.3182476,-5,-2,-70
1739481414.3642476,-23,-78,17
1739481414.4102476,-34,71,30
1739481414.4552476,5,-14,-15
1739481414.5012476,-87,7,-95
1739481414.5472476,48,79,-54
1739481414.5922475,-16,-71,68
1739481414.6382475,-29,-61,-20
1739481414.6842475,-59,-33,-60
1739481414.7302475,29,-54,-16
1739481414.7752476,17,-52,-31
1739481414.8212476,9,4,30
1739481414.8672476,-57,-175,1
1739481414.9122477,10,-27,-62
1739481414.9582477,-72,-30,-3
1739481415.0042477,82,3,-114
1739481415.0502477,-20,26,75
1739481415.0952475,28,43,-65
1739481415.1412475,-14,22,-26
1739481415.1872475,-19,72,38
1739481415.2322476,8,-40,-20
1739481415.2782476,7,69,119
1739481415.3242476,11,59,-8
1739481415.3702476,-7,14,-6
1739481415.4152474,-7,-59,51
1739481415.4612474,30,-25,-45
1739481415.5072474,27,-86,84
1739481415.5522475,-14,-172,-29
1739481415.5982475,-47,-27,-43
1739481415.6442475,-118,-156,37
1739481415.6902475,-24,-56,-78
1739481415.7352476,50,-52,-164
1739481415.7812476,9,-138,-38
1739481415.8272476,56,-49,-44
1739481415.8722477,0,-62,0
1739481415.9182477,-14,90,-43
1739481415.9642477,-103,46,15
1739481416.0102477,-12,40,-94
1739481416.0552475,-6,37,-3
1739481416.1012475,-40,-110,0
1739481416.1472476,24,27,-107
1739481416.1922476,70,-43,-8
1739481416.2382476,12,23,59
1739481416.2842476,-41,-28,105
1739481416.3302476,-52,-132,-31
1739481416.3752477,-12,79,-17
1739481416.4212475,-9,0,-162
1739481416.4672475,-42,-53,17
1739481416.5122476,-35,-34,31
1739481416.5582476,-93,12,-54
1739481416.6042476,-62,-8,10
1739481416.6502476,-6,57,-13
1739481416.6952477,33,19,-79
1739481416.7412477,19,-7,-127
1739481416.7872477,-63,-34,-108
1739481416.8322475,36,-14,0
1739481416.8782475,-19,-1,-25
1739481416.9242475,-2,28,49
1739481416.9702475,-18,62,142
1739481417.0152476,-2,-28,-10
1739481417.0612476,24,-10,-70
1739481417.1072476,-2,-10,-38
1739481417.1522477,-58,34,-82
1739481417.1982474,-17,-22,15
1739481417.2442474,-5,38,5
1739481417.2902474,-64,20,-16
1739481417.3352475,-76,0,-53
1739481417.3812475,23,-17,3
1739481417.4272475,6,-13,-89
1739481417.4722476,29,-35,4
1739481417.5182476,-50,-98,-53
1739481417.5642476,-23,-50,-142
1739481417.6102476,28,-157,-103
1739481417.6552474,6,16,-159
1739481417.7012477,61,-163,-52
1739481417.7472477,-58,58,62
1739481417.7922475,-33,13,-148
1739481417.8382475,-63,0,-48
1739481417.8842475,15,-95,-142
1739481417.9302475,43,-23,-122
1739481417.9752476,2,-156,22
1739481418.0212476,80,23,-45
1739481418.0672476,-76,-28,60
1739481418.1122477,52,-9,97
1739481418.1582477,-16,-86,-39
1739481418.2042477,29,-25,-25
1739481418.2502477,-20,-75,-45
1739481418.2952476,9,-36,0
1739481418.3412476,-21,-80,0
1739481418.3872476,-12,-48,21
1739481418.4322476,-71,36,75
1739481418.4782476,36,-75,7
1739481418.5242476,12,-69,-15
1739481418.5702477,-6,-38,-82
1739481418.6152475,8,0,-137
1739481418.6612475,5,-77,7
1739481418.7072475,-25,-50,-32
1739481418.7522476,-9,-26,0
1739481418.7982476,16,-41,-18
1739481418.8442476,13,65,-72
1739481418.8902476,-20,-51,-65
1739481418.9352477,-11,-42,29
1739481418.9812477,-2,-22,-25
1739481419.0272477,7,117,-123
1739481419.0722475,-27,0,31
1739481419.1182475,35,29,16
1739481419.1642475,-42,-48,8
1739481419.2102475,-72,-82,59
1739481419.2552476,-28,-34,-60
1739481419.3012476,54,-47,-60
1739481419.3472476,48,19,-70
1739481419.3922474,9,0,40
1739481419.4382474,5,-35,-78
1739481419.4842474,41,37,-111
1739481419.5302474,-21,-40,49
1739481419.5752475,54,43,-73
1739481419.6212475,-34,20,-100
1739481419.6672475,-53,118,-156
1739481419.7122476,-46,-20,22
1739481419.7582476,59,55,51
1739481419.8042476,-2,-38,-9
1739481419.8502476,-80,37,60
1739481419.8952477,59,-92,124
1739481419.9412477,-15,4,-82
1739481419.9872477,-85,-49,0
1739481420.0322475,37,-42,-97
1739481420.0782475,4,99,-23
1739481420.1242476,52,-76,-24
1739481420.1702476,-7,-26,22
1739481420.2152476,22,8,-117
1739481420.2612476,16,-57,62
1739481420.3072476,45,-70,78
1739481420.3522477,-9,-24,-17
1739481420.3982477,11,60,-39
1739481420.4442475,-67,-89,46
1739481420.4902475,25,54,-20
1739481420.5352476,-25,-77,-55
1739481420.5812476,14,2,-82
1739481420.6272476,4,-5,-91
1739481420.6722476,53,-8,13
1739481420.7182477,50,-108,-62
1739481420.7642477,-24,-119,98
1739481420.8102477,8,122,0
1739481420.8552475,-21,3,-88
1739481420.9012475,95,20,-57
1739481420.9472475,-26,-115,-214
1739481420.9922476,108,-64,-49
1739481421.0382476,39,-118,-72
1739481421.0842476,8,-62,-108
1739481421.1302476,55,-2,-17
1739481421.1752477,60,-16,59
1739481421.2212474,1,-63,-72
1739481421.2672474,102,0,105
1739481421.3122475,58,-50,-27
1739481421.3582475,-85,-7,32
1739481421.4042475,-28,-75,-10
1739481421.4502475,-5,-70,-25
1739481421.4952476,-135,39,-53
1739481421.5412476,-32,71,-56
1739481421.5872476,-33,-49,-59
1739481421.6322474,22,38,-8
1739481421.6782477,-26,-164,-155
1739481421.7242477,110,-66,-101
1739481421.7702477,-21,-75,-80
1739481421.8152475,-25,35,-172
1739481421.8612475,81,-82,-32
1739481421.9072475,-4,-30,-64
1739481421.9522476,-15,-21,-90
1739481421.9982476,62,-32,-87
1739481422.0442476,-4,-47,-64
1739481422.0902476,-101,37,8
1739481422.1352477,-4,-44,-46
1739481422.1812477,96,20,-59
1739481422.2272477,17,-116,-128
1739481422.2782476,-23,-104,-97
1739481422.3242476,55,-38,19
1739481422.3702476,106,-50,30
1739481422.4152474,57,14,-19
1739481422.4612474,83,-10,-152
1739481422.5072474,-3,-43,14
1739481422.5522475,7,-26,-14
1739481422.5982475,30,-32,-123
1739481422.6442475,35,36,0
1739481422.6902475,-85,-27,23
1739481422.7352476,-28,-30,-16
1739481422.7812476,-21,27,-20
1739481422.8272476,89,8,-116
1739481422.8722477,-72,-43,95
1739481422.9182477,-84,-53,-98
1739481422.9642477,-24,5,-26
1739481423.0102477,48,46,-22
1739481423.0552475,12,-28,-15
1739481423.1012475,45,-64,-52
1739481423.1472476,-28,-121,38
1739481423.1922476,-25,-75,-25
1739481423.2382476,-39,0,-43
1739481423.2842476,-30,-39,-86
1739481423.3302476,-116,37,60
1739481423.3752477,-4,-82,50
1739481423.4212475,6,5,-147
1739481423.4672475,-10,-110,-46
1739481423.5122476,36,-109,-13
1739481423.5582476,12,-63,-41
1739481423.6042476,-3,-4,28
1739481423.6502476,-68,-75,51
1739481423.6952477,-55,65,-110
1739481423.7412477,3,-9,-66
1739481423.7872477,8,-68,79
1739481423.8322475,-77,-49,39
1739481423.8782475,-60,-45,-60
1739481423.9242475,19,-14,28
1739481423.9702475,-13,29,-10
1739481424.0152476,71,-86,-82
1739481424.0612476,-45,-81,-14
1739481424.1072476,52,-90,-49
1739481424.1522477,-8,-101,15
1739481424.1982474,-58,-29,-18
1739481424.2442474,-13,-49,-167
1739481424.2892475,-12,-27,-84
1739481424.3352475,19,66,-60
1739481424.3812475,32,-24,53
1739481424.4272475,29,-94,77
1739481424.4722476,65,82,-95
1739481424.5182476,-32,-16,72
1739481424.5642476,-94,-89,-61
1739481424.6092474,-14,167,-13
1739481424.6552474,-15,-33,35
1739481424.7012477,48,-72,-64
1739481424.7472477,-44,25,-39
1739481424.7922475,40,-92,-84
1739481424.8382475,69,-114,-33
1739481424.8842475,33,-39,-34
1739481424.9292476,-69,-11,-78
1739481424.9752476,36,30,8
1739481425.0212476,0,-50,-133
1739481425.0672476,36,8,12
1739481425.1122477,-7,-94,-69
1739481425.1582477,52,-114,-55
1739481425.2042477,-94,-69,-88
1739481425.2492476,59,-168,109
1739481425.2952476,63,-72,-98
1739481425.3412476,13,-9,24
1739481425.3872476,-51,-50,-118
1739481425.4322476,-6,-15,-46
1739481425.4782476,32,-14,-88
1739481425.5242476,50,-26,-152
1739481425.5692475,18,-36,-40
1739481425.6152475,-13,-39,-105
1739481425.6612475,-23,34,79
1739481425.7072475,-22,-105,-21
1739481425.7522476,5,11,-41
1739481425.7982476,27,-44,-6
1739481425.8442476,74,-156,-19
1739481425.8892477,12,-48,-57
1739481425.9352477,-16,-69,-29
1739481425.9812477,1,80,-91
1739481426.0272477,-7,6,8
1739481426.0722475,-13,-32,-9
1739481426.1182475,67,20,-29
1739481426.1642475,49,-38,24
1739481426.2092476,-3,-63,-52
1739481426.2552476,-69,-19,16
1739481426.3012476,16,-32,2
1739481426.3472476,38,-70,17
1739481426.3922474,22,53,-79
1739481426.4382474,-23,-201,-20
1739481426.4842474,-1,5,-79
1739481426.5292475,-8,-93,56
1739481426.5752475,-25,34,-64
1739481426.6212475,60,110,-13
1739481426.6672475,65,-28,-72
1739481426.7122476,-23,11,-38
1739481426.7582476,-32,13,51
1739481426.8042476,40,-92,-160
1739481426.8492477,13,-78,65
1739481426.8952477,22,-86,-151
1739481426.9412477,6,-150,86
1739481426.9872477,-34,-109,-81
1739481427.0322475,-41,-29,-30
1739481427.0782475,38,0,-58
1739481427.1242476,-2,1,-22
1739481427.1692476,-93,-85,-88
1739481427.2152476,4,-186,94
1739481427.2612476,71,-100,-58
1739481427.3072476,-86,-23,-22
1739481427.3522477,30,0,-65
1739481427.3982477,67,-60,-25
1739481427.4442475,48,-50,-12
1739481427.4892476,49,-136,2
1739481427.5352476,-49,-27,-84
1739481427.5812476,8,-46,-71
1739481427.6272476,22,-18,-115
1739481427.6722476,28,40,26
1739481427.7182477,35,-64,90
1739481427.7642477,-11,-83,-95
1739481427.8092475,14,-2,-82
1739481427.8552475,65,2,-3
1739481427.9012475,46,-44,25
1739481427.9472475,85,40,-23
1739481427.9922476,-12,-103,32
1739481428.0382476,-14,-81,18
1739481428.0842476,10,-206,-68
1739481428.1292477,48,-26,-71
1739481428.1752477,3,-74,-101
1739481428.2212474,-28,-57,-44
1739481428.2672474,-23,-105,-39
1739481428.3122475,-10,-91,-96
1739481428.3582475,37,-10,0
1739481428.4042475,-29,-27,-25
1739481428.4492476,-33,-11,0
1739481428.4942474,66,-90,41
1739481428.5402474,-51,-77,-44
1739481428.5852475,32,-62,11
1739481428.6312475,18,-70,-79
1739481428.6772475,32,-92,-91
1739481428.7232475,-17,41,-148
1739481428.7682476,-64,-115,-165
1739481428.8142476,8,-137,0
1739481428.8602476,41,-58,-9
1739481428.9052474,40,-18,16
1739481428.9512477,40,-118,-45
1739481428.9972477,64,-82,68
1739481429.0432477,11,-4,41
1739481429.0882475,-69,-55,-31
1739481429.1342475,18,154,60
1739481429.1802475,22,-136,-102
1739481429.2252476,63,-4,-29
1739481429.2712476,68,-92,-19
1739481429.3172476,-22,-155,-133
1739481429.3632476,-33,-17,-7
1739481429.4082477,7,-70,8
1739481429.4542477,-24,-3,-105
1739481429.5002477,-46,17,-38
1739481429.5452476,-89,23,-46
1739481429.5912476,-65,11,11
1739481429.6372476,-13,-79,-52
1739481429.6832476,40,-10,-4
1739481429.7282476,-86,-35,-49
1739481429.7742476,-72,3,-30
1739481429.8202477,19,38,70
1739481429.8652475,-92,25,-94
1739481429.9112475,81,-34,-123
1739481429.9572475,-16,-73,-14
1739481430.0032475,-33,-107,-35
1739481430.0482476,-4,-62,-97
1739481430.0942476,-66,-83,-6
1739481430.1402476,17,-78,37
1739481430.1852477,7,-138,23
1739481430.2312477,-117,-65,-46
1739481430.2772477,-123,99,37
1739481430.3232474,0,-122,-129
1739481430.3682475,16,36,21
1739481430.4142475,-5,33,15
1739481430.4602475,11,-16,-12
1739481430.5052476,48,22,2
1739481430.5512476,42,38,-41
1739481430.5972476,55,-34,-97
1739481430.6432476,-46,17,-47
1739481430.6882474,-60,-19,-38
1739481430.7342474,-38,29,29
1739481430.7802474,-27,-3,-142
1739481430.8252475,70,-74,-25
1739481430.8712475,-16,-77,33
1739481430.9172475,52,44,-90
1739481430.9632475,-1,-38,-131
1739481431.0082476,10,-141,-25
1739481431.0542476,32,-52,52
1739481431.1002476,46,17,58
1739481431.1452477,52,-64,-159
1739481431.1912477,-71,-89,7
1739481431.2372477,-2,-129,-131
1739481431.2832477,84,52,87
1739481431.3282475,23,40,23
1739481431.3742476,45,84,-101
1739481431.4202476,-25,-33,-92
1739481431.4652476,-60,-41,-7
1739481431.5112476,-17,39,1
1739481431.5572476,0,-69,-82
1739481431.6032476,4,-43,51
1739481431.6482477,-59,0,-98
1739481431.6942475,-78,23,-18
1739481431.7402475,-5,3,-71
1739481431.7852476,-23,-21,-138
1739481431.8312476,-5,-65,-100
1739481431.8772476,22,2,41
1739481431.9232476,-9,-27,-49
1739481431.9682477,-13,-61,-50
1739481432.0142477,8,-32,-132
1739481432.0602477,4,-4,-105
1739481432.1052475,56,-10,-2
1739481432.1512475,41,2,-10
1739481432.1972475,-64,77,7
1739481432.2482476,-1,19,-39
1739481432.2942476,-19,-55,8
1739481432.3402476,-65,-11,-36
1739481432.3852477,36,8,39
1739481432.4312477,9,4,-46
1739481432.4772477,-51,19,13
1739481432.5232477,-47,53,-12
1739481432.5682476,-46,-137,-130
1739481432.6142476,5,-70,-109
1739481432.6602476,6,-79,-36
1739481432.7052476,-39,19,27
1739481432.7512476,-54,-12,-122
1739481432.7972476,45,-141,17
1739481432.8432477,-32,-56,-174
1739481432.8882475,-33,0,-27
1739481432.9342475,-45,12,-41
1739481432.9802475,46,-75,18
1739481433.0252476,51,-40,-53
1739481433.0712476,9,-54,-7
1739481433.1172476,4,65,-29
1739481433.1632476,-15,47,28
1739481433.2082477,-46,-236,-53
1739481433.2542477,-99,20,-60
1739481433.3002477,-10,-15,-96
1739481433.3452475,-3,-33,18
1739481433.3912475,53,-40,-15
1739481433.4372475,-47,-29,-22
1739481433.4832475,-52,1,15
1739481433.5282476,-2,-90,-58
1739481433.5742476,-6,-33,-15
1739481433.6202476,34,-32,-65
1739481433.6652474,-51,-74,-33
1739481433.7112474,79,-95,22
1739481433.7572474,0,-46,-47
1739481433.8032477,102,5,-58
1739481433.8482475,23,-5,-10
1739481433.8942475,-15,-22,-163
1739481433.9402475,-36,62,-61
1739481433.9852476,-9,-84,-65
1739481434.0312476,85,12,24
1739481434.0772476,-40,-75,-69
1739481434.1232476,-21,-9,38
1739481434.1682477,8,-109,-41
1739481434.2142477,11,34,-56
1739481434.2602477,35,-32,-163
1739481434.3052475,-54,-99,-21
1739481434.3512475,-58,13,54
1739481434.3972476,-44,-105,34
1739481434.4432476,116,-26,-103
1739481434.4882476,7,39,-56
1739481434.5342476,-4,-99,-87
1739481434.5802476,-66,-53,-8
1739481434.6252477,-17,-9,-10
1739481434.6712475,-71,7,39
1739481434.7172475,51,-18,-45
1739481434.7632475,36,-172,-72
1739481434.8082476,38,48,148
1739481434.8542476,-22,-83,-106
1739481434.9002476,-52,-33,-158
1739481434.9452477,-22,26,27
1739481434.9912477,-19,-35,-57
1739481435.0372477,19,-38,25
1739481435.0832477,45,-74,7
1739481435.1282475,-10,-79,-32
1739481435.1742475,6,86,-122
1739481435.2202475,31,-44,19
1739481435.2652476,1,-40,-17
1739481435.3112476,23,-94,23
1739481435.3572476,-6,-57,-28
1739481435.4032476,-65,17,-98
1739481435.4482474,72,-16,-104
1739481435.4942474,-41,93,-96
1739481435.5402474,38,-58,-120
1739481435.5852475,-33,-124,-53
1739481435.6312475,-79,-36,148
1739481435.6772475,11,-3,-81
1739481435.7232475,90,-83,24
1739481435.7682476,7,-67,-106
1739481435.8142476,-63,-58,-34
1739481435.8602476,20,-9,75
1739481435.9052474,63,-90,-38
1739481435.9512477,0,-101,-72
1739481435.9972477,-35,5,-7
1739481436.0432477,-6,-41,-94
1739481436.0882475,-49,-103,23
1739481436.1342475,-52,-26,-111
1739481436.1802475,61,0,-209
1739481436.2252476,3,-37,26
1739481436.2712476,-42,58,31
1739481436.3172476,33,-43,3
1739481436.3632476,-2,60,-2
1739481436.4082477,15,-45,-109
1739481436.4542477,7,87,-12
1739481436.5002477,47,-49,-81
1739481436.5452476,77,-11,0
1739481436.5912476,-52,-62,-25
1739481436.6372476,-8,-71,-84
1739481436.6832476,-53,-36,-40
1739481436.7282476,53,-15,-52
1739481436.7742476,5,91,73
1739481436.8202477,-3,78,70
1739481436.8652475,-32,-2,-136
1739481436.9112475,-9,-23,-24
1739481436.9572475,-39,-128,-102
1739481437.0032475,-12,42,-121
1739481437.0482476,-71,-52,93
1739481437.0942476,-9,118,-59
1739481437.1402476,-56,-146,-24
1739481437.1852477,40,-97,-35
1739481437.2312477,-10,-19,33
1739481437.2772477,-39,-70,1
1739481437.3232474,11,41,-12
1739481437.3682475,62,-77,-100
1739481437.4142475,17,-110,52
1739481437.4602475,-12,-42,29
1739481437.5052476,5,16,-132
1739481437.5512476,3,-68,-20
1739481437.5972476,-39,-26,11
1739481437.6432476,41,-153,-40
1739481437.6882474,-41,-74,-44
1739481437.7342474,0,74,-58
1739481437.7802474,48,-53,-30
1739481437.8252475,47,-39,-38
1739481437.8712475,-15,42,-63
1739481437.9172475,20,-94,-50
1739481437.9632475,5,41,22
1739481438.0082476,-34,-158,68
1739481438.0542476,-68,-76,-70
1739481438.1002476,-21,16,-36
1739481438.1452477,-20,-28,-46
1739481438.1912477,41,-31,-53
1739481438.2372477,92,-73,-57
1739481438.2832477,15,-57,-174
1739481438.3282475,56,-43,-25
1739481438.3742476,-88,-38,26
1739481438.4202476,-80,20,-18
1739481438.4652476,-63,-14,-192
1739481438.5112476,14,-31,2
1739481438.5572476,-7,20,0
1739481438.6032476,53,73,-33
1739481438.6482477,-58,-22,-70
1739481438.6942475,60,-29,40
1739481438.7402475,-8,-92,-28
1739481438.7852476,-13,-44,14
1739481438.8312476,71,-61,-9
1739481438.8772476,31,45,-151
1739481438.9232476,-10,-46,-104
1739481438.9682477,-37,-20,30
1739481439.0142477,40,15,-119
1739481439.0602477,0,25,24
1739481439.1052475,-6,-115,27
1739481439.1512475,14,0,-139
1739481439.1972475,4,-46,23
1739481439.2432475,-81,-55,-2
1739481439.2882476,-13,-107,101
1739481439.3342476,0,-29,-10
1739481439.3802476,13,-82,-31
1739481439.4252477,23,45,-72
1739481439.4712474,7,36,31
1739481439.5172474,-22,-34,-17
1739481439.5632474,1,-85,-99
1739481439.6082475,67,-71,-58
1739481439.6542475,-21,60,-73
1739481439.7002475,-29,52,-95
1739481439.7452476,28,47,-4
1739481439.7912476,-55,-32,-144
1739481439.8372476,95,-19,-75
1739481439.8832476,51,-33,-130
1739481439.9282477,2,-19,-245
1739481439.9742477,35,-73,-23
1739481440.0202477,71,61,7
1739481440.0652475,-15,-72,-87
1739481440.1112475,-70,-78,-51
1739481440.1572475,21,-22,-63
1739481440.2032475,34,-16,-97
1739481440.2482476,25,-14,-41
1739481440.2942476,45,40,-89
1739481440.3402476,115,-62,-34
1739481440.3852477,-11,-23,-51
1739481440.4312477,11,-76,-38
1739481440.4772477,-27,-3,-33
1739481440.5232477,0,-47,-101
1739481440.5682476,9,-154,-151
1739481440.6142476,-106,-77,-58
1739481440.6602476,-4,-32,-112
1739481440.7052476,-85,31,-25
1739481440.7512476,-83,-23,60
1739481440.7972476,19,-244,-27
1739481440.8432477,56,-136,-42
1739481440.8882475,-78,41,-15
1739481440.9342475,24,-68,-44
1739481440.9802475,0,-76,-27
1739481441.0252476,67,8,-77
1739481441.0712476,47,-68,47
1739481441.1172476,46,-86,-25
1739481441.1632476,-18,-67,-59
1739481441.2082477,9,2,83
1739481441.2542477,44,-16,3
1739481441.3002477,-68,-121,-27
1739481441.3452475,32,58,36
1739481441.3912475,4,-89,-24
1739481441.4372475,-13,67,-43
1739481441.4832475,-19,-63,-111
1739481441.5282476,-25,21,39
1739481441.5742476,2,-62,7
1739481441.6202476,40,-6,-47
1739481441.6652474,23,-86,-72
1739481441.7112474,8,14,-76
1739481441.7572474,-68,81,-67
1739481441.8032477,71,-84,-64
1739481441.8482475,-9,-47,38
1739481441.8942475,-35,45,-110
1739481441.9402475,-9,17,25
1739481441.9852476,-34,-7,-24
1739481442.0312476,124,-78,1
1739481442.0772476,46,-40,-48
1739481442.1232476,-57,-71,104
1739481442.1682477,-86,27,47
1739481442.2142477,-55,-67,-57
1739481442.2652476,38,-74,-98
1739481442.3112476,82,20,74
1739481442.3572476,42,-188,-83
1739481442.4032476,44,-136,14
1739481442.4482474,-71,37,40
1739481442.4942474,-40,-23,-53
1739481442.5402474,23,-132,29
1739481442.5852475,-74,1,-28
1739481442.6312475,-12,-69,-19
1739481442.6772475,-38,-27,-25
1739481442.7232475,-63,37,-102
1739481442.7682476,-1,-115,-111
1739481442.8142476,-68,-9,-21
1739481442.8602476,-47,7,-44
1739481442.9052474,-26,-167,-147
1739481442.9512477,38,-62,-7
1739481442.9972477,-99,-131,14
1739481443.0432477,19,-58,23
1739481443.0882475,5,146,-135
1739481443.1342475,-36,39,19
1739481443.1802475,57,76,128
1739481443.2252476,-44,5,-69
1739481443.2712476,-56,-73,-6
1739481443.3172476,26,-156,-62
1739481443.3632476,-41,113,-80
1739481443.4082477,-34,37,-172
1739481443.4542477,-43,-39,-100
1739481443.5002477,-13,39,78
1739481443.5452476,24,-96,-3
1739481443.5912476,-52,47,-116
1739481443.6372476,11,74,-97
1739481443.6832476,59,-32,70
1739481443.7282476,-30,25,-20
1739481443.7742476,-3,-93,15
1739481443.8202477,-33,-23,-8
1739481443.8652475,-30,-7,37
1739481443.9112475,-13,-121,-7
1739481443.9572475,79,68,33
1739481444.0032475,116,-92,-41
1739481444.0482476,-27,-135,-40
1739481444.0942476,-20,101,57
1739481444.1402476,24,-14,23
1739481444.1852477,33,76,-51
1739481444.2312477,3,-14,-16
1739481444.2772477,-59,11,51
1739481444.3232474,-68,-39,-71
1739481444.3682475,-49,-99,13
1739481444.4142475,36,-6,-190
1739481444.4602475,-45,-165,-69
1739481444.5052476,27,-10,-37
1739481444.5512476,61,-14,-157
1739481444.5972476,81,-50,52
1739481444.6432476,-48,-69,-26
1739481444.6882474,25,0,20
1739481444.7342474,32,-58,-48
1739481444.7802474,9,-28,-107
1739481444.8252475,40,66,-53
1739481444.8712475,49,-24,40
1739481444.9172475,-38,77,-49
1739481444.9632475,-47,7,-73
1739481445.0082476,-60,89,-31
1739481445.0542476,-43,3,-48
1739481445.1002476,12,-10,-16
1739481445.1452477,45,20,-115
1739481445.1912477,37,-44,-53
1739481445.2372477,10,-154,-61
1739481445.2832477,-28,-143,0
1739481445.3282475,15,61,46
1739481445.3742476,-17,-103,35
1739481445.4202476,-45,-21,7
1739481445.4652476,-80,-117,-18
1739481445.5112476,-20,63,-66
1739481445.5572476,-28,41,-84
1739481445.6032476,84,0,82
1739481445.6482477,34,-84,-9
1739481445.6942475,36,-50,58
1739481445.7402475,-27,-1,-51
1739481445.7852476,-48,-125,-103
1739481445.8312476,-19,-27,-106
1739481445.8772476,-14,-27,35
1739481445.9232476,31,70,-63
1739481445.9682477,5,-158,-49
1739481446.0142477,56,-17,-5
1739481446.0602477,10,-89,-137
1739481446.1052475,14,39,-72
1739481446.1512475,-7,-60,-144
1739481446.1972475,5,-115,-74
1739481446.2432475,-2,-78,38
1739481446.2882476,-104,-24,40
1739481446.3342476,-13,34,4
1739481446.3802476,59,-113,-44
1739481446.4252477,-18,-190,-74
1739481446.4712474,58,-17,-98
1739481446.5172474,55,31,-99
1739481446.5632474,62,-68,-4
1739481446.6082475,-55,-33,-113
1739481446.6542475,-37,21,54
1739481446.7002475,51,-97,138
1739481446.7452476,43,-181,30
1739481446.7912476,-25,-20,-112
1739481446.8372476,68,-87,-58
1739481446.8832476,-15,-17,-98
1739481446.9282477,-4,-43,-7
1739481446.9742477,3,46,12
1739481447.0202477,0,-84,-81
1739481447.0652475,-14,-153,24
1739481447.1112475,-25,-179,5
1739481447.1572475,27,15,-106
1739481447.2032475,-28,10,32
1739481447.2482476,65,-32,17
1739481447.2942476,2,-112,34
1739481447.3402476,-1,-59,-14
1739481447.3852477,-47,-27,-46
1739481447.4312477,24,-8,-57
1739481447.4772477,11,2,-30
1739481447.5232477,20,-22,-50
1739481447.5682476,-28,-3,0
1739481447.6142476,-29,5,-80
1739481447.6602476,40,-92,18
1739481447.7052476,-12,41,23
1739481447.7512476,27,-110,29
1739481447.7972476,-23,-65,-70
1739481447.8432477,53,-22,-99
1739481447.8882475,-19,-45,-34
1739481447.9342475,32,-60,-46
1739481447.9802475,-36,-55,-70
1739481448.0252476,-31,35,-99
1739481448.0712476,41,-68,-27
1739481448.1172476,-1,23,-61
1739481448.1632476,3,-29,35
1739481448.2082477,26,-120,-141
1739481448.2542477,11,-150,-44
1739481448.3002477,14,-94,-6
1739481448.3452475,0,-101,-101
1739481448.3912475,-20,-45,-84
1739481448.4372475,39,-60,-11
1739481448.4832475,2,-86,-1
1739481448.5282476,-51,-143,6
1739481448.5742476,36,6,-30
1739481448.6202476,14,-24,34
1739481448.6652474,73,-86,71
1739481448.7112474,41,-74,9
1739481448.7572474,-83,-107,-70
1739481448.8032477,-72,23,-44
1739481448.8482475,-50,-67,-49
1739481448.8942475,-18,22,134
1739481448.9402475,46,0,-174
1739481448.9852476,13,-102,-6
1739481449.0312476,-14,54,-120
1739481449.0772476,3,-32,-48
1739481449.1232476,-110,-61,52
1739481449.1682477,-12,-85,49
1739481449.2142477,83,-144,-37
1739481449.2602477,-40,-85,-25
1739481449.3052475,23,20,103
1739481449.3512475,-36,-65,-64
1739481449.3972476,30,26,-102
1739481449.4432476,56,-26,-5
1739481449.4882476,76,-32,76
1739481449.5342476,13,-65,23
1739481449.5802476,52,-88,-135
1739481449.6252477,0,-33,30
1739481449.6712475,35,-48,-74
1739481449.7172475,67,-38,-177
1739481449.7632475,21,4,-13
1739481449.8082476,8,36,-53
1739481449.8542476,59,40,-8
1739481449.9002476,-45,67,25
1739481449.9452477,26,28,-144
1739481449.9912477,-5,-59,10
1739481450.0372477,74,26,-20
1739481450.0832477,30,16,-130
1739481450.1282475,5,-171,111
1739481450.1742475,44,30,65
1739481450.2202475,83,-68,-72
1739481450.2652476,-53,39,-4
1739481450.3112476,-7,-73,-87
1739481450.3572476,1,-48,-63
1739481450.4032476,-16,-47,-58
1739481450.4482474,16,-114,-49
1739481450.4942474,8,0,-84
1739481450.5402474,-77,23,-30
1739481450.5852475,-44,-97,-35
1739481450.6312475,6,-26,6
1739481450.6772475,27,-130,-2
1739481450.7232475,67,16,6
1739481450.7682476,1,-9,35
1739481450.8142476,18,2,44
1739481450.8602476,0,-79,-32
1739481450.9052474,11,-74,-36
1739481450.9512477,66,32,-10
1739481450.9972477,-4,-31,-28
1739481451.0432477,-7,-101,16
1739481451.0882475,25,-78,-106
1739481451.1342475,25,-25,-46
1739481451.1802475,-3,19,-26
1739481451.2252476,-17,1,-103
1739481451.2712476,7,7,-86
1739481451.3172476,-84,-109,28
1739481451.3632476,72,-92,54
1739481451.4082477,-23,-65,-86
1739481451.4542477,-6,-41,32
1739481451.5002477,-54,0,-25
1739481451.5452476,2,-17,-26
1739481451.5912476,3,-114,102
1739481451.6372476,41,-18,-34
1739481451.6832476,56,84,-65
1739481451.7282476,54,34,-44
1739481451.7742476,-4,-93,24
1739481451.8202477,-20,21,-149
1739481451.8652475,-22,-37,-37
1739481451.9112475,-53,-75,-73
1739481451.9572475,17,8,-65
1739481452.0032475,-59,-85,15
1739481452.0482476,-35,-93,48
1739481452.0942476,7,0,17
1739481452.1402476,65,-60,89
1739481452.1852477,-26,89,10
1739481452.2312477,23,-80,18
1739481452.2822475,26,-50,-35
1739481452.3282475,39,52,-70
1739481452.3742476,105,-38,-59
1739481452.4202476,-9,61,83
1739481452.4652476,27,18,84
1739481452.5112476,-24,-61,-56
1739481452.5572476,10,-94,-52
1739481452.6032476,-22,-23,-101
1739481452.6482477,118,-198,-66
1739481452.6942475,-99,51,-94
1739481452.7402475,-5,0,-34
1739481452.7852476,2,46,-40
1739481452.8312476,-24,-39,-62
1739481452.8772476,32,72,-55
1739481452.9232476,-9,-11,38
1739481452.9682477,141,-2,-69
1739481453.0142477,-37,-55,30
1739481453.0602477,-77,33,-143
1739481453.1052475,82,-9,81
1739481453.1512475,-48,45,-53
1739481453.1972475,102,-70,-5
1739481453.2432475,65,8,-22
1739481453.2882476,-69,-19,-3
1739481453.3342476,-16,63,-9
1739481453.3802476,-33,0,-10
1739481453.4252477,-39,-43,-36
1739481453.4712474,49,-56,-105
1739481453.5172474,27,-104,45
1739481453.5632474,-20,-99,-104
1739481453.6082475,48,-60,13
1739481453.6542475,-33,40,-100
1739481453.7002475,23,-7,-24
1739481453.7452476,4,54,-35
1739481453.7912476,29,29,-51
1739481453.8372476,4,79,-46
1739481453.8832476,-52,-96,-36
1739481453.9282477,5,87,-98
1739481453.9742477,99,-38,20
1739481454.0202477,132,-110,73
1739481454.0652475,26,-31,-22
1739481454.1112475,-6,2,-118
1739481454.1572475,38,-98,-90
1739481454.2032475,3,28,9
1739481454.2482476,16,-78,-10
1739481454.2942476,-63,-73,42
1739481454.3402476,22,18,-63
1739481454.3852477,-16,-99,81
1739481454.4312477,-78,-71,-100
1739481454.4772477,-19,-159,28
1739481454.5232477,-46,124,3
1739481454.5682476,-32,-12,-61
1739481454.6142476,24,29,-2
1739481454.6602476,35,-37,81
1739481454.7052476,54,-35,-29
1739481454.7512476,-14,-67,-19
1739481454.7972476,-79,-113,31
1739481454.8432477,22,4,-162
1739481454.8882475,-15,-17,-5
1739481454.9342475,-38,-7,-24
1739481454.9802475,-67,-115,-123
1739481455.0252476,10,-84,29
1739481455.0712476,-71,1,-85
1739481455.1172476,-12,9,-65
1739481455.1632476,-6,-4,-33
1739481455.2082477,16,-3,-115
1739481455.2542477,-19,-24,-2
1739481455.3002477,10,-70,38
1739481455.3452475,-49,-66,-7
1739481455.3912475,26,45,-19
1739481455.4372475,-14,-106,-137
1739481455.4832475,-10,15,9
1739481455.5282476,19,-126,20
1739481455.5742476,-50,8,-15
1739481455.6202476,-87,-48,-98
1739481455.6652474,38,-89,76
1739481455.7112474,41,94,-14
1739481455.7572474,7,28,1
1739481455.8022475,-33,-52,48
1739481455.8482475,-44,-93,-21
1739481455.8942475,-8,-67,0
1739481455.9402475,-65,-25,-1
1739481455.9852476,3,-43,-64
1739481456.0312476,-29,53,58
1739481456.0772476,8,-13,-126
1739481456.1232476,63,-56,-48
1739481456.1682477,-30,91,18
1739481456.2142477,1,128,-68
1739481456.2602477,65,-32,-32
1739481456.3052475,-33,-39,-66
1739481456.3512475,-54,-13,-47
1739481456.3972476,8,-3,-37
1739481456.4422476,24,75,7
1739481456.4882476,-27,-162,-3
1739481456.5342476,-11,-74,21
1739481456.5802476,48,-32,-7
1739481456.6252477,-10,62,2
1739481456.6712475,56,-68,-54
1739481456.7172475,-14,-9,41
1739481456.7622476,67,-2,-146
1739481456.8082476,-85,-47,-163
1739481456.8542476,-58,-27,14
1739481456.9002476,74,-60,-2
1739481456.9452477,-45,-5,-66
1739481456.9912477,33,-125,4
1739481457.0372477,-9,-126,-87
1739481457.0822475,2,-85,27
1739481457.1282475,-1,-76,-34
1739481457.1742475,46,-33,10
1739481457.2202475,-58,118,-113
1739481457.2652476,-101,34,-20
1739481457.3112476,-59,-17,-183
1739481457.3572476,11,-76,-2
1739481457.4022477,28,-40,-43
1739481457.4482474,26,-92,-171
1739481457.4942474,19,-129,-62
1739481457.5402474,44,11,-7
1739481457.5852475,-89,20,-167
1739481457.6312475,-18,0,-125
1739481457.6772475,-14,-12,103
1739481457.7222476,23,9,-3
1739481457.7682476,-56,-100,-28
1739481457.8142476,-28,-44,-116
1739481457.8602476,-8,-75,-79
1739481457.9052474,54,15,-57
1739481457.9512477,-62,-52,-55
1739481457.9972477,130,-173,-29
1739481458.0422475,-29,16,42
1739481458.0882475,20,67,47
1739481458.1342475,-12,116,-3
1739481458.1802475,-11,-94,-58
1739481458.2252476,70,-3,-10
1739481458.2712476,53,61,18
1739481458.3172476,-8,-52,-128
1739481458.3622477,-35,-20,-27
1739481458.4082477,-19,-12,-37
1739481458.4542477,-31,-42,-70
1739481458.5002477,-2,-32,98
1739481458.5452476,16,-103,-94
1739481458.5912476,36,-81,-6
1739481458.6372476,-50,6,-11
1739481458.6822476,-60,-56,-69
1739481458.7282476,-41,120,-30
1739481458.7742476,36,-119,-86
1739481458.8202477,-62,36,3
1739481458.8652475,70,0,-13
1739481458.9112475,-16,-58,-49
1739481458.9572475,37,-71,-87
1739481459.0022476,59,-49,-23
1739481459.0482476,-15,-54,93
1739481459.0942476,34,23,14
1739481459.1402476,-1,-218,-69
1739481459.1852477,-27,-64,11
1739481459.2312477,56,0,-22
1739481459.2772477,40,57,-44
1739481459.3222475,1,-143,37
1739481459.3682475,-39,-18,-51
1739481459.4142475,4,-87,25
1739481459.4602475,7,-121,-64
1739481459.5052476,18,-115,-121
1739481459.5512476,-112,18,-10
1739481459.5972476,-41,42,7
1739481459.6422474,-47,16,-133
1739481459.6882474,-2,-11,24
1739481459.7342474,-98,0,42
1739481459.7802474,87,-139,-79
1739481459.8252475,-32,-112,-73
1739481459.8712475,101,-113,19
1739481459.9172475,-11,-76,-68
1739481459.9622476,-67,114,89
1739481460.0082476,-19,-34,-42
1739481460.0542476,-27,58,-17
1739481460.1002476,88,-53,122
1739481460.1452477,31,-23,-70
1739481460.1912477,29,-27,88
1739481460.2372477,-6,-22,39
1739481460.2822475,29,31,-15
1739481460.3282475,-9,-46,-114
1739481460.3742476,15,-63,-120
1739481460.4202476,13,-51,-97
1739481460.4652476,-12,2,-64
1739481460.5112476,-58,-50,56
1739481460.5572476,-3,-72,-125
1739481460.6022477,-29,0,15
1739481460.6482477,-47,-88,-111
1739481460.6942475,3,-31,-43
1739481460.7402475,35,-19,90
1739481460.7852476,21,-13,-136
1739481460.8312476,-20,-107,-56
1739481460.8772476,-18,29,63
1739481460.9222476,16,-70,0
1739481460.9682477,-10,-141,-40
1739481461.0142477,-11,109,3
1739481461.0602477,31,-44,63
1739481461.1052475,-13,-91,-139
1739481461.1512475,69,-84,-3
1739481461.1972475,6,-129,27
1739481461.2422476,-13,-103,-50
1739481461.2882476,-32,-21,-87
1739481461.3342476,-105,-11,-23
1739481461.3802476,49,66,-10
1739481461.4252477,15,-90,-99
1739481461.4712474,27,-80,-44
1739481461.5172474,-39,-121,97
1739481461.5622475,-4,1,-108
1739481461.6082475,-48,-93,0
1739481461.6542475,53,-52,-59
1739481461.7002475,-7,-15,-44
1739481461.7452476,5,-22,-152
1739481461.7912476,-15,-91,49
1739481461.8372476,30,44,-77
1739481461.8822474,-66,17,-75
1739481461.9282477,-52,-11,-119
1739481461.9742477,-75,-83,-9
1739481462.0202477,14,-52,-16
1739481462.0652475,27,-48,-124
1739481462.1112475,-84,-23,47
1739481462.1572475,-11,19,66
1739481462.2022476,5,118,-106
1739481462.2482476,-30,-31,-118
1739481462.3002477,-9,-33,-106
1739481462.3452475,-36,-125,75
1739481462.3912475,28,-20,-69
1739481462.4372475,3,-87,-158
1739481462.4822476,-44,-163,78
1739481462.5282476,13,-50,49
1739481462.5742476,-5,3,-97
1739481462.6202476,11,-4,-4
1739481462.6652474,-27,-131,13
1739481462.7112474,22,-126,-110
1739481462.7572474,-40,3,13
1739481462.8022475,47,-54,-133
1739481462.8482475,-124,-37,-26
1739481462.8942475,67,8,-94
1739481462.9402475,-37,45,4
1739481462.9852476,-21,-3,-73
1739481463.0312476,-30,-91,10
1739481463.0772476,-24,-87,-105
1739481463.1222477,-49,3,53
1739481463.1682477,61,-64,-82
1739481463.2142477,-9,-28,-94
1739481463.2602477,-51,-17,-140
1739481463.3052475,50,-14,17
1739481463.3512475,-21,-59,-23
1739481463.3972476,-46,-3,-121
1739481463.4422476,-10,-181,-169
1739481463.4882476,-50,-43,-63
1739481463.5342476,76,-42,-41
1739481463.5802476,-81,-135,-78
1739481463.6252477,26,28,-63
1739481463.6712475,-27,-179,11
1739481463.7172475,-39,-175,-35
1739481463.7622476,45,2,-31
1739481463.8082476,-13,-47,70
1739481463.8542476,-3,-84,65
1739481463.9002476,23,10,22
1739481463.9452477,88,-22,83
1739481463.9912477,-103,-139,12
1739481464.0372477,64,-40,-75
1739481464.0822475,-9,-85,-60
1739481464.1282475,72,-55,-90
1739481464.1742475,14,17,68
1739481464.2202475,10,-113,-50
1739481464.2652476,-7,-70,-96
1739481464.3112476,-30,59,39
1739481464.3572476,72,-31,32
1739481464.4022477,5,151,-4
1739481464.4482474,-52,-116,-11
1739481464.4942474,-25,-30,-112
1739481464.5402474,-15,-12,-32
1739481464.5852475,-25,-58,-55
1739481464.6312475,98,-7,-124
1739481464.6772475,45,93,-93
1739481464.7222476,12,-39,-33
1739481464.7682476,-68,150,-33
1739481464.8142476,-45,-56,50
1739481464.8602476,-15,-16,-39
1739481464.9052474,33,-83,0
1739481464.9512477,-16,46,-17
1739481464.9972477,67,1,-58
1739481465.0422475,-5,35,-58
1739481465.0882475,38,65,-71
1739481465.1342475,39,22,-58
1739481465.1802475,134,0,-132
1739481465.2252476,34,-126,-64
1739481465.2712476,70,-116,41
1739481465.3172476,-47,89,-32
1739481465.3622477,-30,17,-79
1739481465.4082477,38,29,59
1739481465.4542477,11,-114,-16
1739481465.5002477,2,-26,-95
1739481465.5452476,-16,-39,65
1739481465.5912476,-41,71,48
1739481465.6372476,-20,-64,24
1739481465.6822476,33,-31,50
1739481465.7282476,-28,-122,-33
1739481465.7742476,-47,40,-161
1739481465.8202477,-19,-49,-91
1739481465.8652475,12,-22,-29
1739481465.9112475,64,-55,-40
1739481465.9572475,-42,3,-78
1739481466.0022476,-56,-147,23
1739481466.0482476,6,-95,-47
1739481466.0942476,-17,-3,-39
1739481466.1402476,-7,-66,8
1739481466.1852477,49,-8,83
1739481466.2312477,108,49,-52
1739481466.2772477,-19,-29,-191
1739481466.3222475,3,-96,-102
1739481466.3682475,47,-163,-70
1739481466.4142475,7,-46,-54
1739481466.4602475,34,-9,-89
1739481466.5052476,-112,51,-27
1739481466.5512476,-33,-39,5
1739481466.5972476,1,5,78
1739481466.6422474,17,-12,-3
1739481466.6882474,-3,-16,-13
1739481466.7342474,21,-138,99
1739481466.7802474,18,3,-110
1739481466.8252475,1,-25,-16
1739481466.8712475,-81,-24,27
1739481466.9172475,-9,8,21
1739481466.9622476,7,-3,-119
1739481467.0082476,-1,-33,-24
1739481467.0542476,-44,36,-71
1739481467.1002476,11,-53,3
1739481467.1452477,-19,12,-37
1739481467.1912477,6,-154,-59
1739481467.2372477,-93,-22,-64
1739481467.2822475,9,-21,1
1739481467.3282475,33,-47,3
1739481467.3742476,-58,6,40
1739481467.4202476,97,41,-26
1739481467.4652476,-52,-66,5
1739481467.5112476,130,-13,-22
1739481467.5572476,22,-83,-21
1739481467.6022477,-4,-2,10
1739481467.6482477,0,-113,-1
1739481467.6942475,-2,-93,-12
1739481467.7402475,-23,-40,-49
1739481467.7852476,10,-45,2
1739481467.8312476,-16,-66,-68
1739481467.8772476,44,75,-3
1739481467.9222476,-13,88,-109
1739481467.9682477,83,-89,-41
1739481468.0142477,8,-35,25
1739481468.0602477,35,-105,-52
1739481468.1052475,-49,14,-78
1739481468.1512475,4,-107,0
1739481468.1972475,-33,-118,-43
1739481468.2422476,-56,8,73
1739481468.2882476,3,-31,72
1739481468.3342476,-32,-50,-51
1739481468.3802476,22,111,-114
1739481468.4252477,30,-129,13
1739481468.4712474,36,-31,-19
1739481468.5172474,-23,26,-61
1739481468.5622475,23,-49,2
1739481468.6082475,3,-53,-32
1739481468.6542475,-80,-122,47
1739481468.7002475,-29,22,-102
1739481468.7452476,56,-23,-16
1739481468.7912476,-60,-40,7
1739481468.8372476,-36,-24,-26
1739481468.8822474,29,-17,-78
1739481468.9282477,3,7,-62
1739481468.9742477,6,-21,58
1739481469.0202477,19,-175,-119
1739481469.0652475,53,-117,5
1739481469.1112475,54,-75,-60
1739481469.1572475,-9,-136,-109
1739481469.2022476,25,-89,-15
1739481469.2482476,54,-47,14
1739481469.2942476,-9,20,8
1739481469.3402476,30,-81,47
1739481469.3852477,-25,-76,-4
1739481469.4312477,-100,-148,-23
1739481469.4772477,7,-55,-58
1739481469.5222476,2,-39,0
1739481469.5682476,27,-35,-23
1739481469.6142476,5,-26,-26
1739481469.6602476,39,-61,-123
1739481469.7052476,26,-75,-51
1739481469.7512476,39,-45,82
1739481469.7972476,-83,-222,-78
1739481469.8422475,22,-45,-119
1739481469.8882475,-60,59,101
1739481469.9342475,29,9,-48
1739481469.9802475,-10,-52,-90
1739481470.0252476,-8,-85,6
1739481470.0702477,-46,-69,-26
1739481470.1162477,-27,-36,-41
1739481470.1612475,36,76,-90
1739481470.2072475,49,88,-71
1739481470.2532475,-41,-23,-105
1739481470.2982476,-21,-101,17
1739481470.3442476,-1,50,-139
1739481470.3902476,23,-88,-2
1739481470.4362476,27,94,1
1739481470.4812477,83,-50,-53
1739481470.5272477,-13,-31,-134
1739481470.5732474,15,-38,0
1739481470.6182475,28,-64,37
1739481470.6642475,-24,-87,-20
1739481470.7102475,47,10,-28
1739481470.7562475,-14,49,-15
1739481470.8012476,-33,147,61
1739481470.8472476,-22,55,-18
1739481470.8932476,-82,39,-26
1739481470.9382474,39,-56,-61
1739481470.9842474,-1,0,-55
1739481471.0302474,68,10,-126
1739481471.0762477,-48,-29,113
1739481471.1212475,-6,-72,-23
1739481471.1672475,68,-108,9
1739481471.2132475,101,-52,-191
1739481471.2582476,65,86,-32
1739481471.3042476,9,-8,20
1739481471.3502476,-36,-45,120
1739481471.3962476,-21,9,5
1739481471.4412477,18,14,-38
1739481471.4872477,4,-82,-50
1739481471.5332477,32,41,-78
1739481471.5782475,23,-121,-71
1739481471.6242476,25,24,-42
1739481471.6702476,49,-78,-55
1739481471.7162476,20,-14,77
1739481471.7612476,-66,-29,-69
1739481471.8072476,-37,21,59
1739481471.8532476,12,-47,-32
1739481471.8982477,13,17,33
1739481471.9442475,-23,39,-37
1739481471.9902475,70,-36,-28
1739481472.0362475,24,-22,-11
1739481472.0812476,-1,-16,-80
1739481472.1272476,0,78,14
1739481472.1732476,18,-24,-25
1739481472.2182477,47,-28,-43
1739481472.2642477,-9,-149,139
1739481472.3162477,10,-105,-28
1739481472.3612475,41,22,13
1739481472.4072475,-75,-71,-72
1739481472.4532475,-41,67,-112
1739481472.4982476,-56,-17,-127
1739481472.5442476,23,-40,31
1739481472.5902476,72,-50,-14
1739481472.6362476,-55,-1,26
1739481472.6812477,-52,65,-32
1739481472.7272477,0,21,47
1739481472.7732477,35,-62,58
1739481472.8182476,-5,-81,-40
1739481472.8642476,15,-63,34
1739481472.9102476,-15,-74,-55
1739481472.9562476,-38,-63,33
1739481473.0012476,27,40,-108
1739481473.0472476,1,-126,64
1739481473.0932477,-2,24,-36
1739481473.1382475,73,-2,32
1739481473.1842475,30,-44,-48
1739481473.2302475,2,34,75
1739481473.2762475,3,-43,-21
1739481473.3212476,-79,71,40
1739481473.3672476,-9,-17,-28
1739481473.4132476,59,-88,11
1739481473.4582477,-63,-85,-65
1739481473.5042477,16,62,-14
1739481473.5502477,-32,-15,-100
1739481473.5962474,4,56,-128
1739481473.6412475,71,-162,-148
1739481473.6872475,-80,-61,-73
1739481473.7332475,-40,0,59
1739481473.7782476,26,-18,25
1739481473.8242476,103,0,-56
1739481473.8702476,-38,41,-45
1739481473.9162476,18,50,48
1739481473.9612474,34,-68,-130
1739481474.0072474,45,-8,-18
1739481474.0532477,-51,-31,-84
1739481474.0982475,81,-166,2
1739481474.1442475,44,-108,86
1739481474.1902475,12,-17,-107
1739481474.2362475,-50,-109,-39
1739481474.2812476,44,-22,-41
1739481474.3272476,9,136,1
1739481474.3722477,-48,47,-85
1739481474.4172475,63,-56,-126
1739481474.4632475,-27,-111,-76
1739481474.5092475,2,-20,17
1739481474.5542476,-25,-41,-137
1739481474.6002476,-88,-51,-98
1739481474.6462476,9,12,-46
1739481474.6922476,-12,35,-59
1739481474.7372477,10,-40,-29
1739481474.7832477,60,24,-93
1739481474.8292477,1,-66,79
1739481474.8742476,39,7,-44
1739481474.9202476,-71,32,-46
1739481474.9662476,17,-11,-24
1739481475.0122476,36,-73,12
1739481475.0572476,-34,-8,-148
1739481475.1032476,-96,-44,-32
1739481475.1492476,38,-31,61
1739481475.1942475,-13,-66,-36
1739481475.2402475,6,-154,-134
1739481475.2862475,-72,-30,77
1739481475.3322475,50,27,-34
1739481475.3772476,-60,20,119
1739481475.4232476,48,-7,9
1739481475.4692476,-14,56,-32
1739481475.5142477,67,-22,-7
1739481475.5602477,-17,-49,19
1739481475.6062477,21,-6,-23
1739481475.6522477,-28,-63,132
1739481475.6972475,-12,-201,-70
1739481475.7432475,47,4,55
1739481475.7892475,-31,-32,8
1739481475.8342476,27,-89,-111
1739481475.8802476,24,-45,7
1739481475.9262476,5,-86,-29
1739481475.9722476,32,-9,-59
1739481476.0172474,85,89,-36
1739481476.0632474,58,45,-130
1739481476.1092474,65,57,-62
1739481476.1542475,2,-39,-55
1739481476.2002475,-39,-45,-40
1739481476.2462475,77,-46,42
1739481476.2922475,108,-118,-16
1739481476.3372476,-18,43,-210
1739481476.3832476,3,-76,57
1739481476.4292476,-60,-79,44
1739481476.4742477,6,-18,-14
1739481476.5202477,-7,-23,-13
1739481476.5662477,10,18,-47
1739481476.6122477,-40,41,-39
1739481476.6572475,-34,-59,-34
1739481476.7032475,24,-29,-17
1739481476.7492476,-33,-39,-60
1739481476.7942476,-91,-36,-54
1739481476.8402476,11,70,-39
1739481476.8862476,1,-66,-53
1739481476.9322476,23,-109,-61
1739481476.9772477,65,-107,97
1739481477.0232477,4,2,-47
1739481477.0692475,102,71,-72
1739481477.1142476,47,5,-162
1739481477.1602476,1,-148,-55
1739481477.2062476,-71,-180,36
1739481477.2522476,-6,-67,6
1739481477.2972476,56,0,185
1739481477.3432477,74,-60,-11
1739481477.3892477,86,-3,-45
1739481477.4342475,-55,0,-153
1739481477.4802475,-3,-20,-96
1739481477.5262475,6,-194,-58
1739481477.5722475,18,0,22
1739481477.6172476,9,-21,-30
1739481477.6632476,28,39,-62
1739481477.7092476,-36,-8,0
1739481477.7542477,-40,50,-165
1739481477.8002477,12,33,72
1739481477.8462474,-111,-18,-63
1739481477.8922474,-58,-122,-25
1739481477.9372475,-31,-40,-70
1739481477.9832475,15,-113,44
1739481478.0292475,-35,-36,-29
1739481478.0742476,14,-62,-35
1739481478.1202476,-55,0,-65
1739481478.1662476,-14,-35,-99
1739481478.2122476,-62,-93,-49
1739481478.2572474,-37,-55,-17
1739481478.3032477,73,-38,-141
1739481478.3492477,48,-40,-95
1739481478.3942475,-34,-36,-69
1739481478.4402475,-11,-58,17
1739481478.4862475,0,1,75
1739481478.5322475,18,1,-58
1739481478.5772476,-44,-86,-74
1739481478.6232476,-19,-165,29
1739481478.6692476,-43,68,-17
1739481478.7142477,8,11,86
1739481478.7602477,-82,-96,-53
1739481478.8062477,85,53,-106
1739481478.8522477,9,-79,-65
1739481478.8972476,4,43,-74
1739481478.9432476,-24,-126,-12
1739481478.9892476,-23,22,-76
1739481479.0342476,20,17,31
1739481479.0802476,-23,-54,-15
1739481479.1262476,63,-71,33
1739481479.1722476,-48,82,42
1739481479.2172475,-98,-58,85
1739481479.2632475,23,-81,14
1739481479.3092475,-29,-88,-42
1739481479.3542476,41,-89,84
1739481479.4002476,39,-121,20
1739481479.4462476,-20,-140,19
1739481479.4922476,-7,-98,60
1739481479.5372477,17,101,-79
1739481479.5832477,27,9,-21
1739481479.6292477,-55,-80,64
1739481479.6742475,13,-37,-22
1739481479.7202475,-2,25,-122
1739481479.7662475,31,-41,-143
1739481479.8122475,38,-147,-32
1739481479.8572476,-28,-152,-68
1739481479.9032476,11,-67,-85
1739481479.9492476,-36,-38,-10
1739481479.9942474,-27,-50,0
1739481480.0402474,-3,11,35
1739481480.0862474,-19,-2,-41
1739481480.1322474,90,-23,-105
1739481480.1772475,20,-87,-27
1739481480.2232475,24,-9,-78
1739481480.2692475,80,43,43
1739481480.3142476,-56,58,-114
1739481480.3602476,-5,54,-34
1739481480.4062476,24,75,-169
1739481480.4522476,11,45,-13
1739481480.4972477,-6,36,28
1739481480.5432477,-32,-78,-138
1739481480.5892477,-16,-98,-1
1739481480.6342475,22,-63,-22
1739481480.6802475,-78,-6,-50
1739481480.7262475,22,69,-90
1739481480.7722476,64,-85,16
1739481480.8172476,-35,-172,6
1739481480.8632476,14,-75,70
1739481480.9092476,55,-39,7
1739481480.9542477,-44,-92,19
1739481481.0002477,0,-30,-34
1739481481.0462475,-86,50,-80
1739481481.0922475,32,-71,-2
1739481481.1372476,32,-42,-12
1739481481.1832476,6,48,62
1739481481.2292476,17,16,-37
1739481481.2742476,79,6,51
1739481481.3202477,-47,-173,-97
1739481481.3662477,-90,-9,-47
1739481481.4122477,-9,-118,-113
1739481481.4572475,11,-26,36
1739481481.5032475,73,-64,-124
1739481481.5492475,18,-42,-17
1739481481.5942476,-11,-124,-49
1739481481.6402476,-7,-116,-7
1739481481.6862476,-13,-150,60
1739481481.7322476,-13,-64,26
1739481481.7772477,110,-103,-119
1739481481.8232474,21,50,-4
1739481481.8692474,0,-75,-89
1739481481.9142475,-2,-40,40
1739481481.9602475,-60,-48,72
1739481482.0062475,-10,-96,-7
1739481482.0522475,-29,-7,11
1739481482.0972476,-60,32,-34
1739481482.1432476,-16,-114,18
1739481482.1892476,-54,-10,-88
1739481482.2342474,-9,7,-111
1739481482.2862475,23,13,12
1739481482.3322475,-2,113,-46
1739481482.3772476,-25,8,-87
1739481482.4232476,-109,-2,14
1739481482.4692476,-9,-189,-143
1739481482.5142477,38,59,-50
1739481482.5602477,-62,-22,59
1739481482.6062477,-82,78,-32
1739481482.6522477,32,-101,-100
1739481482.6972475,87,-195,-23
1739481482.7432475,0,16,53
1739481482.7892475,8,4,66
1739481482.8342476,14,-65,-15
1739481482.8802476,13,-72,-35
1739481482.9262476,-42,-37,-38
1739481482.9722476,68,-43,-76
1739481483.0172474,-40,-32,-107
1739481483.0632474,30,-139,-12
1739481483.1092474,80,79,30
1739481483.1542475,-40,-130,-37
1739481483.2002475,-3,-34,0
1739481483.2462475,-31,162,71
1739481483.2922475,-30,66,55
1739481483.3372476,-19,174,-22
1739481483.3832476,51,-53,-82
1739481483.4292476,10,-10,24
1739481483.4742477,36,37,15
1739481483.5202477,62,-11,-80
1739481483.5662477,-29,-23,-11
1739481483.6122477,20,-19,-64
1739481483.6572475,-3,-66,-98
1739481483.7032475,-96,106,-41
1739481483.7492476,-19,0,-45
1739481483.7942476,-23,-82,7
1739481483.8402476,48,-61,-33
1739481483.8862476,18,58,41
1739481483.9322476,69,39,-16
1739481483.9772477,-24,23,20
1739481484.0232477,-11,-145,18
1739481484.0692475,-29,-96,-90
1739481484.1142476,-43,-91,167
1739481484.1602476,47,-20,-29
1739481484.2062476,-41,-40,9
1739481484.2522476,-1,72,-124
1739481484.2972476,-85,-90,-78
1739481484.3432477,-15,76,-70
1739481484.3892477,2,-95,-190
1739481484.4342475,37,47,-9
1739481484.4802475,-32,-88,-14
1739481484.5262475,-6,28,-57
1739481484.5722475,-1,47,-56
1739481484.6172476,29,-19,-114
1739481484.6632476,23,-122,-84
1739481484.7092476,-42,-38,58
1739481484.7542477,-54,95,-78
1739481484.8002477,7,-9,-95
1739481484.8462474,59,-68,-77
1739481484.8922474,69,-19,-23
1739481484.9372475,-23,65,-84
1739481484.9832475,-15,-12,16
1739481485.0292475,-21,15,-58
1739481485.0742476,-53,-81,24
1739481485.1202476,4,-19,-88
1739481485.1662476,37,-28,-75
1739481485.2122476,-31,69,-69
1739481485.2572474,10,-6,76
1739481485.3032477,16,56,-18
1739481485.3492477,31,-45,-52
1739481485.3942475,-5,59,-162
1739481485.4402475,56,42,-4
1739481485.4862475,-12,-15,19
1739481485.5322475,-16,-43,-62
1739481485.5772476,32,-14,-70
1739481485.6232476,-16,81,-19
1739481485.6692476,-23,-13,21
1739481485.7142477,-41,-53,-30
1739481485.7602477,-1,-159,-74
1739481485.8062477,-3,75,-57
1739481485.8522477,39,50,24
1739481485.8972476,4,-51,-26
1739481485.9432476,-2,-52,-37
1739481485.9892476,-18,-106,-7
1739481486.0342476,-33,-101,-89
1739481486.0802476,-64,-83,-108
1739481486.1262476,0,-68,52
1739481486.1722476,69,34,10
1739481486.2172475,0,103,-27
1739481486.2632475,-8,-109,-41
1739481486.3092475,-177,-25,-1
1739481486.3542476,19,-82,-6
1739481486.4002476,68,-71,-4
1739481486.4462476,24,-49,55
1739481486.4922476,114,82,65
1739481486.5372477,2,-87,-50
1739481486.5832477,-1,-52,-199
1739481486.6292477,9,69,-42
1739481486.6742475,0,-67,-112
1739481486.7202475,-18,31,-12
1739481486.7662475,-5,-73,-56
1739481486.8122475,38,8,22
1739481486.8572476,1,-113,25
1739481486.9032476,-41,82,-111
1739481486.9492476,-25,93,-237
1739481486.9942474,23,-50,-16
1739481487.0402474,-98,-91,-28
1739481487.0862474,-67,-19,-3
1739481487.1322474,100,86,48
1739481487.1772475,24,-2,-12
1739481487.2232475,51,-42,17
1739481487.2692475,28,150,74
1739481487.3142476,-2,-2,-157
1739481487.3602476,25,-176,-24
1739481487.4062476,8,-74,-7
1739481487.4522476,-67,-1,33
1739481487.4972477,3,-105,-21
1739481487.5432477,-69,69,-64
1739481487.5892477,91,-40,84
1739481487.6342475,-59,-55,-143
1739481487.6802475,22,-80,-3
1739481487.7262475,9,64,-77
1739481487.7712476,22,78,-130
1739481487.8172476,24,-49,73
1739481487.8632476,19,36,-44
1739481487.9092476,-11,70,-45
1739481487.9542477,20,-165,-37
1739481488.0002477,-29,-109,-42
1739481488.0462475,9,-10,-69
1739481488.0912476,-48,-17,0
1739481488.1372476,-32,43,-166
1739481488.1832476,13,-98,-137
1739481488.2292476,13,-18,-110
1739481488.2742476,-54,41,-57
1739481488.3202477,-10,-126,-101
1739481488.3662477,-43,-37,28
1739481488.4112475,-55,-129,-50
1739481488.4572475,-38,-89,-141
1739481488.5032475,-64,-49,-133
1739481488.5492475,8,0,92
1739481488.5942476,46,-62,-9
1739481488.6402476,-2,76,8
1739481488.6862476,30,-100,156
1739481488.7312477,-66,-7,-144
1739481488.7772477,43,84,-99
1739481488.8232474,-48,-27,-64
1739481488.8692474,-37,49,-40
1739481488.9142475,95,-44,-139
1739481488.9602475,19,-53,-48
1739481489.0062475,-8,-5,-7
1739481489.0512476,-68,-35,-18
1739481489.0972476,-10,-140,-49
1739481489.1432476,35,-44,-25
1739481489.1892476,-54,3,-2
1739481489.2342474,-8,58,9
1739481489.2802474,16,-98,-87
1739481489.3262477,16,-89,11
1739481489.3712475,-2,-18,-117
1739481489.4172475,-27,108,48
1739481489.4632475,-70,0,-146
1739481489.5092475,-57,64,-84
1739481489.5542476,16,-33,-63
1739481489.6002476,8,23,-69
1739481489.6462476,-17,82,-34
1739481489.6912477,-53,-58,-78
1739481489.7372477,25,-7,-42
1739481489.7832477,11,-29,-139
1739481489.8292477,-48,-64,-88
1739481489.8742476,20,-77,-45
1739481489.9202476,-20,-42,-134
1739481489.9662476,-1,51,41
1739481490.0112476,22,-121,10
1739481490.0572476,10,21,30
1739481490.1032476,-4,32,-26
1739481490.1492476,3,91,33
1739481490.1942475,8,45,-33
1739481490.2402475,29,-111,63
1739481490.2862475,7,-6,-78
1739481490.3312476,-41,-46,38
1739481490.3772476,-77,34,-54
1739481490.4232476,-19,-52,-65
1739481490.4692476,-64,-34,22
1739481490.5142477,1,68,-78
1739481490.5602477,33,50,-127
1739481490.6062477,79,8,-101
1739481490.6512475,-23,-73,-60
1739481490.6972475,-38,-75,-148
1739481490.7432475,-108,-23,-105
1739481490.7892475,-2,-25,-34
1739481490.8342476,54,-102,-52
1739481490.8802476,-31,-109,32
1739481490.9262476,64,-48,-121
1739481490.9712474,-5,-78,-103
1739481491.0172474,-16,-35,46
1739481491.0632474,8,66,-34
1739481491.1092474,-70,-11,-146
1739481491.1542475,-22,-11,-88
1739481491.2002475,72,-74,21
1739481491.2462475,-62,-111,69
1739481491.2912476,-42,-73,-1
1739481491.3372476,-31,-107,-10
1739481491.3832476,11,15,-120
1739481491.4292476,-31,33,-57
1739481491.4742477,-63,-65,16
1739481491.5202477,75,8,22
1739481491.5662477,-24,-29,-17
1739481491.6112475,8,32,-79
1739481491.6572475,17,-6,50
1739481491.7032475,-84,-117,-101
1739481491.7492476,-55,5,-53
1739481491.7942476,7,22,-52
1739481491.8402476,-50,31,-19
1739481491.8862476,43,-64,12
1739481491.9312477,-82,49,8
1739481491.9772477,-9,-121,-133
1739481492.0232477,-26,96,108
1739481492.0692475,60,18,-52
1739481492.1142476,-44,-127,8
1739481492.1602476,15,0,-117
1739481492.2062476,13,-22,90
1739481492.2512476,124,-33,25
1739481492.3032477,20,66,26
1739481492.3492477,-17,-149,-92
1739481492.3942475,33,-40,27
1739481492.4402475,36,-76,-89
1739481492.4862475,57,-64,1
1739481492.5312476,-33,-95,-102
1739481492.5772476,-30,-1,-32
1739481492.6232476,-16,-55,-99
1739481492.6692476,13,-74,3
1739481492.7142477,13,122,41
1739481492.7602477,-55,47,26
1739481492.8062477,-4,-27,-51
1739481492.8512475,-44,-185,-13
1739481492.8972476,-27,-29,-46
1739481492.9432476,18,-102,7
1739481492.9892476,-36,11,-78
1739481493.0342476,-66,-109,12
1739481493.0802476,-66,-111,59
1739481493.1262476,49,112,-33
1739481493.1712475,14,-59,-46
1739481493.2172475,-66,7,19
1739481493.2632475,-25,-61,-51
1739481493.3092475,19,41,-33
1739481493.3542476,-53,-97,74
1739481493.4002476,10,-19,-175
1739481493.4462476,50,26,31
1739481493.4912477,73,70,-115
1739481493.5372477,13,66,-127
1739481493.5832477,26,-12,-62
1739481493.6292477,-20,17,2
1739481493.6742475,-13,-35,-39
1739481493.7202475,-6,-155,25
1739481493.7662475,-11,-7,-3
1739481493.8112476,36,10,-30
1739481493.8572476,18,-78,20
1739481493.9032476,-53,21,88
1739481493.9492476,-20,-41,80
1739481493.9942474,5,40,-100
1739481494.0402474,-7,-143,-74
1739481494.0862474,2,86,30
1739481494.1312475,4,-19,79
1739481494.1772475,27,-24,-18
1739481494.2232475,-39,-19,61
1739481494.2692475,2,-140,-14
1739481494.3142476,-31,181,50
1739481494.3602476,-10,-53,-47
1739481494.4062476,-4,105,-151
1739481494.4512477,-13,-2,-36
1739481494.4972477,-22,-10,-103
1739481494.5432477,38,-35,-12
1739481494.5892477,-127,23,-106
1739481494.6342475,42,-44,-93
1739481494.6802475,-63,-42,-44
1739481494.7262475,47,92,30
1739481494.7712476,-13,-54,-135
1739481494.8172476,-18,-38,-110
1739481494.8632476,-21,73,-51
1739481494.9092476,11,42,-10
1739481494.9542477,54,-127,24
1739481495.0002477,47,28,13
1739481495.0462475,-13,25,52
1739481495.0912476,-56,-162,-91
1739481495.1372476,-18,-107,-143
1739481495.1832476,60,-103,-73
1739481495.2292476,11,-67,-152
1739481495.2742476,11,0,-4
1739481495.3202477,28,-4,6
1739481495.3662477,0,-34,-64
1739481495.4112475,12,-113,-118
1739481495.4572475,-18,3,38
1739481495.5032475,67,-169,-155
1739481495.5492475,38,-60,50
1739481495.5942476,26,-52,-5
1739481495.6402476,90,-39,15
1739481495.6862476,-25,29,-72
1739481495.7312477,-5,-105,72
1739481495.7772477,39,-77,-19
1739481495.8232474,-23,63,-142
1739481495.8692474,-27,-1,56
1739481495.9142475,50,-8,-33
1739481495.9602475,-11,79,3
1739481496.0062475,29,-75,-62
1739481496.0512476,-12,65,-4
1739481496.0972476,24,0,-18
1739481496.1432476,-53,17,-74
1739481496.1892476,29,-117,-84
1739481496.2342474,-101,-22,-68
1739481496.2802474,-58,-114,-75
1739481496.3262477,55,-54,-116
1739481496.3712475,0,-49,-50
1739481496.4172475,-38,-10,-53
1739481496.4632475,17,-194,-3
1739481496.5092475,-30,47,-36
1739481496.5542476,11,-11,-23
1739481496.6002476,-48,47,-14
1739481496.6462476,-80,-19,-32
1739481496.6912477,19,-97,-68
1739481496.7372477,43,-38,-38
1739481496.7832477,6,-22,-68
1739481496.8292477,-25,-15,-50
1739481496.8742476,-12,38,-113
1739481496.9202476,32,-62,-58
1739481496.9662476,18,-96,-143
1739481497.0112476,-52,-133,-79
1739481497.0572476,-38,-19,-97
1739481497.1032476,-45,-41,-52
1739481497.1492476,2,18,10
1739481497.1942475,-13,-106,106
1739481497.2402475,-50,-57,-79
1739481497.2862475,55,42,-23
1739481497.3312476,-40,21,-59
1739481497.3772476,6,-2,-36
1739481497.4232476,95,-70,-81
1739481497.4692476,-143,-41,-5
1739481497.5142477,-31,-3,-64
1739481497.5602477,8,-110,-140
1739481497.6062477,-69,-79,-13
1739481497.6512475,10,14,-75
1739481497.6972475,17,-48,8
1739481497.7432475,-85,1,-37
1739481497.7892475,7,-106,-82
1739481497.8342476,-38,-13,33
1739481497.8802476,81,82,-108
1739481497.9262476,-68,11,47
1739481497.9712474,-15,-35,-49
1739481498.0172474,-20,21,-79
1739481498.0632474,-11,0,43
1739481498.1092474,67,-39,-5
1739481498.1542475,-30,-41,-172
1739481498.2002475,-24,-59,70
1739481498.2462475,-12,-88,32
1739481498.2912476,5,-107,-112
1739481498.3372476,76,-46,-73
1739481498.3832476,20,19,-104
1739481498.4292476,71,40,47
1739481498.4742477,8,-22,-145
1739481498.5202477,-7,-157,20
1739481498.5662477,48,94,47
1739481498.6112475,-22,-67,-3
1739481498.6572475,15,-54,-107
1739481498.7032475,10,60,36
1739481498.7492476,65,20,-112
1739481498.7942476,39,0,-40
1739481498.8402476,-68,13,64
1739481498.8862476,66,126,116
1739481498.9312477,17,74,28
1739481498.9772477,84,26,133
1739481499.0232477,11,51,62
1739481499.0692475,-12,-17,-2
1739481499.1142476,36,-10,-111
1739481499.1602476,49,-58,-20
1739481499.2062476,-10,-17,87
1739481499.2512476,69,-60,34
1739481499.2972476,51,-44,-55
1739481499.3432477,51,-34,-154
1739481499.3892477,27,-32,-87
1739481499.4342475,-41,3,6
1739481499.4802475,25,-14,32
1739481499.5262475,11,-17,-102
1739481499.5712476,-1,-58,-24
1739481499.6172476,41,-76,-68
1739481499.6632476,-5,-74,106
1739481499.7092476,3,-26,-135
1739481499.7542477,-19,-65,-31
1739481499.8002477,39,-6,-62
1739481499.8462474,23,-64,-9
1739481499.8912475,26,-94,-177
1739481499.9372475,-31,-19,25
1739481499.9832475,74,54,31
1739481500.0292475,35,0,-5
1739481500.0742476,34,-106,43
1739481500.1202476,-9,-58,52
1739481500.1662476,-19,-44,56
1739481500.2112474,-16,13,17
1739481500.2572474,-22,-85,-164
1739481500.3032477,-18,-145,-129
1739481500.3492477,71,40,-56
1739481500.3942475,-47,-9,-34
1739481500.4402475,38,-148,0
1739481500.4852476,-39,-59,7
1739481500.5302474,39,42,-40
1739481500.5762477,17,-8,-5
1739481500.6222477,-4,17,-67
1739481500.6672475,-50,-5,-26
1739481500.7132475,17,60,-158
1739481500.7592475,101,32,-229
1739481500.8052475,-16,27,72
1739481500.8502476,-22,-37,-47
1739481500.8962476,-1,-80,96
1739481500.9422476,50,-76,-25
1739481500.9872477,39,-70,64
1739481501.0332477,-27,-49,-14
1739481501.0792477,120,84,18
1739481501.1252477,-60,-3,-30
1739481501.1702476,24,16,-59
1739481501.2162476,25,30,-58
1739481501.2622476,81,28,-108
1739481501.3072476,-1,-64,87
1739481501.3532476,1,0,33
1739481501.3992476,-88,-128,19
1739481501.4452477,17,-144,-47
1739481501.4902475,-11,-112,30
1739481501.5362475,-86,-58,-6
1739481501.5822475,11,14,-44
1739481501.6272476,6,-21,26
1739481501.6732476,-17,8,-83
1739481501.7192476,103,-94,30
1739481501.7652476,-46,-33,-26
1739481501.8102477,-36,-45,16
1739481501.8562477,-1,58,-40
1739481501.9022477,22,-63,-4
1739481501.9472475,54,-48,16
1739481501.9932475,-30,-74,99
1739481502.0392475,-23,-54,-64
1739481502.0852475,-23,-65,-47
1739481502.1302476,-53,10,-180
1739481502.1762476,2,-3,-34
1739481502.2222476,54,-73,-34
1739481502.2672474,22,-11,-31
1739481502.3192475,-2,101,22
1739481502.3652475,-31,-41,-48
1739481502.4102476,16,-220,-12
1739481502.4562476,-8,-17,-94
1739481502.5022476,-15,-80,-136
1739481502.5472476,56,-114,57
1739481502.5932477,-18,-47,-53
1739481502.6392477,36,-128,2
1739481502.6852477,-73,-50,-48
1739481502.7302475,19,-62,-89
1739481502.7762475,-13,26,28
1739481502.8222475,-109,-123,0
1739481502.8672476,63,-99,-110
1739481502.9132476,-13,63,21
1739481502.9592476,49,-67,-75
1739481503.0052476,75,-29,-35
1739481503.0502477,57,-5,-85
1739481503.0962474,61,-65,-19
1739481503.1422474,42,-27,48
1739481503.1872475,59,-79,34
1739481503.2332475,66,8,-63
1739481503.2792475,33,-106,-23
1739481503.3252475,61,-72,-53
1739481503.3702476,15,60,39
1739481503.4162476,-102,-65,-20
1739481503.4622476,-13,-69,-26
1739481503.5072474,-17,95,-20
1739481503.5532477,12,32,36
1739481503.5992477,1,-140,-86
1739481503.6452477,-109,-66,51
1739481503.6902475,80,-39,13
1739481503.7362475,65,-39,-144
1739481503.7822475,-98,-32,15
1739481503.8272476,25,-61,23
1739481503.8732476,7,115,37
1739481503.9192476,27,-71,-58
1739481503.9652476,61,-77,-70
1739481504.0102477,84,71,99
1739481504.0562477,71,-55,-66
1739481504.1022477,-45,12,-89
1739481504.1472476,26,-81,-16
1739481504.1932476,-9,-137,110
1739481504.2392476,37,-27,13
1739481504.2852476,-95,-34,-67
1739481504.3302476,12,-5,68
1739481504.3762476,14,-71,-18
1739481504.4222476,-78,22,58
1739481504.4672475,18,-7,0
1739481504.5132475,-14,-96,-84
1739481504.5592475,-63,-10,-130
1739481504.6052475,-13,-48,12
1739481504.6502476,-4,-6,-24
1739481504.6962476,-53,-20,-65
1739481504.7422476,-44,6,-23
1739481504.7892475,-60,30,-123
1739481504.8342476,-1,-144,46
1739481504.8802476,-96,-12,31
1739481504.9262476,-112,20,-16
1739481504.9712474,25,-33,-73
1739481505.0172474,-15,-96,29
1739481505.0632474,-4,-87,2
1739481505.1092474,-39,-84,-45
1739481505.1542475,-40,-44,-113
1739481505.2002475,-21,60,-35
1739481505.2462475,-43,-166,-48
1739481505.2912476,-33,-32,-8
1739481505.3372476,34,49,84
1739481505.3832476,-35,112,-102
1739481505.4292476,-20,20,-96
1739481505.4742477,-42,-86,5
1739481505.5202477,33,-85,27
1739481505.5662477,-1,34,8
1739481505.6112475,1,-59,-93
1739481505.6572475,-9,-24,-30
1739481505.7032475,0,13,-53
1739481505.7492476,3,-126,8
1739481505.7942476,-35,-22,13
1739481505.8402476,-49,44,32
1739481505.8862476,55,3,-21
1739481505.9312477,81,-69,-57
1739481505.9772477,67,95,-28
1739481506.0232477,10,29,-125
1739481506.0692475,35,-25,-122
1739481506.1142476,-16,-22,-68
1739481506.1602476,10,-15,-56
1739481506.2062476,4,-107,18
1739481506.2512476,-4,60,-124
1739481506.2972476,77,-11,-63
1739481506.3432477,2,-3,-51
1739481506.3892477,-18,-104,-49
1739481506.4342475,47,25,-16
1739481506.4802475,-11,30,-124
1739481506.5262475,63,35,-36
1739481506.5712476,79,-77,7
1739481506.6172476,28,-27,32
1739481506.6632476,18,41,-113
1739481506.7092476,-33,-4,16
1739481506.7542477,49,47,49
1739481506.8002477,76,-47,-86
1739481506.8462474,-5,-86,-24
1739481506.8912475,-17,-12,140
1739481506.9372475,46,-147,-96
1739481506.9832475,0,-41,-16
1739481507.0292475,53,-107,-15
1739481507.0742476,10,-9,-73
1739481507.1202476,14,61,-10
1739481507.1662476,36,-167,44
1739481507.2112474,0,-43,-51
1739481507.2572474,66,11,-124
1739481507.3032477,38,-105,-117
1739481507.3492477,31,-5,-94
1739481507.3942475,11,-13,-135
1739481507.4402475,-16,4,8
1739481507.4862475,-36,-66,-64
1739481507.5312476,-27,42,72
1739481507.5772476,36,-27,-32
1739481507.6232476,-5,-16,-38
1739481507.6692476,-41,-50,-106
1739481507.7142477,35,51,-25
1739481507.7602477,-76,-62,120
1739481507.8062477,-13,-84,127
1739481507.8512475,-29,-96,-71
1739481507.8972476,-24,50,-117
1739481507.9432476,-27,-8,-5
1739481507.9892476,80,-69,-43
1739481508.0342476,57,-5,-26
1739481508.0802476,29,-65,68
1739481508.1262476,52,-27,61
1739481508.1712475,52,11,121
1739481508.2172475,31,-19,-201
1739481508.2632475,27,43,64
1739481508.3092475,-8,-40,-43
1739481508.3542476,-25,-12,-8
1739481508.4002476,-66,-28,-77
1739481508.4462476,-14,-50,19
1739481508.4912477,-65,4,10
1739481508.5372477,7,33,-74
1739481508.5832477,33,-149,-41
1739481508.6292477,-34,-2,-115
1739481508.6742475,-24,-124,7
1739481508.7202475,44,-135,-41
1739481508.7662475,-54,58,-77
1739481508.8112476,68,15,-129
1739481508.8572476,56,-59,44
1739481508.9032476,-80,-194,-95
1739481508.9492476,19,-10,131
1739481508.9942474,9,23,-39
1739481509.0402474,5,5,-1
1739481509.0862474,-63,-68,81
1739481509.1312475,65,107,-55
1739481509.1772475,0,0,-107
1739481509.2232475,-46,-16,-77
1739481509.2692475,-32,-74,-75
1739481509.3142476,-58,2,9
1739481509.3602476,-17,112,11
1739481509.4062476,-43,56,-95
1739481509.4512477,57,-13,98
1739481509.4972477,-30,14,4
1739481509.5432477,72,13,-31
1739481509.5892477,35,43,-80
1739481509.6342475,83,13,31
1739481509.6802475,62,-49,-13
1739481509.7262475,7,75,68
1739481509.7712476,-46,-24,-126
1739481509.8172476,38,-63,68
1739481509.8632476,22,-113,-84
1739481509.9092476,62,-55,-69
1739481509.9542477,-15,-67,-27
1739481510.0002477,-31,-33,-190
1739481510.0462475,-65,-73,51
1739481510.0912476,51,-82,-44
1739481510.1372476,-11,33,84
1739481510.1832476,-23,11,16
1739481510.2292476,-5,-58,-104
1739481510.2742476,50,4,-30
1739481510.3202477,-33,-23,0
1739481510.3662477,89,-108,-23
1739481510.4112475,48,-78,-63
1739481510.4572475,30,52,11
1739481510.5032475,11,42,-4
1739481510.5492475,51,100,-28
1739481510.5942476,27,-10,-80
1739481510.6402476,-46,-37,-105
1739481510.6862476,-34,-125,44
1739481510.7312477,-22,-131,-46
1739481510.7772477,8,-76,1
1739481510.8232474,-14,15,-63
1739481510.8692474,-38,-15,77
1739481510.9142475,35,-136,-19
1739481510.9602475,-64,9,51
1739481511.0062475,-28,61,-65
1739481511.0512476,35,2,-27
1739481511.0972476,-55,-29,-12
1739481511.1432476,-84,21,-24
1739481511.1892476,-15,-83,-96
1739481511.2342474,-4,-62,-73
1739481511.2802474,-69,-75,0
1739481511.3262477,-24,-25,-172
1739481511.3712475,24,-48,-22
1739481511.4172475,18,-136,166
1739481511.4632475,10,4,79
1739481511.5092475,8,-62,45
1739481511.5542476,31,-80,-14
1739481511.6002476,-37,83,-143
1739481511.6462476,0,-96,9
1739481511.6912477,51,38,-118
1739481511.7372477,-10,37,-88
1739481511.7832477,-25,-113,-126
1739481511.8292477,-2,-46,-31
1739481511.8742476,21,34,-88
1739481511.9202476,-10,-159,-23
1739481511.9662476,20,-18,87
1739481512.0112476,-80,-65,1
1739481512.0572476,-7,-45,-68
1739481512.1032476,-48,-13,-136
1739481512.1492476,-57,-125,-143
1739481512.1942475,4,19,-97
1739481512.2402475,56,-40,-41
1739481512.2862475,-45,-127,41
1739481512.3372476,95,-52,-70
1739481512.3832476,7,-14,-209
1739481512.4292476,2,-57,-135
1739481512.4742477,-79,33,-68
1739481512.5202477,-5,-17,12
1739481512.5662477,-54,-5,-94
1739481512.6112475,-43,1,-20
1739481512.6572475,6,-23,-51
1739481512.7032475,20,8,-39
1739481512.7492476,27,18,-45
1739481512.7942476,6,28,-137
1739481512.8402476,34,-148,-88
1739481512.8862476,22,-14,-21
1739481512.9312477,118,-116,-98
1739481512.9772477,-23,9,30
1739481513.0232477,50,28,-8
1739481513.0692475,14,-104,-57
1739481513.1142476,36,68,-108
1739481513.1602476,-83,-3,-1
1739481513.2062476,45,28,-80
1739481513.2512476,-14,53,-35
1739481513.2972476,-16,-28,11
1739481513.3432477,70,-92,-103
1739481513.3892477,14,-157,33
1739481513.4342475,-44,-9,16
1739481513.4802475,-29,35,-54
1739481513.5262475,-5,71,-28
1739481513.5712476,-19,-35,-27
1739481513.6172476,-12,-1,-80
1739481513.6632476,10,64,-108
1739481513.7092476,-70,-43,12
1739481513.7542477,-32,-107,45
1739481513.8002477,17,42,65
1739481513.8462474,28,126,-28
1739481513.8912475,33,-22,-54
1739481513.9372475,-12,-119,58
1739481513.9832475,-6,132,-42
1739481514.0292475,4,-41,-138
1739481514.0742476,-11,-83,-2
1739481514.1202476,7,18,-113
1739481514.1662476,-32,123,-144
1739481514.2112474,-56,-43,-34
1739481514.2572474,-9,-54,-54
1739481514.3032477,18,-32,-141
1739481514.3492477,9,-22,66
1739481514.3942475,-39,-35,-80
1739481514.4402475,-60,7,13
1739481514.4862475,56,-64,80
1739481514.5312476,-4,-63,-77
1739481514.5772476,6,-126,-15
1739481514.6232476,29,-122,9
1739481514.6692476,-31,-9,-17
1739481514.7142477,-12,3,-129
1739481514.7602477,-11,139,-26
1739481514.8062477,-34,-145,-53
1739481514.8512475,26,-38,-79
1739481514.8972476,59,30,-5
1739481514.9432476,-49,-65,103
1739481514.9892476,-27,-67,-73
1739481515.0342476,-34,-35,-32
1739481515.0802476,40,-12,-38
1739481515.1262476,-25,-25,-129
1739481515.1712475,-13,-27,-58
1739481515.2172475,84,-148,-3
1739481515.2632475,26,-26,53
1739481515.3092475,43,-104,-94
1739481515.3542476,63,-26,0
1739481515.4002476,41,-44,-8
1739481515.4452477,-43,-71,5
1739481515.4902475,40,-14,-58
1739481515.5362475,-51,11,11
1739481515.5822475,11,-42,21
1739481515.6272476,-20,-129,-129
1739481515.6732476,47,-72,-16
1739481515.7192476,-41,-87,-20
1739481515.7652476,20,-44,-63
1739481515.8102477,-3,1,-126
1739481515.8562477,58,-28,-29
1739481515.9022477,-9,-13,69
1739481515.9472475,68,70,-55
1739481515.9932475,-1,-5,0
1739481516.0392475,-116,-59,7
1739481516.0852475,57,-80,-49
1739481516.1302476,36,-66,-66
1739481516.1762476,-15,-17,-25
1739481516.2222476,3,8,-48
1739481516.2672474,26,-48,-196
1739481516.3132474,-43,-117,-54
1739481516.3592474,7,-26,-93
1739481516.4052474,-30,85,-91
1739481516.4502475,135,-60,-145
1739481516.4962475,-60,13,-72
1739481516.5422475,98,-12,-97
1739481516.5872476,7,-81,38
1739481516.6332476,64,16,53
1739481516.6792476,-100,5,-101
1739481516.7252476,-43,-115,-8
1739481516.7702477,-42,31,-47
1739481516.8162477,-4,-73,-88
1739481516.8622477,53,-32,9
1739481516.9072475,-3,-167,-115
1739481516.9532475,22,-148,-77
1739481516.9992476,22,-10,-57
1739481517.0452476,18,-26,-166
1739481517.0902476,22,76,38
1739481517.1362476,-9,-39,72
1739481517.1822476,72,-118,39
1739481517.2272477,32,-16,61
1739481517.2732477,-23,-35,-64
1739481517.3192475,-75,-41,27
1739481517.3652475,-52,-41,9
1739481517.4102476,-26,-59,-157
1739481517.4562476,-33,-5,-71
1739481517.5022476,2,134,-52
1739481517.5472476,-33,-29,-46
1739481517.5932477,11,-7,-23
1739481517.6392477,-84,-3,31
1739481517.6852477,54,-156,-147
1739481517.7302475,-7,-15,-164
1739481517.7762475,-78,-199,10
1739481517.8222475,23,6,-37
1739481517.8672476,39,20,-75
1739481517.9132476,13,-162,-81
1739481517.9592476,4,23,-52
1739481518.0052476,-17,107,-92
1739481518.0502477,-55,-45,-3
1739481518.0962474,7,-44,-61
1739481518.1422474,-29,-17,-9
1739481518.1872475,19,68,-47
1739481518.2332475,0,-16,21
1739481518.2792475,92,34,15
1739481518.3252475,-4,-7,76
1739481518.3702476,21,-66,-100
1739481518.4162476,36,70,23
1739481518.4622476,-63,-33,-19
1739481518.5072474,3,2,-56
1739481518.5532477,93,70,-20
1739481518.5992477,33,-40,-55
1739481518.6452477,12,-122,-127
1739481518.6902475,15,66,-115
1739481518.7362475,3,0,-67
1739481518.7822475,-21,-19,-27
1739481518.8272476,35,-118,-24
1739481518.8732476,43,-124,62
1739481518.9192476,13,0,-63
1739481518.9652476,-15,-31,-33
1739481519.0102477,-29,-29,-57
1739481519.0562477,-26,-59,-95
1739481519.1022477,28,-42,-77
1739481519.1472476,34,56,-161
1739481519.1932476,100,-128,-51
1739481519.2392476,-31,-5,-18
1739481519.2852476,25,80,14
1739481519.3302476,-14,-15,71
1739481519.3762476,10,89,-42
1739481519.4222476,0,-25,21
1739481519.4672475,57,-54,35
1739481519.5132475,-93,-45,-172
1739481519.5592475,-46,-17,38
1739481519.6042476,-21,-15,-18
1739481519.6502476,35,-48,24
1739481519.6962476,44,-138,20
1739481519.7422476,65,28,-101
1739481519.7872477,92,-18,23
1739481519.8332477,60,-10,-82
1739481519.8792477,33,-58,0
1739481519.9242475,-7,-67,-106
1739481519.9702475,11,-24,-10
1739481520.0162475,10,-16,83
1739481520.0622475,4,-33,34
1739481520.1072476,-20,-95,-15
1739481520.1532476,22,-64,89
1739481520.1992476,-24,-65,-26
1739481520.2442474,23,-32,24
1739481520.2902474,51,0,-1
1739481520.3362474,60,-26,-86
1739481520.3822474,8,-202,46
1739481520.4272475,-7,-118,7
1739481520.4732475,41,-6,-62
1739481520.5192475,31,-6,-33
1739481520.5642476,-15,25,-39
1739481520.6102476,17,-118,-76
1739481520.6562476,32,-57,-78
1739481520.7022476,18,-91,-52
1739481520.7472477,-20,14,-22
1739481520.7932477,-5,-21,6
1739481520.8392477,37,0,-35
1739481520.8842475,84,-122,44
1739481520.9302475,22,-18,0
1739481520.9762475,61,49,-28
1739481521.0222476,-35,47,-98
1739481521.0672476,51,32,-88
1739481521.1132476,4,-80,-44
1739481521.1592476,-91,-17,-7
1739481521.2042477,24,4,93
1739481521.2502477,-20,-22,-43
1739481521.2962475,-5,102,3
1739481521.3422475,-20,1,-212
1739481521.3872476,-3,-9,30
1739481521.4332476,70,-151,-134
1739481521.4792476,82,17,-114
1739481521.5242476,-10,-4,11
1739481521.5702477,-59,-146,-45
1739481521.6162477,-16,2,42
1739481521.6622477,-48,82,-20
1739481521.7072475,-36,-122,-2
1739481521.7532475,-1,-98,-83
1739481521.7992475,-50,-28,-134
1739481521.8442476,29,-5,106
1739481521.8902476,-6,-94,-49
1739481521.9362476,-37,32,-31
1739481521.9822476,-60,59,-75
1739481522.0272477,31,-11,14
1739481522.0732474,54,-119,-13
1739481522.1192474,-86,-99,-48
1739481522.1642475,-72,29,20
1739481522.2102475,-42,35,42
1739481522.2562475,-33,-81,-44
1739481522.3022475,8,-26,16
1739481522.3532476,-60,-59,-30
1739481522.3992476,-69,-77,-41
1739481522.4442475,32,-14,57
1739481522.4902475,39,-40,-54
1739481522.5362475,14,-54,-120
1739481522.5822475,81,-118,-48
1739481522.6272476,-7,49,-21
1739481522.6732476,72,14,-23
1739481522.7192476,-28,-33,-31
1739481522.7642477,94,-52,42
1739481522.8112476,-31,-91,-11
1739481522.8572476,10,-28,-2
1739481522.9032476,19,-136,-122
1739481522.9482474,44,-40,12
1739481522.9942474,-28,-131,-49
1739481523.0402474,-68,-115,-27
1739481523.0862474,-50,-97,194
1739481523.1312475,-59,-33,44
1739481523.1772475,26,-64,2
1739481523.2232475,-46,-155,-10
1739481523.2682476,-15,-23,-31
1739481523.3142476,30,-60,-13
1739481523.3602476,-1,-95,-67
1739481523.4062476,12,10,-140
1739481523.4512477,-35,-49,4
1739481523.4972477,-16,-115,-63
1739481523.5432477,29,11,-10
1739481523.5882475,-7,-48,-81
1739481523.6342475,29,-132,-151
1739481523.6802475,37,-42,-42
1739481523.7262475,-45,-61,-6
1739481523.7712476,-30,-17,-50
1739481523.8172476,2,-180,29
1739481523.8632476,-21,-19,-24
1739481523.9082477,-21,-23,-118
1739481523.9542477,-35,-29,6
1739481524.0002477,-6,-38,-72
1739481524.0462475,54,-92,-84
1739481524.0912476,-20,-147,-71
1739481524.1372476,-70,-84,-48
1739481524.1832476,-75,-70,53
1739481524.2282476,15,-35,79
1739481524.2742476,0,71,-74
1739481524.3202477,-31,-60,2
1739481524.3662477,0,84,57
1739481524.4112475,-12,9,6
1739481524.4572475,-11,-41,-39
1739481524.5032475,-25,-61,-77
1739481524.5482476,-7,-10,14
1739481524.5942476,-79,-73,-31
1739481524.6402476,-21,-105,-21
1739481524.6862476,-55,-21,60
1739481524.7312477,-106,33,33
1739481524.7772477,8,-36,-2
1739481524.8232474,69,46,-73
1739481524.8682475,11,-54,-87
1739481524.9142475,-17,-111,-92
1739481524.9602475,66,-108,-160
1739481525.0062475,35,-84,-84
1739481525.0512476,28,-105,-74
1739481525.0972476,-23,-103,18
1739481525.1432476,26,-152,14
1739481525.1882474,27,-66,-195
1739481525.2342474,-20,-91,0
1739481525.2802474,45,46,33
1739481525.3262477,-7,-97,-57
1739481525.3712475,-3,-83,8
1739481525.4172475,-13,27,-57
1739481525.4632475,14,-80,47
1739481525.5082476,-108,17,-24
1739481525.5542476,72,16,-207
1739481525.6002476,-32,-14,27
1739481525.6462476,1,2,-10
1739481525.6912477,5,5,-16
1739481525.7372477,-59,21,-35
1739481525.7832477,26,-104,18
1739481525.8282475,-88,103,19
1739481525.8742476,-16,-113,82
1739481525.9202476,60,-46,-114
1739481525.9662476,12,-58,-86
1739481526.0112476,-63,-39,-106
1739481526.0572476,-20,-171,-135
1739481526.1032476,9,-48,-42
1739481526.1482477,92,-28,-2
1739481526.1942475,59,-96,7
1739481526.2402475,-87,-129,34
1739481526.2862475,8,-97,9
1739481526.3312476,63,-73,-30
1739481526.3772476,-48,-60,33
1739481526.4232476,-99,-74,-31
1739481526.4682477,23,-121,-67
1739481526.5142477,-56,-81,-34
1739481526.5602477,-12,23,-156
1739481526.6062477,-10,-64,16
1739481526.6512475,-40,-95,-71
1739481526.6972475,-27,69,-15
1739481526.7432475,-17,-95,65
1739481526.7882476,-72,-25,-79
1739481526.8342476,-10,0,-37
1739481526.8802476,4,107,62
1739481526.9262476,55,26,117
1739481526.9712474,-13,-18,37
1739481527.0172474,-10,-92,-108
1739481527.0632474,10,21,-100
1739481527.1082475,14,-51,-40
1739481527.1542475,25,15,-6
1739481527.2002475,38,83,-75
1739481527.2462475,-15,0,-49
1739481527.2912476,-57,-52,81
1739481527.3372476,48,1,-50
1739481527.3832476,75,89,111
1739481527.4282477,11,7,-148
1739481527.4742477,76,117,-87
1739481527.5202477,22,-58,-45
1739481527.5662477,-2,104,-85
1739481527.6112475,28,-106,-75
1739481527.6572475,52,-68,-130
1739481527.7032475,126,-42,-66
1739481527.7482476,47,84,-41
1739481527.7942476,28,-16,-75
1739481527.8402476,52,61,-64
1739481527.8862476,104,-74,-163
1739481527.9312477,-12,-75,-65
1739481527.9772477,-29,-17,-134
1739481528.0232477,-33,-139,-73
1739481528.0682476,33,-32,61
1739481528.1142476,-96,21,26
1739481528.1602476,47,78,44
1739481528.2062476,35,-120,-141
1739481528.2512476,-31,-113,95
1739481528.2972476,80,-32,-38
1739481528.3432477,-63,9,-3
1739481528.3882475,43,-45,-55
1739481528.4342475,14,-53,38
1739481528.4802475,3,-77,69
1739481528.5262475,-37,-2,-26
1739481528.5712476,-56,-157,-14
1739481528.6172476,20,-74,-126
1739481528.6632476,-47,-22,13
1739481528.7082477,23,35,-135
1739481528.7542477,-33,-42,-106
1739481528.8002477,-18,23,122
1739481528.8462474,-2,-84,-102
1739481528.8912475,7,-35,45
1739481528.9372475,-18,-24,23
1739481528.9832475,33,-16,-87
1739481529.0282476,-17,7,-30
1739481529.0742476,-77,-14,-105
1739481529.1202476,-103,47,-81
1739481529.1662476,33,88,-45
1739481529.2112474,49,-70,5
1739481529.2572474,-37,-84,-97
1739481529.3032477,97,-87,-36
1739481529.3482475,28,-133,45
1739481529.3942475,-12,-27,-33
1739481529.4402475,-55,11,-108
1739481529.4862475,12,-42,-18
1739481529.5312476,-30,-107,117
1739481529.5772476,67,-48,-146
1739481529.6232476,35,-67,-5
1739481529.6682477,-24,-41,4
1739481529.7142477,43,63,-90
1739481529.7602477,-30,-80,29
1739481529.8062477,9,57,35
1739481529.8512475,31,34,-66
1739481529.8972476,15,-76,54
1739481529.9432476,-4,-1,51
1739481529.9882476,-51,127,13
1739481530.0342476,-22,-23,43
1739481530.0802476,-65,-151,-11
1739481530.1262476,-31,1,-103
1739481530.1712475,-14,-34,41
1739481530.2172475,-10,-104,-72
1739481530.2632475,32,27,-51
1739481530.3082476,52,-13,-50
1739481530.3542476,-8,-52,-103
1739481530.4002476,18,-27,-68
1739481530.4462476,18,-54,0
1739481530.4912477,-68,-15,-53
1739481530.5372477,41,-32,-36
1739481530.5832477,44,-40,18
1739481530.6282475,14,-45,-42
1739481530.6742475,-24,79,63
1739481530.7202475,0,-35,-47
1739481530.7662475,36,-158,-14
1739481530.8112476,3,-16,-130
1739481530.8572476,-37,-43,40
1739481530.9032476,35,-56,-31
1739481530.9482474,104,10,-32
1739481530.9942474,-9,5,-88
1739481531.0402474,-15,-86,-84
1739481531.0862474,80,-58,-38
1739481531.1312475,0,-15,-69
1739481531.1772475,16,28,-58
1739481531.2232475,48,-70,-183
1739481531.2682476,-59,-9,-21
1739481531.3142476,26,-110,61
1739481531.3602476,-60,-25,-69
1739481531.4062476,38,18,-124
1739481531.4512477,-34,-85,-74
1739481531.4972477,-9,-61,61
1739481531.5432477,45,10,75
1739481531.5882475,76,-26,-10
1739481531.6342475,5,52,-76
1739481531.6802475,8,-24,-43
1739481531.7262475,79,-53,-87
1739481531.7712476,82,25,-44
1739481531.8172476,-5,108,-92
1739481531.8632476,-13,-76,0
1739481531.9082477,36,29,30
1739481531.9542477,-63,-48,-5
1739481532.0002477,16,105,-76
1739481532.0462475,-9,52,-96
1739481532.0912476,54,-7,-18
1739481532.1372476,-61,52,28
1739481532.1832476,35,-153,-92
1739481532.2282476,-20,-54,-25
1739481532.2742476,-4,0,0
1739481532.3262477,-9,-48,55
1739481532.3712475,-33,18,-110
1739481532.4172475,34,-71,17
1739481532.4632475,-56,42,-29
1739481532.5082476,-12,-35,-116
1739481532.5542476,9,-109,21
1739481532.6002476,10,-118,19
1739481532.6462476,-34,-80,-50
1739481532.6912477,-43,-98,43
1739481532.7372477,97,-61,11
1739481532.7832477,-33,-44,-114
1739481532.8282475,-30,-116,37
1739481532.8742476,47,69,69
1739481532.9202476,-33,24,-144
1739481532.9642477,-41,82,-62
1739481533.0102477,-33,-47,25
1739481533.0562477,24,66,-67
1739481533.1022477,29,-97,-66
1739481533.1472476,-47,23,-5
1739481533.1932476,82,-6,36
1739481533.2392476,-100,52,-64
1739481533.2842476,60,0,4
1739481533.3302476,-54,-80,-82
1739481533.3762476,-23,-56,-123
1739481533.4222476,35,79,-83
1739481533.4672475,-4,41,65
1739481533.5132475,15,-53,-78
1739481533.5592475,69,65,-76
1739481533.6042476,-27,-22,123
1739481533.6502476,64,-125,44
1739481533.6962476,55,-5,-102
1739481533.7422476,7,0,-33
1739481533.7872477,21,59,-18
1739481533.8332477,30,89,17
1739481533.8792477,6,41,74
1739481533.9242475,15,-42,-12
1739481533.9702475,24,-61,-40
1739481534.0162475,49,-50,31
1739481534.0622475,6,14,62
1739481534.1072476,-78,-84,-73
1739481534.1532476,-1,-145,-10
1739481534.1992476,-32,-60,85
1739481534.2442474,-51,24,-68
1739481534.2902474,-34,-36,-17
1739481534.3362474,-50,-76,-106
1739481534.3822474,1,-2,-86
1739481534.4272475,-49,-70,-68
1739481534.4732475,40,19,20
1739481534.5192475,-33,-102,-27
1739481534.5642476,-15,28,-17
1739481534.6102476,4,83,-52
1739481534.6562476,-7,-16,-8
1739481534.7022476,23,-109,59
1739481534.7472477,16,-79,-122
1739481534.7932477,-13,-28,11
1739481534.8392477,14,-115,22
1739481534.8842475,0,18,25
1739481534.9302475,62,11,-109
1739481534.9762475,-54,-58,-23
1739481535.0222476,12,-43,-42
1739481535.0672476,-30,-28,-135
1739481535.1132476,-44,-96,-14
1739481535.1592476,-21,-30,7
1739481535.2042477,-7,-32,-35
1739481535.2502477,28,47,-79
1739481535.2962475,56,-53,-61
1739481535.3422475,-3,63,-122
1739481535.3872476,-10,-106,-65
1739481535.4332476,-12,74,103
1739481535.4792476,-28,-18,-48
1739481535.5242476,6,77,-40
1739481535.5702477,10,-97,-58
1739481535.6162477,-62,-10,-62
1739481535.6622477,-79,-62,-1
1739481535.7072475,97,-27,-50
1739481535.7532475,37,-139,-89
1739481535.7992475,5,-67,-58
1739481535.8442476,8,-3,0
1739481535.8902476,-42,-12,-157
1739481535.9362476,-17,-22,30
1739481535.9822476,-66,-28,36
1739481536.0272477,-71,-56,-38
1739481536.0732474,20,-73,85
1739481536.1192474,94,1,-110
1739481536.1642475,49,-103,13
1739481536.2102475,8,27,-3
1739481536.2562475,15,-19,-124
1739481536.3022475,3,-5,14
1739481536.3472476,-67,-6,-69
1739481536.3932476,-5,3,-75
1739481536.4392476,84,33,-16
1739481536.4842474,-23,-64,46
1739481536.5302474,-11,-18,-7
1739481536.5762477,-15,-52,-29
1739481536.6222477,0,-130,-43
1739481536.6672475,-5,2,-108
1739481536.7132475,-90,18,23
1739481536.7592475,-64,30,12
1739481536.8042476,-1,-62,-33
1739481536.8502476,-3,-164,47
1739481536.8962476,15,37,62
1739481536.9422476,27,-53,-34
1739481536.9872477,43,-25,-46
1739481537.0332477,28,-7,7
1739481537.0792477,16,-53,-12
1739481537.1242476,23,-61,20
1739481537.1702476,8,17,-137
1739481537.2162476,-6,-14,-63
1739481537.2622476,-63,-40,-59
1739481537.3072476,-37,72,1
1739481537.3532476,2,-23,-110
1739481537.3992476,68,161,-7
1739481537.4442475,39,48,-83
1739481537.4902475,89,0,3
1739481537.5362475,-13,0,-17
1739481537.5822475,-87,0,34
1739481537.6272476,18,65,-59
1739481537.6732476,47,-91,-14
1739481537.7192476,-18,-128,-37
1739481537.7642477,12,-42,-22
1739481537.8102477,-88,6,36
1739481537.8562477,53,-45,-75
1739481537.9022477,-58,-20,26
1739481537.9472475,8,154,-48
1739481537.9932475,-71,-20,-99
1739481538.0392475,-42,-116,-124
1739481538.0842476,5,21,23
1739481538.1302476,56,43,29
1739481538.1762476,-4,-81,-61
1739481538.2222476,-62,-52,39
1739481538.2672474,42,-39,55
1739481538.3132474,-41,70,50
1739481538.3592474,-40,-122,-48
1739481538.4042475,48,-33,-12
1739481538.4502475,-6,-13,-144
1739481538.4962475,-5,-72,13
1739481538.5422475,-46,-154,-105
1739481538.5872476,31,-91,-13
1739481538.6332476,51,8,93
1739481538.6792476,-33,21,-77
1739481538.7242477,-1,-76,-49
1739481538.7702477,-10,51,-137
1739481538.8162477,-25,-25,44
1739481538.8622477,-84,11,-153
1739481538.9072475,-64,-95,73
1739481538.9532475,62,60,-79
1739481538.9992476,27,-116,-6
1739481539.0442476,9,-144,-86
1739481539.0902476,-6,-51,19
1739481539.1362476,13,26,-77
1739481539.1822476,-9,-9,-2
1739481539.2272477,-29,-71,21
1739481539.2732477,-38,-113,-104
1739481539.3192475,-11,-99,-24
1739481539.3642476,-21,17,-18
1739481539.4102476,51,40,-36
1739481539.4562476,-25,-119,-164
1739481539.5022476,56,4,-46
1739481539.5472476,-58,-95,-99
1739481539.5932477,-24,-19,5
1739481539.6392477,-26,-65,22
1739481539.6842475,-6,-54,-13
1739481539.7302475,38,-16,-30
1739481539.7762475,-58,49,20
1739481539.8222475,-68,-145,-140
1739481539.8672476,-38,39,31
1739481539.9132476,54,-6,49
1739481539.9592476,-42,75,-1
1739481540.0042477,-46,-193,61
1739481540.0502477,39,30,-67
1739481540.0962474,-9,-51,36
1739481540.1422474,-52,77,-88
1739481540.1872475,64,-108,0
1739481540.2332475,44,46,-9
1739481540.2792475,26,-100,96
1739481540.3242476,-6,-105,-67
1739481540.3702476,-70,7,-76
1739481540.4162476,-14,-57,-18
1739481540.4622476,-27,-37,57
1739481540.5072474,17,-58,-42
1739481540.5532477,39,-96,-46
1739481540.5992477,-9,31,58
1739481540.6442475,66,-8,61
1739481540.6902475,49,-144,69
1739481540.7362475,-15,-55,110
1739481540.7822475,26,-144,-44
1739481540.8272476,15,-64,-108
1739481540.8732476,-45,-67,46
1739481540.9192476,-4,-28,-194
1739481540.9642477,-11,0,-57
1739481541.0102477,46,-70,32
1739481541.0562477,-5,-21,-119
1739481541.1022477,-37,57,-199
1739481541.1472476,2,-185,-64
1739481541.1932476,-32,29,-84
1739481541.2392476,4,-70,-50
1739481541.2842476,-98,41,-102
1739481541.3302476,-21,-25,0
1739481541.3762476,16,-72,-64
1739481541.4222476,76,-66,-31
1739481541.4672475,48,-24,64
1739481541.5132475,-42,-19,-51
1739481541.5592475,29,-22,-37
1739481541.6042476,6,-20,-21
1739481541.6502476,19,-96,-101
1739481541.6962476,53,-16,-3
1739481541.7422476,-3,50,98
1739481541.7872477,-11,-25,25
1739481541.8332477,16,34,7
1739481541.8792477,-34,47,-101
1739481541.9242475,4,76,-124
1739481541.9702475,122,106,-116
1739481542.0162475,17,-106,-41
1739481542.0602477,-20,37,30
1739481542.1062477,-11,39,63
1739481542.1522477,2,-65,2
1739481542.1982474,-63,-59,-7
1739481542.2432475,74,-38,1
1739481542.2892475,77,-26,-74
1739481542.3402476,0,-91,-58
1739481542.3862476,-26,-115,-54
1739481542.4322476,26,2,76
1739481542.4782476,23,-34,-96
1739481542.5232477,39,-86,80
1739481542.5692475,36,-96,-24
1739481542.6152475,-7,-35,4
1739481542.6602476,-51,-147,29
1739481542.7062476,75,66,29
1739481542.7522476,-8,-69,9
1739481542.7982476,53,38,10
1739481542.8432477,-69,7,-39
1739481542.8892477,-14,13,-77
1739481542.9352477,-20,-13,-121
1739481542.9802475,74,-36,-131
1739481543.0262475,-5,-23,-37
1739481543.0722475,64,-64,-50
1739481543.1182475,41,-92,14
1739481543.1632476,62,70,-11
1739481543.2092476,49,56,-45
1739481543.2552476,-6,-7,59
1739481543.3002477,-8,-88,-60
1739481543.3462474,10,-80,-76
1739481543.3922474,-15,-135,-52
1739481543.4382474,72,98,12
1739481543.4832475,-24,25,-28
1739481543.5292475,61,-40,-95
1739481543.5752475,-41,-83,16
1739481543.6202476,43,-162,-141
1739481543.6662476,44,-77,-97
1739481543.7122476,37,-36,75
1739481543.7582476,85,0,-22
1739481543.8032477,-55,-49,-10
1739481543.8492477,-11,-87,-44
1739481543.8952477,-39,13,-65
1739481543.9402475,-10,-117,24
1739481543.9862475,0,-214,-49
1739481544.0322475,-136,-101,-12
1739481544.0782475,-63,63,-94
1739481544.1232476,7,-56,117
1739481544.1692476,7,33,-53
1739481544.2152476,-6,12,111
1739481544.2602477,-64,33,28
1739481544.3062477,28,-102,85
1739481544.3522477,58,16,44
1739481544.3982477,-30,-131,57
1739481544.4432476,84,-24,-24
1739481544.4892476,-55,-103,100
1739481544.5352476,14,42,-46
1739481544.5802476,-77,-125,5
1739481544.6262476,-12,9,25
1739481544.6722476,23,32,18
1739481544.7182477,36,30,-10
1739481544.7632475,62,-26,-38
1739481544.8092475,13,-19,47
1739481544.8552475,44,50,-70
1739481544.9002476,-8,-61,-41
1739481544.9462476,11,-34,-44
1739481544.9922476,-106,-23,50
1739481545.0382476,-18,-141,17
1739481545.0832477,40,-108,-124
1739481545.1292477,-63,-9,-143
1739481545.1752477,-1,1,-6
1739481545.2202475,-37,5,-7
1739481545.2662475,-1,-52,-1
1739481545.3122475,-37,-8,-38
1739481545.3592474,-104,-25,-78
1739481545.4042475,33,2,-109
1739481545.4502475,-72,-103,-23
1739481545.4962475,-10,-39,-101
1739481545.5422475,-20,9,-80
1739481545.5872476,3,-49,-123
1739481545.6332476,-66,63,-2
1739481545.6792476,7,-132,-55
1739481545.7242477,16,-43,-15
1739481545.7702477,-63,-129,-192
1739481545.8162477,-4,-53,-18
1739481545.8622477,-15,-51,-78
1739481545.9072475,-41,-87,-22
1739481545.9532475,-31,-119,-13
1739481545.9992476,-68,49,0
1739481546.0442476,-33,-127,12
1739481546.0902476,10,-17,-128
1739481546.1362476,38,-46,-86
1739481546.1822476,-16,-3,-13
1739481546.2272477,0,16,-78
1739481546.2732477,-21,-87,50
1739481546.3192475,1,-18,71
1739481546.3642476,-30,-88,-25
1739481546.4102476,2,5,86
1739481546.4562476,-50,-25,-19
1739481546.5022476,56,-54,33
1739481546.5472476,-1,0,0
1739481546.5932477,22,46,53
1739481546.6392477,48,-84,-31
1739481546.6842475,-40,-143,13
1739481546.7302475,15,11,15
1739481546.7762475,-47,-67,65
1739481546.8222475,28,-94,-71
1739481546.8672476,1,-34,-91
1739481546.9132476,-5,-132,99
1739481546.9592476,-18,-77,36
1739481547.0042477,18,-5,-12
1739481547.0502477,-74,9,11
1739481547.0962474,-70,-1,-51
1739481547.1422474,-36,-41,-99
1739481547.1872475,13,-41,-55
1739481547.2332475,-72,-55,40
1739481547.2792475,1,-59,-9
1739481547.3242476,5,17,-49
1739481547.3702476,5,-48,-104
1739481547.4162476,-33,-73,-10
1739481547.4622476,-19,107,-17
1739481547.5072474,9,-77,-98
1739481547.5532477,-18,-75,-37
1739481547.5992477,36,-94,-47
1739481547.6442475,-35,-45,-1
1739481547.6902475,0,-26,-93
1739481547.7362475,-24,-91,-64
1739481547.7822475,48,-55,-29
1739481547.8272476,31,-132,62
1739481547.8732476,-62,-49,-25
1739481547.9192476,-2,-50,-132
1739481547.9642477,13,-101,35
1739481548.0102477,90,-154,-8
1739481548.0562477,53,64,-51
1739481548.1022477,124,0,-141
1739481548.1472476,0,33,26
1739481548.1932476,23,-24,-57
1739481548.2392476,-53,-17,-24
1739481548.2842476,-37,-3,-43
1739481548.3302476,22,98,53
1739481548.3762476,-44,-145,-67
1739481548.4212475,-5,-153,0
1739481548.4672475,-14,-10,167
1739481548.5132475,-31,-77,-4
1739481548.5592475,30,-28,-93
1739481548.6042476,-63,-47,-118
1739481548.6502476,94,-64,-38
1739481548.6962476,4,-58,-49
1739481548.7422476,65,-56,-24
1739481548.7872477,-7,-9,-86
1739481548.8332477,34,-12,-1
1739481548.8792477,44,-136,0
1739481548.9242475,-46,11,-6
1739481548.9702475,61,-48,-61
1739481549.0162475,-40,63,-62
1739481549.0622475,-53,-21,13
1739481549.1072476,-55,-63,-61
1739481549.1532476,-27,-55,3
1739481549.1992476,17,-146,-74
1739481549.2442474,20,46,-15
1739481549.2902474,62,-62,-74
1739481549.3362474,-4,80,-5
1739481549.3822474,-41,75,-111
1739481549.4272475,10,-64,44
1739481549.4732475,79,-90,-67
1739481549.5192475,13,-67,-28
1739481549.5642476,38,-69,-156
1739481549.6102476,-104,-34,-97
1739481549.6562476,51,-19,23
1739481549.7022476,4,107,-44
1739481549.7472477,-6,58,-48
1739481549.7932477,8,-138,-135
1739481549.8392477,72,-28,-91
1739481549.8842475,11,-12,-31
1739481549.9302475,90,-45,14
1739481549.9762475,-37,-10,-24
1739481550.0222476,7,-55,107
1739481550.0672476,1,-56,-35
1739481550.1132476,38,-13,-25
1739481550.1592476,-52,87,63
1739481550.2042477,3,109,-54
1739481550.2502477,63,106,-37
1739481550.2962475,52,-48,-120
1739481550.3422475,-33,-89,-24
1739481550.3872476,-26,-93,-100
1739481550.4332476,80,-68,33
1739481550.4792476,18,-46,-87
1739481550.5242476,-12,-71,-4
1739481550.5702477,-59,19,-78
1739481550.6162477,43,-96,26
1739481550.6622477,89,-36,30
1739481550.7072475,12,93,-98
1739481550.7532475,-6,-49,109
1739481550.7992475,22,-36,4
1739481550.8442476,-36,77,-106
1739481550.8902476,22,-10,-13
1739481550.9362476,5,-54,-67
1739481550.9822476,-18,-79,-105
1739481551.0272477,42,-52,-165
1739481551.0732474,71,-38,-16
1739481551.1192474,-47,-145,-11
1739481551.1642475,-7,-87,-8
1739481551.2102475,47,56,39
1739481551.2562475,-18,35,-37
1739481551.3022475,-68,-91,6
1739481551.3472476,7,-52,-61
1739481551.3932476,46,40,-129
1739481551.4392476,-21,-45,-27
1739481551.4842474,25,-156,17
1739481551.5302474,18,-88,-49
1739481551.5762477,11,40,14
1739481551.6212475,-31,79,-22
1739481551.6672475,-16,29,-25
1739481551.7132475,-17,-78,-151
1739481551.7592475,-49,-29,-117
1739481551.8042476,-5,-13,3
1739481551.8502476,8,-40,75
1739481551.8962476,-18,-23,86
1739481551.9412477,-3,55,-85
1739481551.9872477,-13,47,-7
1739481552.0332477,-1,-22,-51
1739481552.0792477,84,12,-83
1739481552.1242476,15,4,-24
1739481552.1702476,-26,-3,17
1739481552.2162476,-3,-32,67
1739481552.2612476,32,-60,88
1739481552.3072476,3,-134,64
1739481552.3592474,-21,-11,-66
1739481552.4042475,13,-94,-165
1739481552.4502475,79,-36,-133
1739481552.4962475,23,-20,-69
1739481552.5412476,49,-186,-5
1739481552.5872476,-8,79,-13
1739481552.6332476,33,-26,-2
1739481552.6792476,27,38,56
1739481552.7242477,12,-60,-61
1739481552.7702477,-32,139,-72
1739481552.8162477,31,0,-74
1739481552.8612475,-5,53,35
1739481552.9072475,-109,-149,109
1739481552.9532475,19,44,38
1739481552.9992476,-41,-19,-49
1739481553.0442476,66,-74,-124
1739481553.0902476,15,-72,57
1739481553.1362476,14,-109,-106
1739481553.1812477,51,-94,-10
1739481553.2272477,50,-62,15
1739481553.2732477,-63,31,-90
1739481553.3192475,-47,-101,-199
1739481553.3642476,-19,-21,5
1739481553.4102476,131,-54,-19
1739481553.4562476,-6,45,34
1739481553.5012476,72,30,-175
1739481553.5472476,82,36,-65
1739481553.5932477,60,-124,15
1739481553.6392477,-33,-33,-113
1739481553.6842475,52,-90,-6
1739481553.7302475,0,-78,-62
1739481553.7762475,-12,53,-66
1739481553.8212476,0,-67,-19
1739481553.8672476,-44,17,152
1739481553.9132476,46,-40,-16
1739481553.9592476,24,-11,-75
1739481554.0042477,68,-41,30
1739481554.0502477,16,-123,21
1739481554.0962474,-22,-14,-16
1739481554.1412475,-32,16,-5
1739481554.1872475,-10,52,-44
1739481554.2332475,-11,55,-4
1739481554.2792475,-58,-49,-36
1739481554.3242476,5,-21,13
1739481554.3702476,-26,153,48
1739481554.4162476,39,118,25
1739481554.4612474,67,-18,-28
1739481554.5072474,-40,-115,-98
1739481554.5532477,-12,7,-5
1739481554.5992477,22,0,-2
1739481554.6442475,84,-68,16
1739481554.6902475,16,32,-64
1739481554.7362475,60,37,22
1739481554.7812476,-7,-108,-19
1739481554.8272476,-19,50,40
1739481554.8732476,-33,-2,-86
1739481554.9192476,47,-77,-110
1739481554.9642477,37,-139,62
1739481555.0102477,-17,76,2
1739481555.0562477,-18,35,-49
1739481555.1012475,-48,-127,-48
1739481555.1472476,-19,-9,-77
1739481555.1932476,2,-136,119
1739481555.2392476,-6,-50,-17
1739481555.2842476,-51,-39,99
1739481555.3302476,-30,51,-3
1739481555.3762476,-75,-53,65
1739481555.4212475,-15,-67,-146
1739481555.4672475,-11,17,20
1739481555.5132475,14,-3,-57
1739481555.5592475,-12,28,17
1739481555.6042476,16,-137,49
1739481555.6502476,21,-65,-174
1739481555.6962476,7,-44,29
1739481555.7412477,-98,-26,-53
1739481555.7872477,54,-17,26
1739481555.8332477,20,40,86
1739481555.8792477,73,100,-67
1739481555.9242475,-52,121,69
1739481555.9702475,-12,-15,-37
1739481556.0162475,42,0,-46
1739481556.0612476,-45,51,-14
1739481556.1072476,-30,51,-82
1739481556.1532476,45,-110,-42
1739481556.1992476,-28,-59,-24
1739481556.2442474,24,-6,-130
1739481556.2902474,69,12,-17
1739481556.3362474,14,-23,-26
1739481556.3812475,-9,-10,-46
1739481556.4272475,64,-23,61
1739481556.4732475,-15,-78,20
1739481556.5192475,-38,-142,-11
1739481556.5642476,-77,-50,43
1739481556.6102476,-82,-36,-44
1739481556.6562476,33,1,-15
1739481556.7012477,-11,-34,-6
1739481556.7472477,-105,-24,-91
1739481556.7932477,144,-35,-43
1739481556.8392477,-7,-40,69
1739481556.8842475,45,-31,-53
1739481556.9302475,0,-154,-70
1739481556.9762475,-45,40,36
1739481557.0212476,-41,-102,-1
1739481557.0672476,52,101,-34
1739481557.1132476,13,11,-144
1739481557.1592476,0,46,11
1739481557.2042477,-16,18,33
1739481557.2502477,23,-11,95
1739481557.2962475,47,71,100
1739481557.3412476,-51,-101,-59
1739481557.3872476,44,-48,-101
1739481557.4332476,-92,58,-79
1739481557.4792476,-61,-4,-38
1739481557.5232477,-33,-66,-80
1739481557.5692475,-33,-48,68
1739481557.6152475,30,-113,-115
1739481557.6602476,21,4,-66
1739481557.7062476,-49,-47,20
1739481557.7522476,13,-26,0
1739481557.7972476,61,-132,-77
1739481557.8432477,-31,-81,94
1739481557.8892477,33,57,-41
1739481557.9352477,40,-38,5
1739481557.9802475,33,2,6
1739481558.0262475,-4,-38,-40
1739481558.0722475,41,0,-171
1739481558.1172476,-11,-74,-97
1739481558.1632476,-2,23,-88
1739481558.2092476,-36,-149,-112
1739481558.2552476,37,-64,-165
1739481558.3002477,-23,23,-72
1739481558.3462474,-61,-15,-36
1739481558.3922474,4,16,-88
1739481558.4372475,6,40,-26
1739481558.4832475,114,82,-78
1739481558.5292475,26,86,8
1739481558.5752475,-77,-9,-138
1739481558.6202476,-37,-101,-76
1739481558.6662476,43,20,-91
1739481558.7122476,-92,-41,-60
1739481558.7572474,28,-32,-70
1739481558.8032477,-78,-37,-46
1739481558.8492477,24,4,-108
1739481558.8952477,30,-32,-114
1739481558.9402475,33,82,45
1739481558.9862475,14,39,-1
1739481559.0322475,40,-30,-56
1739481559.0772476,61,-112,-42
1739481559.1232476,40,-86,65
1739481559.1692476,-97,-81,24
1739481559.2152476,14,-78,81
1739481559.2602477,-77,-45,-84
1739481559.3062477,-39,44,-31
1739481559.3522477,-15,0,85
1739481559.3972476,38,-114,-26
1739481559.4432476,-28,97,-2
1739481559.4892476,32,52,-40
1739481559.5352476,17,-25,1
1739481559.5802476,-46,-87,4
1739481559.6262476,139,-60,-47
1739481559.6722476,-42,67,50
1739481559.7172475,-43,31,-138
1739481559.7632475,-4,-60,85
1739481559.8092475,-24,5,5
1739481559.8552475,26,-64,34
1739481559.9002476,-27,-23,-66
1739481559.9462476,71,-40,-74
1739481559.9922476,-62,-69,-6
1739481560.0372477,84,-124,-145
1739481560.0832477,-3,49,-5
1739481560.1292477,-10,-31,-92
1739481560.1752477,-23,-94,-31
1739481560.2202475,-9,-114,58
1739481560.2662475,2,41,19
1739481560.3122475,-50,-113,-49
1739481560.3572476,0,72,27
1739481560.4032476,-55,-56,-96
1739481560.4492476,-5,-44,-37
1739481560.4952476,0,89,-45
1739481560.5402474,10,13,-32
1739481560.5862474,19,146,-200
1739481560.6322474,-39,-90,-34
1739481560.6772475,-76,-23,-157
1739481560.7232475,39,-24,-97
1739481560.7692475,5,-120,-202
1739481560.8152475,-90,-29,49
1739481560.8602476,-39,-190,40
1739481560.9062476,-16,-115,38
1739481560.9522476,-42,60,-67
1739481560.9972477,30,-78,0
1739481561.0432477,-42,-52,-181
1739481561.0892477,-25,-26,-22
1739481561.1352477,54,-103,-54
1739481561.1802475,-10,-128,-37
1739481561.2262475,41,47,73
1739481561.2722476,6,26,-142
1739481561.3172476,-40,66,56
1739481561.3632476,-41,-74,-32
1739481561.4092476,0,-63,-43
1739481561.4552476,5,3,-123
1739481561.5002477,42,-33,-134
1739481561.5462475,-3,-156,-82
1739481561.5922475,-69,-56,15
1739481561.6372476,26,27,-6
1739481561.6832476,-6,-85,-56
1739481561.7292476,17,7,14
1739481561.7752476,40,-187,55
1739481561.8202477,50,-81,-109
1739481561.8662477,-50,-28,-170
1739481561.9122477,71,-9,-18
1739481561.9572475,31,113,-150
1739481562.0032475,0,-21,-26
1739481562.0492475,5,73,12
1739481562.0952475,39,-71,-116
1739481562.1402476,-30,-52,-168
1739481562.1862476,-6,4,15
1739481562.2322476,56,17,-85
1739481562.2772477,76,29,-29
1739481562.3232474,-78,-34,-19
1739481562.3752477,74,-79,-56
1739481562.4202476,75,-47,17
1739481562.4662476,10,1,-11
1739481562.5122476,-4,32,-101
1739481562.5572476,-49,-106,42
1739481562.6032476,28,-1,-23
1739481562.6492476,25,-35,-90
1739481562.6952477,-18,-46,137
1739481562.7402475,-16,-148,65
1739481562.7862475,11,-95,-28
1739481562.8332477,12,-47,-42
1739481562.8792477,9,-151,-94
1739481562.9242475,11,-99,-91
1739481562.9702475,26,-153,16
1739481563.0162475,23,-35,-84
1739481563.0612476,-13,10,-55
1739481563.1072476,-31,-172,-111
1739481563.1532476,71,-23,-35
1739481563.1992476,7,60,-2
1739481563.2442474,44,-45,-87
1739481563.2902474,26,-17,-47
1739481563.3362474,-46,0,-109
1739481563.3812475,-7,-34,-80
1739481563.4272475,-14,-153,-45
1739481563.4732475,13,0,13
1739481563.5192475,-2,-43,-20
1739481563.5642476,-3,-63,-3
1739481563.6102476,57,23,-41
1739481563.6562476,-67,62,11
1739481563.7012477,-2,-23,-140
1739481563.7472477,-94,40,6
1739481563.7932477,-61,-70,-78
1739481563.8392477,-2,64,-116
1739481563.8842475,-74,-56,72
1739481563.9302475,5,20,-71
1739481563.9762475,18,-183,-92
1739481564.0212476,-46,8,28
1739481564.0672476,-10,-130,-44
1739481564.1132476,21,50,-43
1739481564.1592476,27,-7,-80
1739481564.2042477,-66,44,10
1739481564.2502477,49,-19,-32
1739481564.2962475,91,15,-5
1739481564.3412476,-10,-99,155
1739481564.3872476,8,-111,-55
1739481564.4332476,20,-75,-58
1739481564.4792476,-58,-42,192
1739481564.5242476,4,-36,-51
1739481564.5702477,11,-17,-23
1739481564.6162477,-1,-18,-77
1739481564.6612475,-15,-48,82
1739481564.7072475,-115,-102,80
1739481564.7532475,-4,2,-49
1739481564.7992475,-21,16,-7
1739481564.8442476,-8,-51,-51
1739481564.8902476,-13,28,24
1739481564.9362476,73,-111,36
1739481564.9812477,-47,-44,9
1739481565.0272477,-1,-24,-45
1739481565.0732474,3,-29,-44
1739481565.1192474,12,-6,79
1739481565.1642475,52,-35,127
1739481565.2102475,23,-17,14
1739481565.2562475,60,-67,-3
1739481565.3012476,19,-128,15
1739481565.3472476,17,-61,-44
1739481565.3932476,-21,-70,-122
1739481565.4392476,-20,-109,-58
1739481565.4842474,-20,-63,-3
1739481565.5302474,37,-123,-7
1739481565.5762477,-33,12,-17
1739481565.6212475,-10,90,1
1739481565.6672475,81,-13,73
1739481565.7132475,-14,-16,-15
1739481565.7592475,35,-27,-58
1739481565.8042476,-7,79,-10
1739481565.8502476,-37,-20,48
1739481565.8962476,-40,8,6
1739481565.9412477,22,-3,-71
1739481565.9872477,13,-29,-69
1739481566.0332477,33,31,-176
1739481566.0792477,38,0,31
1739481566.1242476,-22,-23,3
1739481566.1702476,-10,22,32
1739481566.2162476,8,71,5
1739481566.2612476,83,-112,-22
1739481566.3072476,96,-3,-70
1739481566.3532476,17,-130,39
1739481566.3992476,-11,-68,-132
1739481566.4442475,46,-23,-22
1739481566.4902475,-49,26,-1
1739481566.5362475,-12,24,-69
1739481566.5812476,34,-119,13
1739481566.6272476,-48,-72,-85
1739481566.6732476,-17,-6,3
1739481566.7192476,51,-123,5
1739481566.7642477,-117,-28,-60
1739481566.8102477,26,31,2
1739481566.8562477,56,-75,-42
1739481566.9012475,79,-89,-80
1739481566.9472475,-19,0,-34
1739481566.9932475,44,-57,-38
1739481567.0392475,-26,-46,86
1739481567.0842476,-3,44,-18
1739481567.1302476,5,101,44
1739481567.1762476,1,-70,-7
1739481567.2212474,-15,-64,-84
1739481567.2672474,-41,-18,-59
1739481567.3132474,9,33,-167
1739481567.3592474,-73,-64,-58
1739481567.4042475,-8,-26,-71
1739481567.4502475,-35,-4,-61
1739481567.4962475,53,-95,-84
1739481567.5412476,-28,-16,-54
1739481567.5872476,-70,8,53
1739481567.6332476,-52,-134,7
1739481567.6792476,-16,58,-4
1739481567.7242477,-48,60,-88
1739481567.7702477,70,-65,-16
1739481567.8162477,-29,-40,-23
1739481567.8612475,-33,-36,-59
1739481567.9072475,13,-33,-43
1739481567.9532475,-51,30,-41
1739481567.9992476,4,10,-161
1739481568.0442476,29,15,-30
1739481568.0902476,1,102,102
1739481568.1362476,-74,114,-60
1739481568.1812477,15,-23,25
1739481568.2272477,-18,-18,45
1739481568.2732477,57,-75,-138
1739481568.3192475,-65,-78,-47
1739481568.3642476,-73,-78,32
1739481568.4102476,16,-17,-19
1739481568.4562476,4,-140,-83
1739481568.5012476,-55,10,88
1739481568.5472476,-6,-5,-31
1739481568.5932477,49,-41,35
1739481568.6392477,19,47,-1
1739481568.6842475,72,-57,44
1739481568.7302475,19,-53,64
1739481568.7762475,117,13,-111
1739481568.8212476,-90,-64,41
1739481568.8672476,-3,-70,1
1739481568.9132476,22,-7,46
1739481568.9592476,27,-23,7
1739481569.0042477,87,31,44
1739481569.0502477,36,-71,-152
1739481569.0962474,-50,12,119
1739481569.1412475,4,11,-63
1739481569.1872475,71,-13,-58
1739481569.2332475,99,-59,-22
1739481569.2792475,8,-95,-95
1739481569.3242476,-31,-62,120
1739481569.3702476,28,-59,17
1739481569.4162476,-19,-34,24
1739481569.4612474,-28,-136,-30
1739481569.5072474,-16,56,-111
1739481569.5532477,3,-102,13
1739481569.5992477,68,-129,-32
1739481569.6442475,15,-21,8
1739481569.6902475,69,21,-65
1739481569.7362475,85,-15,-18
1739481569.7812476,25,-43,-54
1739481569.8272476,-18,-40,-34
1739481569.8732476,-6,-210,-93
1739481569.9192476,84,-67,-144
1739481569.9642477,-1,47,-143
1739481570.0102477,-42,-30,34
1739481570.0562477,22,-123,-56
1739481570.1012475,60,-47,88
1739481570.1472476,7,-109,-5
1739481570.1932476,-21,68,-74
1739481570.2392476,2,-105,-53
1739481570.2842476,10,-171,-35
1739481570.3302476,-38,-94,-69
1739481570.3762476,-26,-42,4
1739481570.4212475,0,-127,52
1739481570.4672475,59,35,-9
1739481570.5132475,-6,-40,13
1739481570.5592475,-49,-40,5
1739481570.6042476,4,-20,-16
1739481570.6502476,27,-73,61
1739481570.6962476,-1,-27,-31
1739481570.7412477,44,-91,-46
1739481570.7872477,-28,-60,-157
1739481570.8332477,-61,-6,-80
1739481570.8792477,1,-91,-18
1739481570.9242475,-76,-26,46
1739481570.9702475,-46,-76,-9
1739481571.0162475,-92,6,-102
1739481571.0612476,-22,-34,-98
1739481571.1072476,-41,90,53
1739481571.1532476,-54,-56,40
1739481571.1992476,32,51,29
1739481571.2442474,-17,-34,92
1739481571.2902474,46,-37,30
1739481571.3362474,-32,86,-171
1739481571.3812475,-11,-52,-42
1739481571.4272475,-5,37,-7
1739481571.4732475,-14,-12,-29
1739481571.5192475,47,-75,21
1739481571.5642476,-46,-124,26
1739481571.6102476,79,21,-45
1739481571.6562476,-22,-54,3
1739481571.7012477,63,55,-54
1739481571.7472477,58,-11,35
1739481571.7932477,94,5,-88
1739481571.8392477,-29,-76,-34
1739481571.8842475,27,-13,74
1739481571.9302475,-64,-82,12
1739481571.9762475,-62,40,-38
1739481572.0212476,9,-93,-11
1739481572.0672476,-14,-12,-61
1739481572.1132476,-13,-42,0
1739481572.1592476,-23,-6,-15
1739481572.2042477,32,-41,50
1739481572.2502477,-54,-64,-22
1739481572.2962475,25,-112,-39
1739481572.3412476,23,-72,-119
1739481572.3932476,-30,55,21
1739481572.4392476,64,46,143
1739481572.4842474,10,-6,174
1739481572.5302474,75,64,-50
1739481572.5762477,-54,21,-40
1739481572.6212475,45,24,-4
1739481572.6672475,-9,-51,62
1739481572.7132475,-28,-75,-35
1739481572.7592475,40,-6,-22
1739481572.8042476,-57,-185,79
1739481572.8502476,0,27,14
1739481572.8962476,8,-74,-24
1739481572.9412477,-5,1,-62
1739481572.9862475,26,-20,-69
1739481573.0322475,-62,15,95
1739481573.0772476,-22,-101,10
1739481573.1232476,-93,39,-153
1739481573.1692476,-11,-51,-81
1739481573.2152476,51,-142,-46
1739481573.2602477,-17,-35,0
1739481573.3062477,-5,-19,-133
1739481573.3522477,-94,-103,-87
1739481573.3972476,72,38,-103
1739481573.4432476,14,-15,-60
1739481573.4892476,-31,-37,67
1739481573.5352476,-23,9,41
1739481573.5802476,8,-66,-31
1739481573.6262476,56,-36,-1
1739481573.6722476,47,8,13
1739481573.7172475,18,-22,18
1739481573.7632475,13,-142,-71
1739481573.8092475,53,-94,-61
1739481573.8552475,4,-101,-42
1739481573.9002476,111,-18,59
1739481573.9462476,-23,-157,-96
1739481573.9922476,7,-55,-65
1739481574.0372477,40,8,-146
1739481574.0832477,-18,3,15
1739481574.1292477,-54,21,59
1739481574.1752477,17,-28,-105
1739481574.2202475,19,-18,-29
1739481574.2662475,12,-19,-51
1739481574.3122475,75,0,37
1739481574.3572476,-92,-21,-31
1739481574.4032476,-58,29,-16
1739481574.4492476,-1,11,-25
1739481574.4952476,76,-54,-47
1739481574.5402474,-5,-23,0
1739481574.5862474,-28,15,25
1739481574.6322474,-14,3,-28
1739481574.6772475,17,-50,7
1739481574.7232475,-53,-111,-85
1739481574.7692475,-51,-9,-84
1739481574.8152475,102,-100,-64
1739481574.8602476,-5,25,-26
1739481574.9062476,-16,1,14
1739481574.9522476,42,20,-74
1739481574.9972477,25,7,1
1739481575.0432477,3,43,2
1739481575.0892477,17,-4,-12
1739481575.1352477,12,-84,-219
1739481575.1802475,-33,-117,-57
1739481575.2262475,79,-16,-136
1739481575.2722476,-34,25,-59
1739481575.3172476,60,-116,14
1739481575.3632476,45,-50,9
1739481575.4092476,67,2,-22
1739481575.4552476,30,-25,-16
1739481575.5002477,11,-4,-87
1739481575.5462475,-22,-19,92
1739481575.5922475,9,-126,-43
1739481575.6372476,69,-122,-42
1739481575.6832476,-18,-37,-35
1739481575.7292476,-68,-13,-14
1739481575.7752476,-28,-4,-76
1739481575.8202477,86,-20,-24
1739481575.8662477,40,-111,28
1739481575.9122477,28,10,-38
1739481575.9572475,3,-69,-126
1739481576.0032475,42,-18,-73
1739481576.0492475,-45,-19,104
1739481576.0952475,3,98,-13
1739481576.1402476,-101,7,81
1739481576.1862476,-17,-79,30
1739481576.2322476,19,-152,-9
1739481576.2772477,35,-74,-49
1739481576.3232474,35,-126,204
1739481576.3692474,-16,-91,-11
1739481576.4152474,54,44,44
1739481576.4602475,60,-18,5
1739481576.5062475,-4,-88,-89
1739481576.5522475,-23,0,-50
1739481576.5972476,81,-172,-22
1739481576.6432476,19,34,-57
1739481576.6892476,18,34,3
1739481576.7352476,-21,-37,18
1739481576.7802474,-36,-20,109
1739481576.8262477,-40,-125,-82
1739481576.8722477,-56,17,-74
1739481576.9172475,60,-152,-57
1739481576.9632475,39,-110,-50
1739481577.0092475,-6,26,-106
1739481577.0552475,-8,-21,-61
1739481577.1002476,-1,-77,83
1739481577.1462476,-27,-35,93
1739481577.1922476,-67,-55,18
1739481577.2372477,55,-54,-9
1739481577.2832477,56,-52,-8
1739481577.3292477,61,-158,-8
1739481577.3752477,0,11,91
1739481577.4202476,37,110,-209
1739481577.4662476,0,-104,25
1739481577.5122476,8,0,3
1739481577.5572476,-21,35,0
1739481577.6032476,-25,20,37
1739481577.6492476,-10,-105,-44
1739481577.6952477,42,-1,37
1739481577.7402475,-4,-46,-138
1739481577.7862475,0,49,67
1739481577.8322475,8,-66,-86
1739481577.8772476,69,-130,-28
1739481577.9232476,-127,43,-19
1739481577.9692476,15,-66,-53
1739481578.0152476,-36,-43,-146
1739481578.0602477,-37,-101,-51
1739481578.1062477,16,-76,75
1739481578.1522477,12,-74,14
1739481578.1972475,-9,-1,-115
1739481578.2432475,-8,23,-18
1739481578.2892475,70,-52,-33
1739481578.3352475,-16,-49,-20
1739481578.3802476,10,-56,-35
1739481578.4262476,-82,-21,-68
1739481578.4722476,54,-10,-153
1739481578.5172474,-4,-34,84
1739481578.5632474,39,-30,-70
1739481578.6092474,76,-70,-94
1739481578.6552474,-10,-117,35
1739481578.7002475,0,-67,31
1739481578.7462475,-4,75,36
1739481578.7922475,-16,-85,-156
1739481578.8372476,72,-118,-73
1739481578.8832476,52,-110,21
1739481578.9292476,40,-112,-108
1739481578.9752476,-90,5,16
1739481579.0202477,15,2,-57
1739481579.0662477,10,-80,7
1739481579.1122477,7,16,30
1739481579.1572475,17,-52,-99
1739481579.2032475,-23,-44,38
1739481579.2492476,-13,-160,-75
1739481579.2952476,-94,-72,58
1739481579.3402476,21,34,-24
1739481579.3862476,-43,-75,67
1739481579.4322476,-115,-14,14
1739481579.4772477,-112,-82,-111
1739481579.5232477,-115,-64,2
1739481579.5692475,-48,-10,11
1739481579.6152475,-29,-10,-27
1739481579.6602476,0,7,-72
1739481579.7062476,36,-77,-50
1739481579.7522476,-34,-106,117
1739481579.7972476,-11,40,6
1739481579.8432477,32,-125,17
1739481579.8892477,29,-17,21
1739481579.9352477,52,-33,-95
1739481579.9802475,-28,-38,49
1739481580.0262475,18,-69,-50
1739481580.0722475,18,37,-22
1739481580.1172476,33,-35,-34
1739481580.1632476,-33,-34,-140
1739481580.2092476,59,-49,-51
1739481580.2552476,113,105,58
1739481580.3002477,69,-34,-53
1739481580.3462474,26,2,-11
1739481580.3922474,52,44,-114
1739481580.4372475,-57,-49,121
1739481580.4832475,-5,-61,-122
1739481580.5292475,-1,-142,-23
1739481580.5752475,56,28,-36
1739481580.6202476,71,2,-76
1739481580.6662476,8,24,-52
1739481580.7122476,-30,-120,-98
1739481580.7572474,48,-2,44
1739481580.8032477,-54,-116,-40
1739481580.8492477,80,-57,23
1739481580.8952477,-42,20,-65
1739481580.9402475,-25,-16,-89
1739481580.9862475,64,-15,-91
1739481581.0322475,49,-41,48
1739481581.0772476,9,-119,-72
1739481581.1232476,18,-75,-130
1739481581.1692476,-4,-64,-111
1739481581.2152476,47,-79,19
1739481581.2602477,3,-53,95
1739481581.3062477,-91,-77,8
1739481581.3522477,-37,-3,16
1739481581.3972476,-98,-129,-107
1739481581.4432476,43,26,-32
1739481581.4892476,16,-46,-140
1739481581.5352476,-34,-181,32
1739481581.5802476,69,70,1
1739481581.6262476,-25,-107,-102
1739481581.6722476,42,0,-61
1739481581.7172475,-4,105,-62
1739481581.7632475,-50,-1,-58
1739481581.8092475,5,-26,8
1739481581.8552475,31,-34,70
1739481581.9002476,-40,3,5
1739481581.9462476,20,-28,83
1739481581.9922476,13,-94,14
1739481582.0372477,3,-122,-73
1739481582.0832477,-43,-131,-56
1739481582.1292477,-56,117,-47
1739481582.1752477,-57,-71,-199
1739481582.2202475,-5,-42,3
1739481582.2662475,-74,134,69
1739481582.3122475,-28,-108,81
1739481582.3632476,6,-80,-11
1739481582.4092476,-15,104,5
1739481582.4552476,25,-81,72
1739481582.5002477,51,67,-47
1739481582.5462475,-39,-117,49
1739481582.5922475,-10,42,-85
1739481582.6372476,-5,62,-117
1739481582.6832476,-52,8,29
1739481582.7292476,16,29,-91
1739481582.7752476,23,-11,-36
1739481582.8202477,19,71,2
1739481582.8662477,-6,-14,-39
1739481582.9122477,5,-121,-62
1739481582.9572475,91,31,-101
1739481583.0032475,-23,-90,-57
1739481583.0492475,106,-123,42
1739481583.0952475,-50,9,-55
1739481583.1402476,-6,-52,115
1739481583.1862476,19,-89,-130
1739481583.2322476,-34,0,-142
1739481583.2772477,-70,59,20
1739481583.3232474,45,-183,61
1739481583.3692474,43,15,59
1739481583.4142475,-11,-98,-125
1739481583.4602475,-2,-18,32
1739481583.5062475,51,-67,-45
1739481583.5522475,-3,-78,-22
1739481583.5972476,-79,-154,-7
1739481583.6432476,-7,14,-55
1739481583.6892476,11,0,13
1739481583.7342474,-97,-24,-92
1739481583.7802474,45,24,-98
1739481583.8262477,16,-22,-25
1739481583.8722477,33,-50,-106
1739481583.9172475,19,-34,-6
1739481583.9632475,-54,-79,-137
1739481584.0092475,-14,1,-110
1739481584.0542476,31,12,147
1739481584.1002476,42,-58,-70
1739481584.1462476,-10,-84,50
1739481584.1922476,47,-170,-63
1739481584.2372477,-17,-99,-3
1739481584.2832477,11,89,-22
1739481584.3292477,-13,-84,-23
1739481584.3742476,-6,109,-49
1739481584.4202476,24,-55,66
1739481584.4662476,19,-89,49
1739481584.5122476,71,59,-92
1739481584.5572476,-39,-73,-98
1739481584.6032476,-3,100,-50
1739481584.6492476,-44,75,-12
1739481584.6942475,-15,-75,-136
1739481584.7402475,-9,-6,-30
1739481584.7862475,-10,8,-94
1739481584.8322475,92,-41,37
1739481584.8772476,-11,25,-51
1739481584.9232476,68,-25,-19
1739481584.9692476,-5,106,-148
1739481585.0142477,-26,36,65
1739481585.0602477,28,-29,21
1739481585.1062477,13,25,3
1739481585.1522477,-1,-23,60
1739481585.1972475,6,-79,-151
1739481585.2432475,14,5,32
1739481585.2892475,15,15,69
1739481585.3342476,-31,-30,-9
1739481585.3802476,49,-11,-97
1739481585.4262476,46,89,-79
1739481585.4722476,2,-49,-168
1739481585.5172474,14,-63,6
1739481585.5632474,3,-50,-94
1739481585.6092474,-70,4,-57
1739481585.6542475,-55,106,5
1739481585.7002475,10,-25,57
1739481585.7462475,-10,-36,55
1739481585.7922475,44,-139,-48
1739481585.8372476,11,-85,-56
1739481585.8832476,-12,50,-24
1739481585.9292476,-28,-9,-28
1739481585.9742477,-30,-26,-38
1739481586.0202477,-54,18,-40
1739481586.0662477,-20,-110,11
1739481586.1122477,114,-49,-9
1739481586.1572475,-22,-76,-64
1739481586.2032475,63,43,-53
1739481586.2492476,130,-81,-34
1739481586.2942476,6,-41,-56
1739481586.3402476,3,61,-5
1739481586.3862476,94,-17,-23
1739481586.4322476,40,1,75
1739481586.4772477,20,-53,-71
1739481586.5232477,-30,2,4
1739481586.5692475,45,-117,-166
1739481586.6142476,43,-145,32
1739481586.6602476,7,-81,-9
1739481586.7062476,-41,-164,12
1739481586.7522476,33,-41,77
1739481586.7972476,8,-49,-30
1739481586.8432477,-10,62,-150
1739481586.8892477,38,-19,-36
1739481586.9342475,-39,-134,-4
1739481586.9802475,69,-3,23
1739481587.0262475,-75,-100,61
1739481587.0722475,-40,38,117
1739481587.1172476,-26,-40,-39
1739481587.1632476,41,3,12
1739481587.2092476,-34,-131,20
1739481587.2542477,35,-3,-96
1739481587.3002477,-45,-128,-17
1739481587.3462474,0,28,-83
1739481587.3922474,6,-40,87
1739481587.4372475,-71,-117,26
1739481587.4832475,61,74,-79
1739481587.5292475,16,-28,-36
1739481587.5742476,0,-16,11
1739481587.6202476,-5,13,-71
1739481587.6662476,2,-26,-17
1739481587.7122476,39,89,-85
1739481587.7572474,10,-79,-77
1739481587.8032477,-22,14,-5
1739481587.8492477,33,-31,16
1739481587.8942475,19,-155,57
1739481587.9402475,12,31,-41
1739481587.9862475,-71,88,-57
1739481588.0322475,-12,-10,17
1739481588.0772476,25,19,0
1739481588.1232476,35,-117,-35
1739481588.1692476,-13,128,105
1739481588.2142477,-52,-4,-63
1739481588.2602477,31,-67,-8
1739481588.3062477,27,47,-73
1739481588.3522477,4,-55,-7
1739481588.3972476,34,-29,-42
1739481588.4432476,25,-7,-190
1739481588.4892476,-21,-62,-89
1739481588.5342476,-38,-104,15
1739481588.5802476,-55,-82,-32
1739481588.6262476,-5,-45,-140
1739481588.6722476,-41,8,-8
1739481588.7172475,-29,-38,-97
1739481588.7632475,126,43,-114
1739481588.8092475,-23,-144,-22
1739481588.8542476,1,-18,-200
1739481588.9002476,-30,116,1
1739481588.9462476,-94,-32,-125
1739481588.9922476,-17,-38,-17
1739481589.0372477,-7,-44,-107
1739481589.0832477,35,65,-42
1739481589.1292477,-45,52,-36
1739481589.1742475,7,-29,-73
1739481589.2202475,39,-9,-54
1739481589.2662475,17,-61,-89
1739481589.3122475,-7,8,1
1739481589.3572476,33,-31,-59
1739481589.4032476,5,-37,-5
1739481589.4492476,17,-71,48
1739481589.4942474,83,-63,-71
1739481589.5402474,19,-85,37
1739481589.5862474,20,-21,-2
1739481589.6322474,0,10,-86
1739481589.6772475,27,-9,0
1739481589.7232475,-10,-34,4
1739481589.7692475,63,65,2
1739481589.8142476,55,-53,16
1739481589.8602476,-1,-42,87
1739481589.9062476,5,-51,92
1739481589.9522476,77,-115,-45
1739481589.9972477,57,-39,-20
1739481590.0432477,101,-113,-92
1739481590.0892477,-29,42,-32
1739481590.1342475,27,-9,-50
1739481590.1802475,53,-107,-86
1739481590.2262475,-60,-24,-24
1739481590.2722476,-13,-82,-2
1739481590.3172476,57,85,-34
1739481590.3632476,20,-113,-115
1739481590.4092476,4,0,14
1739481590.4542477,33,-31,0
1739481590.5002477,106,-43,193
1739481590.5462475,-56,-56,-27
1739481590.5922475,67,-1,-99
1739481590.6372476,31,-55,-53
1739481590.6832476,-6,-110,-25
1739481590.7292476,-49,-88,81
1739481590.7742476,30,-49,-28
1739481590.8202477,6,-136,28
1739481590.8662477,-26,-4,-61
1739481590.9122477,26,-17,85
1739481590.9572475,-30,-94,-11
1739481591.0032475,-28,-126,-72
1739481591.0492475,-24,-22,14
1739481591.0942476,2,-78,9
1739481591.1402476,65,1,20
1739481591.1862476,-48,-88,95
1739481591.2322476,31,-11,-35
1739481591.2772477,23,-93,-35
1739481591.3232474,-45,-42,-1
1739481591.3692474,-26,32,-107
1739481591.4142475,-67,48,-17
1739481591.4602475,22,35,-54
1739481591.5062475,-23,20,-66
1739481591.5522475,-78,56,-17
1739481591.5972476,-26,-64,-7
1739481591.6432476,17,64,-16
1739481591.6892476,41,-85,-87
1739481591.7342474,90,-1,-49
1739481591.7802474,-8,-76,-14
1739481591.8262477,-69,74,19
1739481591.8722477,-15,26,-126
1739481591.9172475,-5,90,-52
1739481591.9632475,-10,-88,-126
1739481592.0092475,-15,-10,16
1739481592.0542476,-80,22,-68
1739481592.1002476,-21,-90,-47
1739481592.1462476,13,-29,-3
1739481592.1922476,81,-83,91
1739481592.2372477,-19,-12,-95
1739481592.2832477,-85,80,25
1739481592.3292477,-45,-78,-66
1739481592.3802476,-36,-150,18
1739481592.4262476,-5,-22,-111
1739481592.4722476,-73,24,-41
1739481592.5172474,-44,-70,-77
1739481592.5632474,-17,-26,20
1739481592.6092474,-35,84,-162
1739481592.6542475,28,-33,39
1739481592.7002475,-10,-24,-44
1739481592.7462475,-17,30,-126
1739481592.7922475,-54,-58,-58
1739481592.8372476,-51,-24,12
1739481592.8832476,35,-117,-19
1739481592.9292476,21,-133,0
1739481592.9742477,-17,-12,-32
1739481593.0202477,111,-3,-108
1739481593.0662477,-79,-26,-108
1739481593.1122477,3,-20,91
1739481593.1572475,-27,-10,7
1739481593.2032475,-5,-42,-6
1739481593.2492476,-19,-112,-87
1739481593.2942476,-20,34,-91
1739481593.3402476,-51,-76,78
1739481593.3862476,19,43,-77
1739481593.4322476,44,-101,102
1739481593.4772477,-34,-58,-78
1739481593.5232477,42,-121,-107
1739481593.5692475,32,-57,26
1739481593.6142476,65,-7,-13
1739481593.6602476,32,41,-66
1739481593.7062476,25,94,-121
1739481593.7522476,-40,-98,-22
1739481593.7972476,41,-45,-102
1739481593.8432477,24,82,-44
1739481593.8892477,-84,2,-56
1739481593.9342475,7,-99,6
1739481593.9802475,42,-135,-45
1739481594.0262475,1,-127,0
1739481594.0722475,7,53,-1
1739481594.1172476,17,11,-21
1739481594.1632476,-19,-5,-14
1739481594.2092476,-5,34,-44
1739481594.2542477,43,-145,-14
1739481594.3002477,1,-63,0
1739481594.3462474,-73,76,-62
1739481594.3922474,56,19,73
1739481594.4372475,61,0,-163
1739481594.4832475,19,-44,-73
1739481594.5292475,14,-118,-62
1739481594.5742476,-15,-70,3
1739481594.6202476,14,-96,-98
1739481594.6662476,50,-27,47
1739481594.7122476,-8,-42,-58
1739481594.7572474,16,-19,-26
1739481594.8032477,-3,-100,-87
1739481594.8492477,4,-52,-24
1739481594.8942475,-32,-17,-144
1739481594.9402475,16,-60,-110
1739481594.9862475,-59,-27,58
1739481595.0322475,25,-66,53
1739481595.0772476,-85,17,-83
1739481595.1232476,-18,43,-143
1739481595.1692476,46,24,-1
1739481595.2142477,42,-116,-4
1739481595.2602477,-55,-31,71
1739481595.3062477,-15,-13,21
1739481595.3522477,29,-36,-47
1739481595.3972476,30,84,24
1739481595.4432476,-21,-53,-69
1739481595.4892476,-49,-147,-101
1739481595.5342476,36,-18,67
1739481595.5802476,14,-62,39
1739481595.6262476,-28,-31,-18
1739481595.6722476,-45,-43,-63
1739481595.7172475,-19,37,-71
1739481595.7632475,9,-112,-71
1739481595.8092475,50,-240,-79
1739481595.8542476,-2,-11,-55
1739481595.9002476,-20,-3,0
1739481595.9462476,54,-94,-29
1739481595.9922476,92,-142,48
1739481596.0372477,88,0,7
1739481596.0832477,13,62,-161
1739481596.1292477,15,-4,-79
1739481596.1742475,-1,8,-95
1739481596.2202475,20,-84,46
1739481596.2662475,-93,-69,-50
1739481596.3122475,44,-54,53
1739481596.3572476,-20,-11,-29
1739481596.4032476,-19,1,102
1739481596.4492476,-37,165,42
1739481596.4942474,59,-26,-25
1739481596.5402474,-38,-75,-63
1739481596.5862474,-54,11,-144
1739481596.6322474,0,-73,-45
1739481596.6772475,-44,-13,-76
1739481596.7232475,-21,19,-61
1739481596.7692475,7,-60,23
1739481596.8142476,64,18,4
1739481596.8602476,41,-154,41
1739481596.9062476,-22,-59,5
1739481596.9522476,-18,-33,-21
1739481596.9972477,20,-80,-52
1739481597.0432477,65,-44,-165
1739481597.0892477,-51,-1,-24
1739481597.1342475,59,-76,22
1739481597.1802475,-105,-13,-66
1739481597.2262475,11,4,3
1739481597.2722476,-4,-33,-103
1739481597.3172476,12,75,-62
1739481597.3632476,-52,17,-20
1739481597.4092476,91,-50,-42
1739481597.4542477,14,-26,-160
1739481597.5002477,-49,-71,-37
1739481597.5462475,-26,-11,-114
1739481597.5922475,4,-180,57
1739481597.6372476,-37,-25,70
1739481597.6832476,-110,-82,-38
1739481597.7292476,-10,-93,-8
1739481597.7742476,21,-73,-108
1739481597.8202477,-13,-82,-77
1739481597.8662477,18,8,-76
1739481597.9122477,33,-2,-172
1739481597.9572475,-13,0,-62
1739481598.0032475,39,-87,43
1739481598.0492475,-68,-174,-30
1739481598.0942476,36,-49,83
1739481598.1402476,37,-41,-106
1739481598.1862476,23,-45,40
1739481598.2322476,-11,-62,43
1739481598.2772477,-38,46,-135
1739481598.3232474,19,-85,20
1739481598.3692474,18,-5,-72
1739481598.4142475,-4,39,-19
1739481598.4602475,17,-120,-38
1739481598.5062475,21,97,1
1739481598.5522475,45,-26,-55
1739481598.5962474,4,-23,-42
1739481598.6422474,3,-2,33
1739481598.6882474,-20,-79,12
1739481598.7332475,-36,-91,14
1739481598.7792475,48,52,-148
1739481598.8252475,-10,35,-25
1739481598.8702476,-12,35,-56
1739481598.9162476,44,-118,-74
1739481598.9622476,35,-52,-33
1739481599.0082476,12,-4,-79
1739481599.0532477,33,-36,85
1739481599.0992477,54,84,-105
1739481599.1452477,9,36,-24
1739481599.1902475,-28,21,-48
1739481599.2362475,-55,5,-85
1739481599.2822475,-55,-69,-77
1739481599.3282475,-9,77,11
1739481599.3732476,-56,-76,-82
1739481599.4192476,14,-63,-82
1739481599.4652476,39,85,0
1739481599.5102477,-13,-74,-120
1739481599.5562477,-20,32,-2
1739481599.6022477,-26,-62,-218
1739481599.6482477,-9,29,9
1739481599.6932476,-39,-114,-17
1739481599.7392476,-67,1,-31
1739481599.7852476,12,-148,79
1739481599.8302476,25,-30,-11
1739481599.8762476,2,10,-167
1739481599.9222476,21,-30,-90
1739481599.9682477,-27,27,-50
1739481600.0132475,-21,-13,46
1739481600.0592475,100,-49,-31
1739481600.1052475,-86,-164,69
1739481600.1502476,-13,-60,31
1739481600.1962476,-15,63,-9
1739481600.2422476,-80,1,-137
1739481600.2882476,-60,-123,-52
1739481600.3332477,55,30,-53
1739481600.3792477,60,62,-26
1739481600.4252477,-14,-59,-68
1739481600.4702475,29,-42,13
1739481600.5162475,-47,-9,-13
1739481600.5622475,-35,-23,-73
1739481600.6082475,-5,-57,71
1739481600.6532476,-39,-43,-131
1739481600.6992476,-40,142,-7
1739481600.7452476,14,-4,-92
1739481600.7902474,88,11,67
1739481600.8362474,37,35,-98
1739481600.8822474,-9,-6,-2
1739481600.9282477,16,-51,-56
1739481600.9732475,74,-155,-118
1739481601.0192475,61,23,0
1739481601.0652475,-35,-150,7
1739481601.1102476,54,-15,-78
1739481601.1562476,-37,-44,-55
1739481601.2022476,103,-121,67
1739481601.2482476,0,47,47
1739481601.2932477,46,-87,39
1739481601.3392477,-86,-46,55
1739481601.3852477,11,-65,-72
1739481601.4302475,94,97,-102
1739481601.4762475,-91,-88,-12
1739481601.5222476,-79,44,-61
1739481601.5682476,73,5,-136
1739481601.6132476,-9,30,-135
1739481601.6592476,-1,18,-115
1739481601.7052476,35,-12,-21
1739481601.7502477,4,-33,-83
1739481601.7962475,13,80,-4
1739481601.8422475,-9,-123,8
1739481601.8882475,-84,-25,3
1739481601.9332476,60,-62,-36
1739481601.9792476,-57,-7,-6
1739481602.0252476,-15,-31,0
1739481602.0702477,46,62,20
1739481602.1162477,-25,-13,-54
1739481602.1622477,18,-14,-87
1739481602.2082477,-1,-37,-80
1739481602.2532475,-12,-92,27
1739481602.2992475,-37,-117,-76
1739481602.3452475,-18,0,-101
1739481602.3962476,31,-2,-7
1739481602.4422476,0,-114,-44
1739481602.4882476,-102,-27,-15
1739481602.5332477,-11,-23,-10
1739481602.5792477,-34,133,-52
1739481602.6252477,-68,-86,-110
1739481602.6702476,-114,-38,34
1739481602.7162476,-19,-114,29
1739481602.7622476,-6,20,-4
1739481602.8082476,60,60,-86
1739481602.8532476,-89,-5,-85
1739481602.8992476,19,-93,140
1739481602.9452477,11,2,-52
1739481602.9902475,12,-102,-72
1739481603.0362475,-83,-47,-87
1739481603.0822475,11,-88,40
1739481603.1282475,-7,-141,-23
1739481603.1732476,0,57,-22
1739481603.2192476,8,-42,5
1739481603.2652476,-73,40,82
1739481603.3102477,-12,-104,-82
1739481603.3562477,19,-19,-27
1739481603.4022477,2,89,-40
1739481603.4482474,-39,-38,47
1739481603.4932475,26,14,-144
1739481603.5392475,-47,-121,-52
1739481603.5852475,76,18,-78
1739481603.6302476,53,57,100
1739481603.6762476,68,-63,59
1739481603.7222476,32,-29,-88
1739481603.7682476,-28,-102,-88
1739481603.8132474,69,19,-62
1739481603.8592474,-53,-200,35
1739481603.9052474,-47,-56,45
1739481603.9502475,-37,-32,-30
1739481603.9962475,-33,-114,-114
1739481604.0422475,27,-43,-10
1739481604.0882475,95,83,-46
1739481604.1332476,-52,-29,-68
1739481604.1792476,-38,-3,23
1739481604.2252476,-43,29,-162
1739481604.2702477,-19,19,3
1739481604.3162477,16,-56,-42
1739481604.3622477,-12,-3,-143
1739481604.4082477,-14,-75,-72
1739481604.4532475,5,-13,-147
1739481604.4992476,-12,-72,-93
1739481604.5452476,-24,-84,-74
1739481604.5902476,4,22,-123
1739481604.6362476,16,39,101
1739481604.6822476,-29,32,48
1739481604.7282476,0,0,-4
1739481604.7732477,41,-38,-55
1739481604.8192475,45,-24,-33
1739481604.8652475,-77,7,103
1739481604.9102476,40,-22,9
1739481604.9562476,0,34,-75
1739481605.0022476,67,-57,61
1739481605.0482476,64,-113,-44
1739481605.0932477,-5,-133,-95
1739481605.1392477,-3,-69,-116
1739481605.1852477,-30,-162,18
1739481605.2302475,-35,-50,-95
1739481605.2762475,13,-11,-48
1739481605.3222475,86,-53,-14
1739481605.3682475,67,-134,-51
1739481605.4132476,-14,22,-19
1739481605.4592476,22,-66,-16
1739481605.5052476,12,-92,-83
1739481605.5502477,-14,-101,-44
1739481605.5962474,33,-44,-88
1739481605.6422474,18,64,-6
1739481605.6882474,3,-79,-87
1739481605.7332475,33,-38,-26
1739481605.7792475,31,-58,-25
1739481605.8252475,26,-64,-90
1739481605.8702476,12,68,-38
1739481605.9162476,7,-53,91
1739481605.9622476,69,-2,-100
1739481606.0082476,11,-52,94
1739481606.0532477,-18,-38,-69
1739481606.0992477,6,-59,2
1739481606.1452477,42,-7,51
1739481606.1902475,-14,58,-105
1739481606.2362475,-66,-64,-7
1739481606.2822475,61,-51,-155
1739481606.3282475,0,-62,-10
1739481606.3732476,35,13,-92
1739481606.4192476,-15,4,58
1739481606.4652476,8,-22,-35
1739481606.5102477,54,-205,-16
1739481606.5562477,75,-81,-37
1739481606.6022477,-2,-77,-13
1739481606.6482477,-45,-50,60
1739481606.6932476,-6,-33,-48
1739481606.7392476,-89,-48,-34
1739481606.7852476,-18,86,-75
1739481606.8302476,44,-103,127
1739481606.8762476,28,-71,148
1739481606.9222476,46,-139,-82
1739481606.9682477,-90,-14,-25
1739481607.0132475,39,-17,-54
1739481607.0592475,33,-5,-34
1739481607.1052475,-44,0,-80
1739481607.1502476,25,-1,24
1739481607.1962476,-44,-26,0
1739481607.2422476,40,21,-42
1739481607.2882476,6,-57,18
1739481607.3332477,-47,-28,94
1739481607.3792477,38,-69,-21
1739481607.4252477,38,19,52
1739481607.4702475,-2,-24,-94
1739481607.5162475,-39,-102,-27
1739481607.5622475,-4,-71,-171
1739481607.6082475,54,51,-100
1739481607.6532476,55,-105,-13
1739481607.6992476,21,-21,-45
1739481607.7452476,15,-19,1
1739481607.7902474,-84,-6,-39
1739481607.8362474,26,-45,-39
1739481607.8822474,24,-23,-19
1739481607.9282477,-45,-122,6
1739481607.9732475,-68,-84,-166
1739481608.0192475,-12,32,-52
1739481608.0652475,-12,18,-21
1739481608.1102476,-24,-2,-74
1739481608.1562476,19,-97,-28
1739481608.2022476,10,-39,26
1739481608.2482476,4,-36,3
1739481608.2932477,35,0,-17
1739481608.3392477,-11,10,-69
1739481608.3852477,38,0,-33
1739481608.4302475,0,-106,14
1739481608.4762475,36,-79,-3
1739481608.5222476,-72,94,8
1739481608.5682476,27,32,-26
1739481608.6132476,23,-158,43
1739481608.6592476,60,-103,-29
1739481608.7052476,-12,-101,58
1739481608.7502477,-5,-1,-117
1739481608.7962475,78,-19,-95
1739481608.8422475,57,-85,-32
1739481608.8882475,40,-3,-131
1739481608.9332476,-52,70,-112
1739481608.9792476,7,19,-138
1739481609.0252476,30,-75,16
1739481609.0702477,-102,-10,-100
1739481609.1162477,-32,-64,36
1739481609.1622477,-24,-146,-20
1739481609.2082477,-1,-12,-132
1739481609.2532475,23,-93,4
1739481609.2992475,-11,-90,45
1739481609.3452475,-15,-88,15
1739481609.3902476,17,-49,-71
1739481609.4362476,-60,42,-120
1739481609.4822476,-58,40,-40
1739481609.5282476,-2,-84,-35
1739481609.5732474,-42,8,40
1739481609.6192474,-70,6,-82
1739481609.6652474,44,-94,-22
1739481609.7102475,-47,-23,-39
1739481609.7562475,-16,-98,-46
1739481609.8022475,41,-53,78
1739481609.8482475,-27,100,-102
1739481609.8932476,-85,74,-41
1739481609.9392476,-50,38,-96
1739481609.9852476,-11,26,-72
1739481610.0302474,-21,8,-6
1739481610.0762477,57,-11,-32
1739481610.1222477,45,-125,29
1739481610.1682477,11,47,-96
1739481610.2132475,-61,12,-150
1739481610.2592475,-39,-66,-109
1739481610.3052475,-44,-50,25
1739481610.3502476,50,-95,31
1739481610.3962476,56,-27,-57
1739481610.4422476,67,-61,80
1739481610.4882476,52,-29,64
1739481610.5332477,30,-141,-130
1739481610.5792477,-22,60,-23
1739481610.6252477,-117,-58,-46
1739481610.6702476,-12,-6,-100
1739481610.7162476,-21,-148,-41
1739481610.7622476,-20,-28,17
1739481610.8082476,-58,14,-54
1739481610.8532476,-28,-54,-32
1739481610.8992476,-22,6,60
1739481610.9452477,-24,-52,3
1739481610.9902475,-6,2,-29
1739481611.0362475,-5,33,-9
1739481611.0822475,41,0,-45
1739481611.1282475,-73,-44,-134
1739481611.1732476,26,-7,0
1739481611.2192476,-66,-94,33
1739481611.2652476,-14,-146,139
1739481611.3102477,-22,-50,-120
1739481611.3562477,6,-68,44
1739481611.4022477,-48,-90,-25
1739481611.4482474,37,117,-77
1739481611.4932475,84,59,3
1739481611.5392475,-42,-88,-7
1739481611.5852475,23,95,7
1739481611.6302476,-21,-53,-28
1739481611.6762476,-32,-66,-53
1739481611.7222476,7,-83,-134
1739481611.7682476,-38,-8,53
1739481611.8132474,30,-105,-24
1739481611.8592474,-61,-104,-106
1739481611.9052474,58,49,13
1739481611.9502475,-48,-128,-68
1739481611.9962475,-26,-60,-75
1739481612.0422475,13,7,39
1739481612.0882475,24,62,-59
1739481612.1332476,-82,-86,-27
1739481612.1792476,-34,-16,-86
1739481612.2252476,-79,-48,-72
1739481612.2702477,24,-103,118
1739481612.3162477,0,-24,-65
1739481612.3622477,42,-39,-53
1739481612.4132476,-64,-20,129
1739481612.4592476,28,-35,-48
1739481612.5052476,-45,-100,-145
1739481612.5502477,-143,114,-47
1739481612.5962474,-12,-16,-35
1739481612.6422474,45,-129,-32
1739481612.6882474,1,-73,14
1739481612.7332475,13,94,-47
1739481612.7792475,-40,-32,10
1739481612.8252475,4,-20,-54
1739481612.8702476,-54,6,-83
1739481612.9162476,41,-123,-109
1739481612.9622476,17,7,-25
1739481613.0082476,34,-23,-17
1739481613.0532477,24,-77,-55
1739481613.0992477,7,6,48
1739481613.1452477,82,23,-174
1739481613.1902475,-41,-46,11
1739481613.2362475,-145,-76,-1
1739481613.2822475,-15,0,31
1739481613.3272476,10,-108,-121
1739481613.3732476,34,27,4
1739481613.4192476,4,23,21
1739481613.4652476,68,17,-105
1739481613.5102477,13,3,40
1739481613.5562477,52,9,0
1739481613.6022477,67,-71,0
1739481613.6482477,-48,-66,-5
1739481613.6932476,-18,-122,73
1739481613.7392476,-10,0,-4
1739481613.7852476,-27,-62,106
1739481613.8302476,21,45,-17
1739481613.8762476,49,-99,84
1739481613.9222476,12,-42,-58
1739481613.9682477,13,-45,-45
1739481614.0132475,39,-29,-60
1739481614.0592475,0,13,-24
1739481614.1052475,-6,-87,-48
1739481614.1502476,-119,54,-45
1739481614.1962476,18,-151,51
1739481614.2422476,-53,-18,-31
1739481614.2882476,-16,-97,-103
1739481614.3332477,6,1,-2
1739481614.3792477,6,-19,29
1739481614.4252477,-39,34,-56
1739481614.4702475,2,-35,-6
1739481614.5162475,-19,86,-87
1739481614.5622475,-66,30,-18
1739481614.6082475,-58,-2,-25
1739481614.6532476,-32,32,74
1739481614.6992476,39,25,-34
1739481614.7452476,-9,-32,-58
1739481614.7902474,-1,-42,19
1739481614.8362474,4,-65,92
1739481614.8822474,33,7,59
1739481614.9282477,-29,-46,2
1739481614.9732475,-9,-80,4
1739481615.0192475,0,-11,-43
1739481615.0652475,43,59,63
1739481615.1102476,8,55,-177
1739481615.1562476,-48,52,-86
1739481615.2022476,-15,-30,-134
1739481615.2472477,17,-23,99
1739481615.2932477,11,-127,-106
1739481615.3392477,10,-52,-22
1739481615.3852477,38,15,15
1739481615.4302475,-50,-134,-76
1739481615.4762475,6,11,-135
1739481615.5222476,12,-32,43
1739481615.5672476,-29,-24,27
1739481615.6132476,17,-5,-100
1739481615.6592476,16,-62,13
1739481615.7052476,-2,128,-55
1739481615.7502477,-48,4,-149
1739481615.7962475,92,-81,49
1739481615.8422475,109,3,62
1739481615.8872476,25,195,-36
1739481615.9332476,30,3,-45
1739481615.9792476,-21,-26,-145
1739481616.0252476,-23,170,-151
1739481616.0702477,-42,-58,-41
1739481616.1162477,-6,27,-25
1739481616.1622477,-23,-44,-36
1739481616.2072475,-42,-66,-121
1739481616.2532475,23,7,-4
1739481616.2992475,67,53,9
1739481616.3452475,34,41,-4
1739481616.3902476,3,144,-149
1739481616.4362476,35,3,-10
1739481616.4822476,-57,-96,-3
1739481616.5272477,44,-65,-105
1739481616.5732474,41,15,-65
1739481616.6192474,-3,-84,-82
1739481616.6652474,-40,4,-196
1739481616.7102475,-28,-72,-60
1739481616.7562475,-77,-70,-131
1739481616.8022475,34,-71,-52
1739481616.8472476,43,-143,-98
1739481616.8932476,-61,-42,48
1739481616.9392476,21,-67,-108
1739481616.9852476,34,-55,-64
1739481617.0302474,5,-71,9
1739481617.0762477,25,-119,-104
1739481617.1222477,25,-81,0
1739481617.1672475,-45,4,52
1739481617.2132475,47,7,-98
1739481617.2592475,-1,-139,48
1739481617.3052475,-24,43,-80
1739481617.3502476,53,-5,-10
1739481617.3962476,-44,-130,-22
1739481617.4422476,26,27,-41
1739481617.4872477,-22,51,0
1739481617.5332477,12,-72,-50
1739481617.5792477,19,-40,22
1739481617.6252477,77,10,142
1739481617.6702476,-17,47,18
1739481617.7162476,2,-86,5
1739481617.7622476,17,33,-22
1739481617.8072476,-41,23,-14
1739481617.8532476,-43,-77,-6
1739481617.8992476,50,-30,37
1739481617.9452477,65,-36,-7
1739481617.9902475,10,-74,-74
1739481618.0362475,26,68,-87
1739481618.0822475,-77,-1,-131
1739481618.1272476,-44,-33,60
1739481618.1732476,25,14,-7
1739481618.2192476,30,-48,-128
1739481618.2652476,-62,9,-63
1739481618.3102477,52,-38,45
1739481618.3562477,24,0,12
1739481618.4022477,51,-53,-17
1739481618.4472475,-23,40,9
1739481618.4932475,-7,-43,-103
1739481618.5392475,-16,-22,-45
1739481618.5852475,-3,-94,-98
1739481618.6302476,-24,28,-61
1739481618.6762476,33,51,-63
1739481618.7222476,-51,56,-180
1739481618.7672474,33,81,5
1739481618.8132474,-26,-20,-76
1739481618.8592474,38,-129,40
1739481618.9052474,36,-173,-124
1739481618.9502475,-60,-82,-123
1739481618.9962475,-74,-16,-61
1739481619.0422475,-31,26,-75
1739481619.0872476,-3,-240,69
1739481619.1332476,0,-6,0
1739481619.1792476,-19,-26,-35
1739481619.2252476,21,-99,-32
1739481619.2702477,-94,-40,84
1739481619.3162477,75,-57,-29
1739481619.3622477,-74,-24,-82
1739481619.4072475,-32,-46,-35
1739481619.4532475,-75,-74,-41
1739481619.4992476,-49,-32,-40
1739481619.5452476,8,-6,-33
1739481619.5902476,0,-91,-50
1739481619.6362476,10,-135,-84
1739481619.6822476,64,-75,135
1739481619.7272477,-40,86,-128
1739481619.7732477,15,-25,23
1739481619.8192475,22,-108,-44
1739481619.8652475,-56,-30,-1
1739481619.9102476,5,65,16
1739481619.9562476,-17,-128,-50
1739481620.0022476,13,-87,-68
1739481620.0472476,0,20,-3
1739481620.0932477,28,-107,-19
1739481620.1392477,-7,-30,-11
1739481620.1852477,54,83,-120
1739481620.2302475,24,-14,-7
1739481620.2762475,51,-31,-9
1739481620.3222475,-29,12,35
1739481620.3672476,29,-62,-104
1739481620.4132476,-22,-158,81
1739481620.4592476,-5,1,-190
1739481620.5052476,45,-10,-75
1739481620.5502477,-18,13,-35
1739481620.5962474,-3,49,-62
1739481620.6422474,23,-118,-54
1739481620.6872475,-27,-53,-8
1739481620.7332475,12,-145,-25
1739481620.7792475,2,-165,33
1739481620.8252475,97,44,-32
1739481620.8702476,-14,6,-155
1739481620.9162476,1,-23,-148
1739481620.9622476,-8,-3,-73
1739481621.0072474,-31,-60,-96
1739481621.0532477,-11,-71,-8
1739481621.0992477,63,-12,-57
1739481621.1452477,64,20,-61
1739481621.1902475,42,-78,-168
1739481621.2362475,-33,-65,6
1739481621.2822475,-53,-3,10
1739481621.3272476,-45,-79,-86
1739481621.3732476,-18,-133,-11
1739481621.4192476,-8,-59,-76
1739481621.4652476,-47,-57,-1
1739481621.5102477,-40,-89,-50
1739481621.5562477,0,80,11
1739481621.6022477,-11,9,-63
1739481621.6472476,1,-124,37
1739481621.6932476,60,-36,-79
1739481621.7392476,-27,-29,-8
1739481621.7852476,-30,-59,5
1739481621.8302476,51,-72,152
1739481621.8762476,-34,55,-50
1739481621.9222476,100,32,2
1739481621.9672475,-8,63,-111
1739481622.0132475,-56,35,-78
1739481622.0592475,-7,-15,-37
1739481622.1052475,-48,33,123
1739481622.1502476,-86,-37,-137
1739481622.1962476,-9,79,-37
1739481622.2422476,43,-66,28
1739481622.2872477,21,84,-24
1739481622.3332477,-65,-29,-29
1739481622.3792477,19,-60,-19
1739481622.4302475,-35,-33,65
1739481622.4762475,-12,85,-10
1739481622.5222476,-39,145,-2
1739481622.5672476,43,-180,-14
1739481622.6132476,-51,-127,-69
1739481622.6592476,54,30,0
1739481622.7052476,-58,-45,75
1739481622.7502477,-73,-59,67
1739481622.7962475,-20,-143,-103
1739481622.8422475,18,-38,58
1739481622.8872476,-5,-73,13
1739481622.9332476,23,16,-134
1739481622.9792476,54,-4,-142
1739481623.0252476,-22,11,-89
1739481623.0702477,30,40,42
1739481623.1162477,4,-36,-56
1739481623.1622477,-57,-47,24
1739481623.2072475,-37,-43,-57
1739481623.2532475,-9,-1,-35
1739481623.2992475,-2,56,47
1739481623.3452475,-32,-41,-29
1739481623.3902476,-65,-91,17
1739481623.4362476,-50,35,-138
1739481623.4822476,-13,-15,72
1739481623.5272477,46,-96,-24
1739481623.5732474,-27,5,-46
1739481623.6192474,-8,-101,113
1739481623.6652474,22,-94,144
1739481623.7102475,80,-28,31
1739481623.7562475,55,-146,67
1739481623.8022475,-7,0,-62
1739481623.8472476,1,16,75
1739481623.8932476,53,-4,-1
1739481623.9392476,17,-24,19
1739481623.9852476,-39,-48,-40
1739481624.0302474,-68,81,88
1739481624.0762477,-41,-21,113
1739481624.1222477,-43,67,-13
1739481624.1672475,53,-46,21
1739481624.2132475,-3,16,59
1739481624.2592475,52,-160,70
1739481624.3052475,30,1,-58
1739481624.3502476,-33,-30,1
1739481624.3962476,-29,54,-176
1739481624.4422476,30,-60,-86
1739481624.4872477,5,-133,-6
1739481624.5332477,-14,-53,-57
1739481624.5792477,-33,32,-95
1739481624.6252477,24,107,125
1739481624.6702476,-24,-56,41
1739481624.7162476,105,53,-55
1739481624.7622476,11,37,-95
1739481624.8072476,-5,-90,-125
1739481624.8532476,-42,78,-108
1739481624.8992476,17,-163,-46
1739481624.9452477,-25,22,5
1739481624.9902475,31,5,47
1739481625.0362475,-19,16,-158
1739481625.0822475,-26,54,-43
1739481625.1272476,-29,-76,72
1739481625.1732476,39,43,41
1739481625.2192476,-25,60,-45
1739481625.2652476,10,-95,-46
1739481625.3102477,31,91,9
1739481625.3562477,-26,-87,-35
1739481625.4022477,101,90,34
1739481625.4472475,-6,97,1
1739481625.4932475,19,-1,-104
1739481625.5392475,35,-128,-1
1739481625.5852475,-43,-59,-41
1739481625.6302476,-40,29,-59
1739481625.6762476,-4,-4,-14
1739481625.7222476,28,-128,0
1739481625.7672474,-43,-172,14
1739481625.8132474,-82,-16,-104
1739481625.8592474,5,-30,-85
1739481625.9052474,-33,-3,-131
1739481625.9502475,-43,-143,-21
1739481625.9962475,4,-94,6
1739481626.0422475,-51,113,-21
1739481626.0872476,12,10,-44
1739481626.1332476,-19,-47,-171
1739481626.1792476,-29,-140,-4
1739481626.2252476,-58,-62,-8
1739481626.2702477,-14,-68,-148
1739481626.3162477,-22,-78,11
1739481626.3622477,43,56,21
1739481626.4072475,-18,-101,-93
1739481626.4532475,66,-102,-31
1739481626.4992476,-84,37,-70
1739481626.5452476,70,0,-101
1739481626.5902476,39,12,33
1739481626.6362476,-1,-102,101
1739481626.6822476,20,-6,136
1739481626.7272477,-3,-86,-70
1739481626.7732477,28,-108,-125
1739481626.8192475,49,-22,-14
1739481626.8652475,44,-78,-150
1739481626.9102476,-35,-85,-42
1739481626.9562476,-54,-11,12
1739481627.0022476,-15,-65,74
1739481627.0472476,-72,-16,-30
1739481627.0932477,-116,0,22
1739481627.1392477,15,-127,-95
1739481627.1852477,-52,4,-35
1739481627.2302475,-17,36,31
1739481627.2762475,-23,34,-30
1739481627.3222475,-2,65,22
1739481627.3672476,40,-6,53
1739481627.4132476,113,-15,-64
1739481627.4592476,-22,12,-80
1739481627.5052476,-21,-108,-198
1739481627.5502477,-45,32,35
1739481627.5962474,-10,-78,39
1739481627.6422474,-31,48,-114
1739481627.6872475,38,-1,-25
1739481627.7332475,52,-15,-79
1739481627.7792475,8,-112,-58
1739481627.8252475,61,-65,25
1739481627.8702476,15,-14,-64
1739481627.9162476,-23,24,9
1739481627.9622476,28,30,-153
1739481628.0072474,40,-95,-92
1739481628.0532477,-3,-36,7
1739481628.0992477,78,-51,-31
1739481628.1452477,-17,-9,-150
1739481628.1902475,17,-80,9
1739481628.2362475,-34,-179,37
1739481628.2822475,-26,-27,-63
1739481628.3272476,-9,-83,59
1739481628.3732476,11,15,72
1739481628.4192476,-18,-73,-12
1739481628.4652476,-61,134,-47
1739481628.5102477,-28,24,-48
1739481628.5562477,-63,-63,23
1739481628.6022477,-42,-20,-57
1739481628.6472476,32,-213,-90
1739481628.6932476,-10,45,1
1739481628.7392476,-79,-120,-9
1739481628.7852476,39,-121,10
1739481628.8302476,33,-57,17
1739481628.8762476,-17,-91,29
1739481628.9222476,24,-16,6
1739481628.9672475,62,-148,17
1739481629.0132475,4,-124,-20
1739481629.0592475,25,25,-169
1739481629.1052475,-25,-94,-92
1739481629.1502476,35,51,-116
1739481629.1962476,-67,-6,-120
1739481629.2422476,-76,-34,32
1739481629.2872477,-33,-30,70
1739481629.3332477,14,65,-84
1739481629.3792477,-90,-110,-95
1739481629.4252477,43,13,-110
1739481629.4702475,51,41,-2
1739481629.5162475,-13,-76,-63
1739481629.5622475,-106,-114,-109
1739481629.6072476,29,-3,-3
1739481629.6532476,60,33,-41
1739481629.6992476,-21,-120,-43
1739481629.7452476,14,-49,34
1739481629.7902474,13,-63,-90
1739481629.8362474,53,-27,13
1739481629.8822474,-42,-38,-35
1739481629.9272475,23,-111,-102
1739481629.9732475,-43,-56,72
1739481630.0192475,24,-85,-48
1739481630.0652475,-55,-52,-43
1739481630.1102476,-7,-108,-77
1739481630.1562476,10,33,-124
1739481630.2022476,-37,-98,-41
1739481630.2472477,11,3,-117
1739481630.2932477,-1,-32,-131
1739481630.3392477,5,62,16
1739481630.3852477,-34,-66,-17
1739481630.4302475,62,65,-9
1739481630.4762475,-33,-2,-50
1739481630.5222476,-25,-122,31
1739481630.5672476,-92,8,-235
1739481630.6132476,9,-107,-57
1739481630.6592476,42,-68,-186
1739481630.7052476,25,-51,-57
1739481630.7502477,24,29,-41
1739481630.7962475,-91,180,-40
1739481630.8422475,19,-81,-9
1739481630.8872476,-56,-68,-67
1739481630.9332476,-17,12,-10
1739481630.9792476,-14,-26,22
1739481631.0252476,-14,144,-10
1739481631.0702477,-4,46,20
1739481631.1162477,21,-9,-60
1739481631.1622477,13,11,1
1739481631.2072475,27,-183,-54
1739481631.2532475,-51,22,-48
1739481631.2992475,15,31,26
1739481631.3452475,33,-49,-105
1739481631.3902476,-16,-62,-88
1739481631.4362476,-7,-32,94
1739481631.4822476,-29,-106,132
1739481631.5272477,0,12,-102
1739481631.5732474,7,-83,-22
1739481631.6192474,10,27,3
1739481631.6652474,-45,0,-55
1739481631.7102475,14,-1,28
1739481631.7562475,22,7,-47
1739481631.8022475,43,-73,-48
1739481631.8472476,12,64,-112
1739481631.8932476,-43,54,-16
1739481631.9392476,86,-41,-39
1739481631.9852476,-38,-96,-3
1739481632.0302474,-53,44,4
1739481632.0762477,51,-71,-29
1739481632.1222477,-2,-77,-5
1739481632.1672475,-27,4,12
1739481632.2132475,-56,-96,-73
1739481632.2592475,-37,-188,-83
1739481632.3052475,-15,-90,76
1739481632.3502476,58,-191,0
1739481632.4022477,-19,12,53
1739481632.4472475,12,-121,-84
1739481632.4932475,-28,-150,-137
1739481632.5392475,27,-137,100
1739481632.5852475,-63,138,-33
1739481632.6302476,-10,-114,-61
1739481632.6762476,-27,-116,81
1739481632.7222476,-11,-106,-34
1739481632.7672474,-19,26,-10
1739481632.8132474,-41,8,-51
1739481632.8592474,9,51,-100
1739481632.9052474,-31,-124,-8
1739481632.9502475,80,-43,-44
1739481632.9962475,16,113,98
1739481633.0422475,-28,26,94
1739481633.0872476,-52,-12,0
1739481633.1332476,0,-43,-132
1739481633.1792476,4,-41,-72
1739481633.2252476,13,13,-40
1739481633.2702477,-45,0,-9
1739481633.3162477,26,3,36
1739481633.3622477,-45,84,-64
1739481633.4072475,-22,-46,-20
1739481633.4532475,-75,-16,-39
1739481633.4992476,-27,-46,-31
1739481633.5452476,16,-46,2
1739481633.5902476,-40,30,-4
1739481633.6362476,-32,-74,-70
1739481633.6822476,63,-75,-34
1739481633.7272477,78,-99,3
1739481633.7732477,23,-74,-142
1739481633.8192475,-9,-86,-14
1739481633.8652475,95,-71,-42
1739481633.9102476,125,-41,-35
1739481633.9562476,-14,2,-95
1739481634.0022476,48,1,-76
1739481634.0472476,39,13,-41
1739481634.0932477,27,-151,-53
1739481634.1392477,19,8,-38
1739481634.1852477,-26,-29,-47
1739481634.2302475,0,-79,-3
1739481634.2762475,7,-112,-41
1739481634.3222475,-31,-11,-29
1739481634.3672476,-25,-125,-118
1739481634.4132476,-62,-35,-17
1739481634.4592476,-43,-45,-43
1739481634.5052476,-3,37,-47
1739481634.5502477,33,-4,5
1739481634.5962474,5,7,-108
1739481634.6422474,-98,-45,32
1739481634.6872475,64,-58,34
1739481634.7332475,-12,33,-108
1739481634.7792475,-57,-7,-69
1739481634.8252475,32,-8,99
1739481634.8702476,-26,103,30
1739481634.9162476,-10,-45,-70
1739481634.9622476,66,42,12
1739481635.0072474,26,64,-49
1739481635.0532477,-37,-45,-16
1739481635.0992477,-24,-131,-60
1739481635.1452477,54,-76,-68
1739481635.1902475,22,64,99
1739481635.2362475,18,-162,61
1739481635.2822475,-51,95,2
1739481635.3272476,56,-66,-102
1739481635.3732476,-39,-51,-43
1739481635.4192476,-1,44,-101
1739481635.4652476,-34,-139,-75
1739481635.5102477,54,-20,8
1739481635.5562477,-11,2,42
1739481635.6022477,16,-31,-41
1739481635.6472476,-58,15,130
1739481635.6932476,65,-32,-54
1739481635.7392476,-2,-117,-31
1739481635.7852476,3,-95,-57
1739481635.8302476,52,0,3
1739481635.8762476,-55,-41,-27
1739481635.9222476,9,0,-104
1739481635.9672475,32,-30,-123
1739481636.0132475,48,-62,11
1739481636.0592475,64,46,-19
1739481636.1052475,26,-82,-106
1739481636.1502476,-34,-5,-130
1739481636.1962476,-36,51,-58
1739481636.2422476,49,-32,10
1739481636.2872477,102,-116,-20
1739481636.3332477,-11,-27,17
1739481636.3792477,-35,-63,-18
1739481636.4252477,-54,-153,-14
1739481636.4702475,-16,-59,15
1739481636.5162475,6,69,41
1739481636.5622475,-26,-97,-97
1739481636.6072476,-3,-147,-40
1739481636.6532476,51,-68,-60
1739481636.6992476,-12,-36,-151
1739481636.7452476,88,-48,-66
1739481636.7902474,-24,25,-44
1739481636.8362474,-38,-55,-77
1739481636.8822474,-45,5,38
1739481636.9272475,-20,-25,94
1739481636.9732475,48,28,19
1739481637.0192475,42,-6,60
1739481637.0652475,62,52,-50
1739481637.1102476,5,48,9
1739481637.1562476,-82,-25,-1
1739481637.2022476,9,12,-122
1739481637.2472477,-20,-95,-173
1739481637.2932477,10,-55,-109
1739481637.3392477,-6,-142,-103
1739481637.3852477,12,-10,-69
1739481637.4302475,24,-40,26
1739481637.4762475,69,-8,67
1739481637.5222476,43,-62,-115
1739481637.5672476,-57,-207,-81
1739481637.6132476,37,-2,-37
1739481637.6592476,60,48,-61
1739481637.7052476,-32,-161,3
1739481637.7502477,67,34,-3
1739481637.7962475,32,20,0
1739481637.8422475,-60,-125,-64
1739481637.8872476,-48,-145,6
1739481637.9332476,15,-120,46
1739481637.9792476,-66,-25,-47
1739481638.0252476,-2,54,-70
1739481638.0702477,0,-2,-53
1739481638.1162477,71,-60,-112
1739481638.1622477,6,-59,-19
1739481638.2072475,16,-4,-110
1739481638.2532475,36,-84,6
1739481638.2992475,28,-67,4
1739481638.3452475,40,-33,-31
1739481638.3902476,23,-15,-60
1739481638.4362476,36,43,24
1739481638.4822476,9,-34,34
1739481638.5272477,-46,1,-40
1739481638.5732474,-20,-70,-28
1739481638.6192474,-39,-71,26
1739481638.6652474,33,19,-98
1739481638.7102475,-76,-32,-45
1739481638.7562475,49,85,-15
1739481638.8022475,42,-148,6
1739481638.8472476,-51,-19,-84
1739481638.8932476,10,0,25
1739481638.9392476,-18,79,95
1739481638.9852476,121,62,96
1739481639.0302474,6,51,72
1739481639.0762477,-8,-70,40
1739481639.1222477,25,77,107
1739481639.1672475,60,-61,-38
1739481639.2132475,32,61,5
1739481639.2592475,15,23,-32
1739481639.3052475,-38,-20,-41
1739481639.3502476,93,-83,-1
1739481639.3962476,11,-70,-128
1739481639.4422476,2,35,-98
1739481639.4872477,58,63,27
1739481639.5332477,29,-156,65
1739481639.5792477,14,-14,33
1739481639.6252477,-24,-4,-44
1739481639.6692476,46,-17,-12
1739481639.7152476,-35,90,-29
1739481639.7612476,70,4,25
1739481639.8062477,-33,69,-9
1739481639.8522477,-37,47,-22
1739481639.8982477,2,11,-49
1739481639.9432476,32,45,-34
1739481639.9892476,-16,-58,-16
1739481640.0352476,33,-85,-105
1739481640.0812476,-13,-28,-42
1739481640.1262476,-48,-5,-71
1739481640.1722476,96,-55,19
1739481640.2182477,13,-49,-102
1739481640.2632475,-20,-148,1
1739481640.3092475,34,-59,-55
1739481640.3552475,-39,-70,-89
1739481640.4012475,-6,-26,-33
1739481640.4462476,-32,86,-26
1739481640.4922476,46,-31,27
1739481640.5382476,-64,-82,-93
1739481640.5832477,-7,-50,102
1739481640.6292477,18,-111,47
1739481640.6752477,47,-95,-63
1739481640.7212474,76,-35,65
1739481640.7662475,53,-105,-13
1739481640.8122475,14,47,15
1739481640.8582475,6,-54,-46
1739481640.9032476,12,26,71
1739481640.9492476,-7,-168,-38
1739481640.9952476,38,23,-61
1739481641.0412476,-1,-58,-43
1739481641.0862474,55,62,-3
1739481641.1322474,-19,-98,-86
1739481641.1782477,9,23,-11
1739481641.2232475,-29,46,-36
1739481641.2692475,19,-25,-72
1739481641.3152475,81,-54,-75
1739481641.3612475,-28,-101,-4
1739481641.4062476,33,-30,-7
1739481641.4522476,-26,19,41
1739481641.4982476,13,-39,4
1739481641.5432477,-75,-17,-66
1739481641.5892477,-32,1,43
1739481641.6352477,57,49,-8
1739481641.6812477,35,26,72
1739481641.7262475,13,-159,-99
1739481641.7722476,6,28,-62
1739481641.8182476,-91,-77,-3
1739481641.8632476,-64,83,-14
1739481641.9092476,-3,24,-64
1739481641.9552476,108,0,26
1739481642.0012476,-2,11,20
1739481642.0462475,44,-13,-85
1739481642.0922475,-20,-92,-63
1739481642.1382475,-9,7,90
1739481642.1832476,7,-43,-95
1739481642.2292476,4,-24,84
1739481642.2752476,-35,-27,41
1739481642.3212476,50,72,-7
1739481642.3662477,73,-122,-60
1739481642.4182477,-34,-71,-5
1739481642.4632475,17,-61,-63
1739481642.5092475,57,-63,-96
1739481642.5552475,113,-1,-20
1739481642.6012475,-8,-30,-44
1739481642.6462476,-70,-21,-89
1739481642.6922476,25,-134,-56
1739481642.7382476,-45,2,-80
1739481642.7832477,-28,23,-64
1739481642.8292477,-6,19,-118
1739481642.8752477,-25,-78,-125
1739481642.9212475,-37,-69,85
1739481642.9662476,26,-85,21
1739481643.0122476,56,-140,-49
1739481643.0582476,-37,-71,-143
1739481643.1032476,73,48,-75
1739481643.1492476,52,-92,31
1739481643.1952477,40,-68,2
1739481643.2412477,15,-22,-76
1739481643.2862475,-3,22,-50
1739481643.3322475,-45,33,30
1739481643.3782475,-14,13,-99
1739481643.4232476,-46,-89,-141
1739481643.4692476,-25,-55,19
1739481643.5152476,-88,-44,-21
1739481643.5612476,25,-10,-121
1739481643.6062477,32,-62,-34
1739481643.6522477,-66,-103,-33
1739481643.6982474,-62,-223,22
1739481643.7432475,-59,-101,-9
1739481643.7892475,31,-76,-89
1739481643.8352475,0,7,0
1739481643.8812475,-56,-55,104
1739481643.9262476,-51,10,-44
1739481643.9722476,1,-16,-35
1739481644.0182476,-18,-165,39
1739481644.0632474,-32,-155,-114
1739481644.1092474,-108,-61,-12
1739481644.1552474,-20,59,-16
1739481644.2012477,53,44,29
1739481644.2462475,55,-132,-61
1739481644.2922475,-12,11,13
1739481644.3382475,-22,-8,62
1739481644.3832476,-37,-130,-34
1739481644.4292476,-8,189,-40
1739481644.4752476,-61,50,-110
1739481644.5212476,-5,1,-5
1739481644.5662477,-19,-102,-93
1739481644.6122477,44,27,-30
1739481644.6582477,13,-23,-90
1739481644.7032475,10,0,8
1739481644.7492476,-39,-144,-16
1739481644.7952476,-31,-54,-161
1739481644.8412476,62,47,-29
1739481644.8862476,8,29,36
1739481644.9322476,79,-15,-61
1739481644.9772477,-13,-134,-28
1739481645.0222476,42,87,0
1739481645.0682476,-20,4,-83
1739481645.1142476,8,-4,-107
1739481645.1592476,-34,-16,27
1739481645.2052476,-55,39,-13
1739481645.2512476,-83,33,-93
1739481645.2972476,-28,-26,3
1739481645.3422475,5,11,-36
1739481645.3882475,10,-48,-182
1739481645.4342475,16,58,-83
1739481645.4792476,40,-24,96
1739481645.5252476,-26,45,-61
1739481645.5712476,24,41,10
1739481645.6172476,-64,-54,-14
1739481645.6622477,25,9,-16
1739481645.7082477,-30,-74,-23
1739481645.7542477,-22,4,47
1739481645.7992475,-11,-50,-137
1739481645.8452475,9,-89,61
1739481645.8912475,9,-104,-169
1739481645.9372475,-27,-44,-34
1739481645.9822476,-24,91,-39
1739481646.0282476,22,-1,78
1739481646.0742476,10,-8,-48
1739481646.1192474,26,-57,-36
1739481646.1652474,81,1,48
1739481646.2112474,61,59,61
1739481646.2572474,38,32,-105
1739481646.3022475,8,-11,-15
1739481646.3482475,-74,-68,-74
1739481646.3942475,52,-187,-72
1739481646.4392476,-29,-106,-38
1739481646.4852476,46,-57,-28
1739481646.5312476,41,95,-58
1739481646.5772476,-40,98,17
1739481646.6222477,-73,30,50
1739481646.6682477,34,51,-35
1739481646.7142477,50,-93,-47
1739481646.7592475,10,36,2
1739481646.8052475,-18,-38,101
1739481646.8512475,63,67,-28
1739481646.8972476,19,25,-19
1739481646.9422476,-76,8,-53
1739481646.9882476,11,-85,-11
1739481647.0342476,80,-173,-154
1739481647.0792477,-24,-26,-60
1739481647.1252477,52,-41,-58
1739481647.1712475,-53,-66,-6
1739481647.2162476,-74,-90,19
1739481647.2622476,82,-101,-104
1739481647.3082476,-44,-56,-61
1739481647.3542476,75,-71,65
1739481647.3992476,35,-7,-101
1739481647.4452477,44,59,-34
1739481647.4912477,40,7,-12
1739481647.5362475,87,3,-76
1739481647.5822475,-54,-6,-22
1739481647.6282475,-63,66,13
1739481647.6742475,36,0,-77
1739481647.7192476,23,26,3
1739481647.7652476,-52,-74,25
1739481647.8112476,25,-69,-9
1739481647.8562477,6,-13,-209
1739481647.9022477,-28,46,8
1739481647.9482474,-24,40,-126
1739481647.9942474,44,-157,5
1739481648.0392475,17,-89,-11
1739481648.0852475,19,18,-51
1739481648.1312475,-44,-126,70
1739481648.1762476,13,83,106
1739481648.2222476,-64,-38,-60
1739481648.2682476,-30,44,19
1739481648.3142476,-1,6,66
1739481648.3592474,28,-123,-42
1739481648.4052474,56,-45,-150
1739481648.4512477,-64,-118,-90
1739481648.4962475,49,17,-159
1739481648.5422475,-27,-118,18
1739481648.5882475,10,17,-64
1739481648.6342475,58,0,-83
1739481648.6792476,-9,-105,-135
1739481648.7252476,6,10,-8
1739481648.7712476,-23,-62,-20
1739481648.8162477,10,35,51
1739481648.8622477,14,-7,-110
1739481648.9082477,63,-55,-21
1739481648.9542477,0,-54,-66
1739481648.9992476,-21,-86,-14
1739481649.0452476,4,-27,-29
1739481649.0912476,33,-15,89
1739481649.1362476,119,-7,-86
1739481649.1822476,-22,-32,-15
1739481649.2282476,9,77,9
1739481649.2742476,26,-237,-112
1739481649.3192475,26,-83,-64
1739481649.3652475,-15,-126,-58
1739481649.4112475,-25,-104,-24
1739481649.4562476,-5,-52,-53
1739481649.5022476,39,-99,22
1739481649.5482476,-12,38,-17
1739481649.5942476,-21,-42,-13
1739481649.6392477,30,-103,-100
1739481649.6852477,-15,30,-36
1739481649.7312477,18,-25,87
1739481649.7762475,-84,-136,-106
1739481649.8222475,18,-29,-52
1739481649.8682475,62,-5,12
1739481649.9142475,-6,-30,-83
1739481649.9592476,-32,122,-18
1739481650.0052476,48,-13,-107
1739481650.0512476,115,99,-31
1739481650.0962474,-1,-14,-58
1739481650.1422474,-68,6,32
1739481650.1882474,-28,-110,54
1739481650.2342474,37,-55,-40
1739481650.2792475,0,0,-20
1739481650.3252475,6,7,-33
1739481650.3712475,64,13,52
1739481650.4162476,-19,-10,111
1739481650.4622476,13,-41,-62
1739481650.5082476,55,9,27
1739481650.5542476,62,-135,-54
1739481650.5992477,-14,-26,-85
1739481650.6452477,66,-103,60
1739481650.6912477,-80,84,-51
1739481650.7362475,-17,-60,0
1739481650.7822475,60,137,-33
1739481650.8282475,45,-43,37
1739481650.8742476,-33,-158,-65
1739481650.9192476,-8,66,27
1739481650.9652476,121,27,-89
1739481651.0112476,21,51,-15
1739481651.0562477,-19,-6,-27
1739481651.1022477,55,-93,-78
1739481651.1482477,24,75,-97
1739481651.1942475,-23,-112,-94
1739481651.2392476,-21,-74,-38
1739481651.2852476,19,-105,-111
1739481651.3312476,-9,-86,-16
1739481651.3762476,-35,34,-46
1739481651.4222476,52,-83,74
1739481651.4682477,-19,62,-89
1739481651.5142477,99,21,17
1739481651.5592475,-69,24,23
1739481651.6052475,20,-37,-67
1739481651.6512475,-91,-18,-37
1739481651.6962476,24,-93,-81
1739481651.7422476,0,-22,-58
1739481651.7882476,-21,14,-39
1739481651.8342476,-66,58,17
1739481651.8792477,68,31,40
1739481651.9252477,-64,-28,110
1739481651.9712474,-63,2,-43
1739481652.0162475,48,-5,-16
1739481652.0622475,26,-21,-69
1739481652.1082475,-87,-108,-7
1739481652.1542475,-52,-48,-166
1739481652.1992476,24,53,-108
1739481652.2452476,28,69,-40
1739481652.2912476,13,-33,18
1739481652.3362474,46,-9,32
1739481652.3822474,64,-133,-114
1739481652.4342475,-15,-28,56
1739481652.4792476,47,-33,9
1739481652.5252476,-2,-18,-38
1739481652.5712476,7,-27,8
1739481652.6162477,19,-77,-64
1739481652.6622477,12,-113,-64
1739481652.7082477,-26,-106,-7
1739481652.7542477,41,-105,-19
1739481652.7992475,77,-19,-35
1739481652.8452475,-101,-2,20
1739481652.8912475,-21,-52,0
1739481652.9362476,32,-69,10
1739481652.9822476,-32,-94,0
1739481653.0282476,19,51,-8
1739481653.0742476,-21,4,-66
1739481653.1192474,-5,-64,36
1739481653.1652474,25,-145,54
1739481653.2112474,12,-33,-48
1739481653.2562475,-67,-52,-57
1739481653.3022475,-86,-64,-93
1739481653.3482475,36,-73,-17
1739481653.3942475,19,-73,-71
1739481653.4392476,-32,-142,25
1739481653.4852476,-38,68,41
1739481653.5312476,43,-69,-152
1739481653.5762477,21,51,-53
1739481653.6222477,-15,-44,48
1739481653.6682477,8,-153,-78
1739481653.7142477,-15,8,-157
1739481653.7592475,-52,-62,-66
1739481653.8052475,30,33,-174
1739481653.8512475,-14,-38,50
1739481653.8962476,41,-51,-9
1739481653.9422476,13,31,-155
1739481653.9882476,63,-71,71
1739481654.0342476,-7,-108,-126
1739481654.0792477,62,35,-70
1739481654.1252477,0,-10,49
1739481654.1712475,-56,-14,39
1739481654.2162476,-79,44,-168
1739481654.2622476,25,-69,-11
1739481654.3082476,37,-97,-154
1739481654.3542476,21,-73,-32
1739481654.3992476,66,-51,-65
1739481654.4452477,4,4,-58
1739481654.4912477,-43,38,-27
1739481654.5362475,9,47,-15
1739481654.5822475,-3,-11,24
1739481654.6282475,38,33,32
1739481654.6742475,13,11,-60
1739481654.7192476,6,-15,-84
1739481654.7652476,-22,16,-63
1739481654.8112476,-1,-106,-88
1739481654.8562477,-95,-132,17
1739481654.9022477,-1,-60,-8
1739481654.9482474,10,-129,44
1739481654.9942474,37,0,10
1739481655.0392475,8,-115,13
1739481655.0852475,36,-13,6
1739481655.1312475,64,-61,-79
1739481655.1762476,-46,64,13
1739481655.2222476,14,67,-115
1739481655.2682476,2,5,-191
1739481655.3142476,0,101,-48
1739481655.3592474,-16,-10,73
1739481655.4052474,19,-9,11
1739481655.4512477,63,19,-44
1739481655.4962475,19,-63,-168
1739481655.5422475,-22,-182,153
1739481655.5882475,103,15,50
1739481655.6342475,35,43,20
1739481655.6792476,4,-26,17
1739481655.7252476,60,-39,30
1739481655.7712476,73,-71,-64
1739481655.8162477,49,23,93
1739481655.8622477,63,53,-113
1739481655.9082477,-39,-10,-99
1739481655.9542477,71,-103,-72
1739481655.9992476,-22,-33,-8
1739481656.0452476,-13,-107,-20
1739481656.0912476,8,30,0
1739481656.1362476,6,-26,-42
1739481656.1822476,-25,-69,2
1739481656.2282476,0,-30,44
1739481656.2742476,-15,-13,26
1739481656.3192475,30,62,-62
1739481656.3652475,-38,-39,-113
1739481656.4112475,39,-32,-99
1739481656.4562476,-1,-61,-17
1739481656.5022476,-29,-97,-3
1739481656.5482476,8,-119,-36
1739481656.5942476,8,68,-33
1739481656.6392477,12,-13,-63
1739481656.6852477,-4,18,-2
1739481656.7312477,-1,-94,32
1739481656.7762475,39,-67,20
1739481656.8222475,-51,-50,-142
1739481656.8682475,93,-63,-145
1739481656.9142475,-2,2,75
1739481656.9592476,-35,-78,40
1739481657.0052476,-23,-66,-78
1739481657.0512476,79,-57,-81
1739481657.0962474,-73,-56,0
1739481657.1422474,26,5,-120
1739481657.1882474,-19,-60,-4
1739481657.2342474,32,58,-169
1739481657.2792475,88,-73,0
1739481657.3252475,24,38,-47
1739481657.3712475,31,-16,-39
1739481657.4162476,-34,26,11
1739481657.4622476,-46,-46,-50
1739481657.5082476,-2,-27,37
1739481657.5542476,16,-102,16
1739481657.5992477,-52,-66,-2
1739481657.6452477,-50,62,-70
1739481657.6912477,11,-72,-39
1739481657.7362475,-57,-94,-78
1739481657.7822475,-59,-46,-13
1739481657.8282475,16,-13,-127
1739481657.8742476,6,-19,-142
1739481657.9192476,44,-29,-15
1739481657.9652476,21,-57,107
1739481658.0112476,8,-55,-90
1739481658.0562477,-7,124,60
1739481658.1022477,56,0,10
1739481658.1482477,29,-179,-64
1739481658.1942475,12,-19,40
1739481658.2392476,-10,22,33
1739481658.2852476,25,-93,30
1739481658.3312476,-35,-68,19
1739481658.3762476,-106,-46,-116
1739481658.4222476,-20,-18,83
1739481658.4682477,9,75,-37
1739481658.5142477,-18,-56,-79
1739481658.5592475,-5,-22,94
1739481658.6052475,79,104,8
1739481658.6512475,-76,-45,-66
1739481658.6962476,12,-104,-15
1739481658.7422476,28,-148,-19
1739481658.7882476,-25,113,-37
1739481658.8342476,-11,-97,0
1739481658.8792477,31,-106,-68
1739481658.9252477,50,0,25
1739481658.9712474,-27,7,17
1739481659.0162475,-24,37,56
1739481659.0622475,-80,-5,64
1739481659.1082475,29,-94,-38
1739481659.1542475,-85,-174,46
1739481659.1992476,-25,-94,-104
1739481659.2452476,-2,-68,-105
1739481659.2912476,23,-19,-6
1739481659.3362474,27,-59,128
1739481659.3822474,23,-191,-3
1739481659.4282477,5,-10,-18
1739481659.4742477,-18,-60,-147
1739481659.5192475,20,-29,-30
1739481659.5652475,2,-164,62
1739481659.6112475,-21,8,75
1739481659.6562476,92,67,21
1739481659.7022476,-18,-43,-52
1739481659.7482476,-4,-120,-41
1739481659.7942476,30,-40,83
1739481659.8392477,10,116,-71
1739481659.8852477,15,130,-39
1739481659.9312477,58,-42,80
1739481659.9762475,41,-54,11
1739481660.0222476,49,-114,124
1739481660.0682476,37,14,-69
1739481660.1142476,57,-38,-129
1739481660.1592476,-25,83,-79
1739481660.2052476,-37,-59,2
1739481660.2512476,-42,-87,-129
1739481660.2962475,-20,-125,28
1739481660.3422475,0,-132,-76
1739481660.3882475,-36,-35,-8
1739481660.4342475,-9,-85,0
1739481660.4792476,-28,-31,-100
1739481660.5252476,44,-76,-26
1739481660.5712476,-44,83,-64
1739481660.6162477,4,-74,-45
1739481660.6622477,-134,-27,29
1739481660.7082477,-8,73,-4
1739481660.7542477,-89,-35,-144
1739481660.7992475,-119,-61,-43
1739481660.8452475,51,-42,-7
1739481660.8912475,23,82,-58
1739481660.9362476,-21,71,-118
1739481660.9822476,17,-32,-19
1739481661.0282476,-16,63,17
1739481661.0742476,25,-32,27
1739481661.1192474,-48,1,20
1739481661.1652474,-52,25,20
1739481661.2112474,67,14,0
1739481661.2562475,21,16,-57
1739481661.3022475,13,6,-47
1739481661.3482475,-38,-5,-7
1739481661.3942475,30,-14,-31
1739481661.4392476,26,-50,-66
1739481661.4852476,33,-108,37
1739481661.5312476,22,-98,-56
1739481661.5762477,-54,113,-29
1739481661.6222477,13,12,110
1739481661.6682477,-93,-67,-93
1739481661.7142477,5,-32,44
1739481661.7592475,0,-32,-225
1739481661.8052475,1,-40,24
1739481661.8512475,73,-82,-89
1739481661.8962476,-11,43,-119
1739481661.9422476,40,-96,32
1739481661.9882476,-110,-215,46
1739481662.0342476,10,-1,-63
1739481662.0792477,25,-118,57
1739481662.1252477,-5,6,-144
1739481662.1712475,25,-106,-161
1739481662.2162476,-3,-27,-68
1739481662.2622476,-19,-111,-133
1739481662.3082476,-19,-27,-9
1739481662.3542476,-37,-25,-125
1739481662.3992476,-61,7,-24
1739481662.4512477,-11,-161,-3
1739481662.4962475,-4,-66,-83
1739481662.5422475,-24,-77,15
1739481662.5882475,90,-46,45
1739481662.6342475,-51,-17,-43
1739481662.6792476,-55,-69,122
1739481662.7252476,-29,53,-148
1739481662.7712476,-57,-85,27
1739481662.8162477,7,-10,-42
1739481662.8622477,-14,91,-8
1739481662.9082477,1,-39,-90
1739481662.9542477,54,30,-89
1739481662.9992476,20,14,10
1739481663.0452476,25,27,-74
1739481663.0912476,-81,-121,30
1739481663.1362476,58,-40,-50
1739481663.1822476,54,-122,17
1739481663.2282476,-92,-3,21
1739481663.2742476,-27,71,-63
1739481663.3192475,-6,85,-108
1739481663.3652475,31,62,-51
1739481663.4112475,2,-83,-72
1739481663.4562476,108,4,0
1739481663.5022476,23,12,-52
1739481663.5482476,21,-72,-151
1739481663.5942476,18,4,21
1739481663.6392477,-1,-112,-124
1739481663.6852477,46,-32,-73
1739481663.7312477,-12,23,-42
1739481663.7762475,-20,-161,-71
1739481663.8222475,-15,-25,-37
1739481663.8682475,-64,-61,5
1739481663.9142475,51,-146,-111
1739481663.9592476,-31,47,-130
1739481664.0052476,62,40,-88
1739481664.0512476,97,-58,101
1739481664.0962474,2,-47,-91
1739481664.1422474,21,-58,-54
1739481664.1882474,-36,-87,-76
1739481664.2342474,-49,-63,-44
1739481664.2792475,-66,-141,-93
1739481664.3252475,-5,54,-34
1739481664.3712475,-67,3,-140
1739481664.4162476,-4,-61,43
1739481664.4622476,75,-80,7
1739481664.5082476,-7,-87,-10
1739481664.5542476,-34,-120,-24
1739481664.5992477,-91,-92,30
1739481664.6452477,15,-41,-169
1739481664.6912477,65,-93,-34
1739481664.7362475,60,-23,-40
1739481664.7822475,-51,-20,-40
1739481664.8282475,-38,49,-46
1739481664.8742476,26,-35,-72
1739481664.9192476,-6,-234,-180
1739481664.9652476,-71,-26,-46
1739481665.0112476,-65,-25,-29
1739481665.0562477,59,14,-17
1739481665.1022477,22,-72,-52
1739481665.1482477,35,44,-74
1739481665.1942475,31,60,-112
1739481665.2392476,49,18,-63
1739481665.2852476,52,8,64
1739481665.3312476,-9,-67,-69
1739481665.3762476,-19,-11,-61
1739481665.4222476,48,-70,-62
1739481665.4682477,-56,-89,-57
1739481665.5142477,87,-30,-21
1739481665.5592475,28,-28,-91
1739481665.6052475,8,18,-67
1739481665.6512475,-39,-41,-64
1739481665.6962476,-56,-29,-137
1739481665.7422476,-38,-3,-51
1739481665.7882476,-41,17,31
1739481665.8342476,-12,33,-22
1739481665.8792477,-22,-67,-72
1739481665.9252477,11,21,-19
1739481665.9712474,-43,-67,-23
1739481666.0162475,47,-94,-76
1739481666.0622475,-16,-55,-7
1739481666.1082475,-129,39,-111
1739481666.1542475,-55,-45,25
1739481666.1992476,19,-66,-40
1739481666.2452476,21,16,11
1739481666.2912476,59,12,31
1739481666.3362474,94,-38,-73
1739481666.3822474,31,-56,-93
1739481666.4282477,-40,-93,-46
1739481666.4742477,43,-36,37
1739481666.5192475,-100,-115,1
1739481666.5652475,7,-21,-48
1739481666.6112475,17,-30,-76
1739481666.6562476,-8,-62,-116
1739481666.7022476,89,-8,-35
1739481666.7482476,-41,41,-157
1739481666.7942476,-100,91,7
1739481666.8392477,35,-38,-53
1739481666.8852477,-42,35,40
1739481666.9312477,12,-128,-25
1739481666.9762475,-12,-72,-45
1739481667.0222476,12,-4,-12
1739481667.0682476,-74,-9,-35
1739481667.1142476,-34,-177,-85
1739481667.1592476,-98,11,45
1739481667.2052476,7,43,-61
1739481667.2512476,136,-46,-123
1739481667.2962475,5,-40,-63
1739481667.3422475,11,-89,74
1739481667.3882475,40,123,64
1739481667.4342475,-29,-103,-104
1739481667.4792476,-89,-70,-53
1739481667.5252476,-53,-94,-13
1739481667.5712476,-96,18,11
1739481667.6162477,-94,0,9
1739481667.6622477,87,-83,10
1739481667.7082477,-15,-96,-47
1739481667.7542477,-65,-46,-109
1739481667.7992475,44,40,128
1739481667.8452475,-51,-56,62
1739481667.8912475,73,-43,-23
1739481667.9362476,17,67,-159
1739481667.9822476,-19,-36,15
1739481668.0282476,18,105,-43
1739481668.0742476,7,-64,-76
1739481668.1192474,5,28,-87
1739481668.1652474,39,-37,-110
1739481668.2112474,42,-90,-16
1739481668.2562475,-58,11,119
1739481668.3022475,-40,-21,-51
1739481668.3482475,-29,-59,114
1739481668.3942475,-50,0,43
1739481668.4392476,21,3,-67
1739481668.4852476,96,-56,75
1739481668.5312476,-21,-68,-62
1739481668.5762477,28,52,-89
1739481668.6222477,-15,59,-72
1739481668.6682477,3,-41,-6
1739481668.7142477,-20,-71,35
1739481668.7592475,-82,-57,28
1739481668.8052475,-22,-66,-25
1739481668.8512475,-30,14,-57
1739481668.8962476,71,47,-13
1739481668.9422476,-41,-88,66
1739481668.9882476,17,-53,-119
1739481669.0342476,-13,-38,-135
1739481669.0792477,12,-83,-49
1739481669.1252477,33,-44,5
1739481669.1712475,27,-61,-83
1739481669.2162476,96,-59,-40
1739481669.2622476,-27,-74,-11
1739481669.3082476,27,-33,-74
1739481669.3542476,16,63,-95
1739481669.3992476,81,-37,-7
1739481669.4452477,41,-43,11
1739481669.4912477,35,-75,-73
1739481669.5362475,-117,-38,8
1739481669.5822475,15,-92,-69
1739481669.6282475,-16,-135,0
1739481669.6742475,15,-33,-10
1739481669.7192476,38,-16,-40
1739481669.7652476,32,10,1
1739481669.8112476,76,-6,-107
1739481669.8562477,29,-69,-14
1739481669.9022477,37,-24,-68
1739481669.9482474,-1,-76,50
1739481669.9942474,-15,-71,-164
1739481670.0392475,24,-17,-89
1739481670.0852475,33,-37,57
1739481670.1312475,47,-59,62
1739481670.1762476,6,-49,-35
1739481670.2222476,-24,-36,-80
1739481670.2682476,-42,84,-115
1739481670.3142476,31,-125,-44
1739481670.3592474,-4,-81,114
1739481670.4052474,6,8,-4
1739481670.4512477,-2,-40,18
1739481670.4962475,-96,-94,-71
1739481670.5422475,-34,-26,-42
1739481670.5882475,-49,-146,65
1739481670.6342475,-8,92,-94
1739481670.6792476,-17,97,-106
1739481670.7252476,-6,-77,-83
1739481670.7712476,13,-54,-66
1739481670.8162477,37,77,73
1739481670.8622477,45,-37,-121
1739481670.9082477,98,-41,-19
1739481670.9542477,-6,-29,-24
1739481670.9992476,-68,-52,-93
1739481671.0452476,31,17,-61
1739481671.0902476,70,-7,-84
1739481671.1352477,0,51,16
1739481671.1812477,3,-108,-92
1739481671.2272477,-10,-57,-45
1739481671.2722476,47,-22,-101
1739481671.3182476,5,-36,-43
1739481671.3642476,-16,-79,-90
1739481671.4102476,29,147,-63
1739481671.4552476,12,-10,-37
1739481671.5012476,-12,-166,-41
1739481671.5472476,19,19,-115
1739481671.5922475,-29,-11,-140
1739481671.6382475,22,46,45
1739481671.6842475,1,9,-72
1739481671.7302475,-33,-60,-10
1739481671.7752476,30,-41,-44
1739481671.8212476,-58,44,-44
1739481671.8672476,-66,-52,-173
1739481671.9122477,-43,-78,-223
1739481671.9582477,56,-61,-62
1739481672.0042477,-1,-4,73
1739481672.0502477,16,16,-16
1739481672.0952475,69,-27,-86
1739481672.1412475,-24,-116,-173
1739481672.1872475,-27,-36,-84
1739481672.2322476,45,-25,-6
1739481672.2782476,18,-43,-221
1739481672.3242476,70,1,7
1739481672.3702476,-27,-40,58
1739481672.4152474,49,-95,-25
1739481672.4672475,-49,18,-33
1739481672.5122476,62,-21,57
1739481672.5582476,5,-99,-16
1739481672.6042476,40,-36,-73
1739481672.6502476,-1,24,-32
1739481672.6952477,-6,13,-86
1739481672.7412477,31,-41,-63
1739481672.7872477,-7,-28,-76
1739481672.8322475,18,-191,71
1739481672.8782475,-13,-19,-55
1739481672.9242475,5,-53,43
1739481672.9702475,-41,58,46
1739481673.0152476,-22,-12,-18
1739481673.0612476,9,3,39
1739481673.1072476,-44,-116,31
1739481673.1522477,-37,-40,-5
1739481673.1982474,20,78,-75
1739481673.2442474,33,41,-22
1739481673.2902474,-67,4,14
1739481673.3352475,-16,-56,-29
1739481673.3812475,16,-23,65
1739481673.4272475,73,60,48
1739481673.4722476,-23,-35,-24
1739481673.5182476,55,-58,-51
1739481673.5642476,-9,-16,-43
1739481673.6102476,12,-97,-83
1739481673.6552474,0,-4,-52
1739481673.7012477,83,129,4
1739481673.7472477,-37,-92,-54
1739481673.7922475,-36,-48,-14
1739481673.8382475,0,123,37
1739481673.8842475,33,-13,18
1739481673.9302475,54,-139,33
1739481673.9752476,0,26,-37
1739481674.0212476,-33,-151,97
1739481674.0672476,10,-8,-63
1739481674.1122477,42,66,-67
1739481674.1582477,-20,-16,-99
1739481674.2042477,-66,25,-150
1739481674.2502477,-23,-19,36
1739481674.2952476,11,-73,1
1739481674.3412476,74,-102,10
1739481674.3882475,-55,83,37
1739481674.4342475,-20,-142,8
1739481674.4792476,-2,-32,-97
1739481674.5252476,-43,11,-11
1739481674.5712476,-5,55,-65
1739481674.6162477,-100,33,-34
1739481674.6622477,13,-97,-155
1739481674.7082477,-10,69,-32
1739481674.7542477,-40,-92,47
1739481674.7992475,53,-181,-15
1739481674.8452475,39,57,-42
1739481674.8912475,27,-49,16
1739481674.9362476,-6,-16,-39
1739481674.9822476,7,-15,24
1739481675.0282476,64,-41,-44
1739481675.0742476,34,17,-19
1739481675.1192474,4,-76,-6
1739481675.1652474,34,-48,-88
1739481675.2112474,-18,-130,-83
1739481675.2562475,-74,22,-7
1739481675.3022475,26,-19,62
1739481675.3482475,22,81,46
1739481675.3942475,-60,-68,-138
1739481675.4392476,36,-53,56
1739481675.4852476,31,19,-87
1739481675.5312476,40,-64,44
1739481675.5762477,-6,-71,-1
1739481675.6222477,-37,-13,-41
1739481675.6682477,-61,-91,31
1739481675.7142477,27,-20,8
1739481675.7592475,18,-105,4
1739481675.8052475,-16,7,57
1739481675.8512475,-27,30,-28
1739481675.8962476,67,-1,-24
1739481675.9422476,-66,-78,-120
1739481675.9882476,-80,-47,42
1739481676.0342476,-92,-136,-24
1739481676.0792477,-35,16,17
1739481676.1252477,3,-111,-34
1739481676.1712475,74,-21,-46
1739481676.2162476,19,-93,-126
1739481676.2622476,-34,-92,-62
1739481676.3082476,103,-19,-36
1739481676.3542476,-8,-2,-101
1739481676.3992476,46,-1,-129
1739481676.4452477,-7,42,-42
1739481676.4912477,-48,10,-15
1739481676.5362475,34,-11,-77
1739481676.5822475,16,21,-24
1739481676.6282475,78,-67,73
1739481676.6742475,-50,-48,-48
1739481676.7192476,-51,30,44
1739481676.7652476,45,-63,-82
1739481676.8112476,-29,-36,40
1739481676.8562477,0,-9,-16
1739481676.9022477,50,-105,-140
1739481676.9482474,-19,-62,-16
1739481676.9942474,-32,-18,49
1739481677.0392475,19,15,-209
1739481677.0852475,-69,-144,-68
1739481677.1312475,61,-201,26
1739481677.1762476,-30,-132,-56
1739481677.2222476,23,-23,-102
1739481677.2682476,29,-95,68
1739481677.3142476,2,-23,-77
1739481677.3592474,32,-49,-44
1739481677.4052474,-25,-62,-119
1739481677.4512477,36,-165,-42
1739481677.4962475,8,35,-70
1739481677.5422475,83,-69,-160
1739481677.5882475,-3,-82,30
1739481677.6342475,-2,-78,-46
1739481677.6792476,106,-13,86
1739481677.7252476,3,-71,-45
1739481677.7712476,-114,-136,-38
1739481677.8162477,36,21,3
1739481677.8622477,-52,-98,-83
1739481677.9082477,69,-9,93
1739481677.9542477,-11,-136,-19
1739481677.9992476,78,-67,-10
1739481678.0452476,-2,45,-104
1739481678.0912476,61,-35,-52
1739481678.1362476,55,-75,-88
1739481678.1822476,43,-79,97
1739481678.2282476,57,-21,-86
1739481678.2742476,-28,-48,-17
1739481678.3192475,46,-5,57
1739481678.3652475,-62,-170,-20
1739481678.4112475,-21,12,-63
1739481678.4562476,20,39,-74
1739481678.5022476,-95,20,54
1739481678.5482476,-94,-18,1
1739481678.5942476,80,-57,-72
1739481678.6392477,-50,-44,-29
1739481678.6852477,11,67,-11
1739481678.7312477,62,-81,-65
1739481678.7762475,83,-143,0
1739481678.8222475,-1,-128,6
1739481678.8682475,34,-3,-52
1739481678.9132476,-8,-140,-37
1739481678.9592476,50,-5,-49
1739481679.0052476,-9,-46,144
1739481679.0512476,-19,-8,-95
1739481679.0962474,90,-17,-66
1739481679.1422474,-25,-106,-116
1739481679.1882474,23,-51,-13
1739481679.2332475,-41,-34,-117
1739481679.2792475,0,-81,-148
1739481679.3252475,-47,70,-138
1739481679.3712475,-29,-30,-61
1739481679.4162476,-16,-20,26
1739481679.4622476,54,-43,-23
1739481679.5082476,-50,-174,37
1739481679.5532477,-14,48,-91
1739481679.5992477,-12,69,31
1739481679.6452477,-8,-60,45
1739481679.6912477,-58,54,56
1739481679.7362475,-10,-43,-84
1739481679.7822475,-33,56,40
1739481679.8282475,-37,-92,-150
1739481679.8732476,-1,47,46
1739481679.9192476,-19,21,-21
1739481679.9652476,18,39,-70
1739481680.0112476,-32,36,13
1739481680.0562477,-46,-18,-45
1739481680.1022477,-9,-73,-62
1739481680.1482477,-1,-46,-32
1739481680.1932476,12,8,27
1739481680.2392476,7,16,6
1739481680.2852476,-28,-68,-140
1739481680.3312476,-21,-7,-184
1739481680.3762476,-25,-116,-158
1739481680.4222476,31,33,-28
1739481680.4682477,-34,-146,95
1739481680.5132475,13,-108,-4
1739481680.5592475,-28,68,-40
1739481680.6052475,27,45,-25
1739481680.6512475,2,-40,-5
1739481680.6962476,39,-23,-125
1739481680.7422476,44,25,-79
1739481680.7882476,-20,-18,-43
1739481680.8332477,54,-33,-11
1739481680.8792477,2,-66,70
1739481680.9252477,-3,51,-39
1739481680.9712474,19,-59,-44
1739481681.0162475,-14,-80,-91
1739481681.0622475,-5,-32,69
1739481681.1082475,-20,-100,-24
1739481681.1532476,-20,-48,-51
1739481681.1992476,27,105,-75
1739481681.2452476,38,121,-26
1739481681.2912476,-17,-38,16
1739481681.3362474,-48,8,-82
1739481681.3822474,-71,-54,-12
1739481681.4282477,-80,12,3
1739481681.4732475,-31,20,152
1739481681.5192475,83,17,1
1739481681.5652475,8,-85,-53
1739481681.6112475,113,-79,122
1739481681.6562476,-15,-78,72
1739481681.7022476,66,91,-37
1739481681.7482476,2,0,26
1739481681.7932477,-52,-24,-24
1739481681.8392477,-48,0,131
1739481681.8852477,42,-83,-64
1739481681.9312477,-65,-14,-15
1739481681.9762475,-15,-43,-90
1739481682.0222476,-44,-55,45
1739481682.0682476,-5,-81,-49
1739481682.1132476,17,-8,50
1739481682.1592476,-74,-91,-1
1739481682.2052476,43,-52,-87
1739481682.2512476,-4,5,-101
1739481682.2962475,6,19,-112
1739481682.3422475,-16,-43,-117
1739481682.3882475,28,-58,87
1739481682.4392476,-8,-73,-102
1739481682.4852476,2,15,-43
1739481682.5312476,-62,65,27
1739481682.5762477,23,-6,-92
1739481682.6222477,51,20,-62
1739481682.6682477,40,-26,-23
1739481682.7132475,15,-112,112
1739481682.7592475,15,-44,116
1739481682.8052475,-10,-25,-84
1739481682.8512475,-44,-77,87
1739481682.8962476,80,48,79
1739481682.9422476,22,0,-155
1739481682.9882476,67,64,-50
1739481683.0332477,-26,-17,-133
1739481683.0792477,22,-102,-59
1739481683.1252477,-52,-53,-115
1739481683.1712475,79,-18,-37
1739481683.2162476,70,10,-103
1739481683.2622476,2,-93,-31
1739481683.3082476,58,-96,53
1739481683.3532476,-20,-77,-183
1739481683.3992476,-12,-145,38
1739481683.4452477,-97,-229,17
1739481683.4912477,-3,0,-147
1739481683.5362475,17,47,61
1739481683.5822475,32,10,-6
1739481683.6282475,-30,-25,-62
1739481683.6732476,110,78,0
1739481683.7192476,15,30,-15
1739481683.7652476,-25,-23,-122
1739481683.8112476,8,-66,-21
1739481683.8562477,-3,-157,65
1739481683.9022477,-84,-163,46
1739481683.9482474,-12,87,-115
1739481683.9932475,-9,-137,-131
1739481684.0392475,69,-50,-97
1739481684.0852475,1,-8,-88
1739481684.1312475,-9,-89,-78
1739481684.1762476,-34,-45,-149
1739481684.2222476,-8,-110,-100
1739481684.2682476,17,20,29
1739481684.3132474,-65,-173,-82
1739481684.3592474,30,4,-114
1739481684.4052474,-62,13,41
1739481684.4512477,-55,-63,19
1739481684.4962475,-11,-47,4
1739481684.5422475,27,42,15
1739481684.5882475,4,-65,55
1739481684.6332476,-26,57,-105
1739481684.6792476,13,-24,-80
1739481684.7252476,-20,63,-18
1739481684.7712476,46,-54,-55
1739481684.8162477,0,26,-94
1739481684.8622477,-45,1,-90
1739481684.9082477,-53,-131,-101
1739481684.9532475,-8,7,-3
1739481684.9992476,9,16,-140
1739481685.0452476,40,18,44
1739481685.0912476,-30,47,-84
1739481685.1362476,-9,58,-87
1739481685.1822476,-39,-37,-39
1739481685.2282476,-27,-97,-38
1739481685.2732477,30,-62,-112
1739481685.3192475,40,76,-59
1739481685.3652475,16,-138,-116
1739481685.4112475,4,-74,-27
1739481685.4562476,-2,-4,-56
1739481685.5022476,17,-28,-219
1739481685.5482476,28,-58,-56
1739481685.5932477,0,-75,8
1739481685.6392477,63,-10,-36
1739481685.6852477,-27,65,-130
1739481685.7312477,-39,3,-18
1739481685.7762475,0,-39,41
1739481685.8222475,11,-205,-63
1739481685.8682475,34,-10,-100
1739481685.9132476,-24,-173,-43
1739481685.9592476,-49,-57,48
1739481686.0052476,-63,-57,13
1739481686.0512476,-109,-75,57
1739481686.0962474,0,-74,-29
1739481686.1422474,71,-144,18
1739481686.1882474,35,-4,-79
1739481686.2332475,-75,23,-134
1739481686.2792475,-25,-29,-86
1739481686.3252475,31,30,58
1739481686.3712475,-34,-39,-50
1739481686.4162476,1,53,-10
1739481686.4622476,50,44,0
1739481686.5082476,26,-114,-113
1739481686.5522475,36,-132,9
1739481686.5982475,-31,-117,104
1739481686.6442475,-21,-12,10
1739481686.6892476,67,0,-62
1739481686.7352476,-37,45,-57
1739481686.7812476,60,-80,27
1739481686.8272476,-24,-27,21
1739481686.8722477,70,-106,-131
1739481686.9182477,34,4,-71
1739481686.9642477,-10,-73,91
1739481687.0092475,29,20,9
1739481687.0552475,14,78,42
1739481687.1012475,-8,51,-36
1739481687.1472476,1,-35,-44
1739481687.1922476,47,-120,-102
1739481687.2382476,-35,-117,-44
1739481687.2842476,-51,11,-30
1739481687.3292477,58,-38,-66
1739481687.3752477,6,119,-43
1739481687.4212475,-47,-7,-105
1739481687.4672475,-14,-8,-52
1739481687.5122476,-16,-2,-57
1739481687.5582476,34,71,25
1739481687.6042476,33,-87,-122
1739481687.6492476,-40,-117,-128
1739481687.6952477,11,47,-31
1739481687.7412477,58,-76,3
1739481687.7872477,-31,51,-112
1739481687.8322475,-20,29,86
1739481687.8782475,80,-34,-33
1739481687.9242475,-72,23,40
1739481687.9692476,25,150,-32
1739481688.0152476,-56,-73,-75
1739481688.0612476,-51,-63,-65
1739481688.1072476,13,-76,-83
1739481688.1522477,29,-56,-120
1739481688.1982474,26,-54,-45
1739481688.2442474,-36,-33,21
1739481688.2892475,88,82,-95
1739481688.3352475,61,-32,-69
1739481688.3812475,-98,-101,24
1739481688.4272475,-105,1,8
1739481688.4722476,-49,-31,-108
1739481688.5182476,73,30,-29
1739481688.5642476,-42,-33,-22
1739481688.6092474,58,34,-22
1739481688.6552474,-34,-78,91
1739481688.7012477,45,-82,-73
1739481688.7472477,14,-98,0
1739481688.7922475,-2,-26,-9
1739481688.8382475,92,-48,-29
1739481688.8842475,9,-39,26
1739481688.9292476,-55,0,11
1739481688.9752476,65,-16,-106
1739481689.0212476,-21,-77,-110
1739481689.0672476,-35,-79,-27
1739481689.1122477,-38,-117,-36
1739481689.1582477,11,-31,-147
1739481689.2042477,-28,43,-17
1739481689.2492476,46,-40,63
1739481689.2952476,-52,-95,-19
1739481689.3412476,-3,145,98
1739481689.3872476,-47,-21,-102
1739481689.4322476,-22,-11,61
1739481689.4782476,-30,-27,52
1739481689.5242476,-5,-1,-41
1739481689.5692475,32,-4,-88
1739481689.6152475,40,38,-52
1739481689.6612475,-54,-97,-184
1739481689.7072475,-2,-109,22
1739481689.7522476,-34,103,32
1739481689.7982476,-21,-103,-188
1739481689.8442476,38,-114,56
1739481689.8892477,63,30,-29
1739481689.9352477,72,-132,44
1739481689.9812477,42,-58,52
1739481690.0272477,-6,39,-119
1739481690.0722475,31,-70,-18
1739481690.1182475,-3,59,27
1739481690.1642475,-4,-63,-143
1739481690.2092476,-22,-37,-56
1739481690.2552476,34,-98,16
1739481690.3012476,-11,-60,-58
1739481690.3472476,0,21,-18
1739481690.3922474,-19,-9,-87
1739481690.4382474,-66,5,-40
1739481690.4842474,-15,-12,-65
1739481690.5292475,68,-56,50
1739481690.5752475,-11,-7,4
1739481690.6212475,35,2,-30
1739481690.6672475,39,4,-101
1739481690.7122476,13,59,-83
1739481690.7582476,29,-34,-97
1739481690.8042476,-55,-115,-4
1739481690.8492477,-71,-41,7
1739481690.8952477,1,-60,-47
1739481690.9412477,40,-60,-49
1739481690.9872477,55,125,-98
1739481691.0322475,-2,-22,18
1739481691.0782475,-69,-60,-49
1739481691.1242476,-5,-132,-88
1739481691.1692476,-17,16,56
1739481691.2152476,31,-90,-68
1739481691.2612476,85,-48,16
1739481691.3072476,34,-102,24
1739481691.3522477,-20,50,-184
1739481691.3982477,-34,-35,-40
1739481691.4442475,-3,-3,-52
1739481691.4892476,35,22,-7
1739481691.5352476,-64,-11,-144
1739481691.5812476,4,-41,-32
1739481691.6272476,-59,33,-87
1739481691.6722476,-39,-61,-8
1739481691.7182477,-59,41,-32
1739481691.7642477,-2,-23,-9
1739481691.8092475,106,-53,81
1739481691.8552475,9,57,-45
1739481691.9012475,35,6,-152
1739481691.9472475,50,-195,34
1739481691.9922476,102,9,46
1739481692.0382476,27,-71,-41
1739481692.0842476,10,55,-36
1739481692.1292477,33,-131,85
1739481692.1752477,107,-51,-5
1739481692.2212474,-8,83,-47
1739481692.2672474,-2,-10,-9
1739481692.3122475,52,22,-40
1739481692.3582475,91,-29,-18
1739481692.4042475,-25,-30,-10
1739481692.4552476,-30,-55,-24
1739481692.5012476,42,-50,28
1739481692.5472476,-20,-96,63
1739481692.5922475,10,70,-125
1739481692.6382475,100,-67,-37
1739481692.6842475,-11,-186,37
1739481692.7292476,28,-126,-66
1739481692.7752476,-25,59,-76
1739481692.8212476,-94,107,31
1739481692.8672476,-90,17,5
1739481692.9132476,-24,-74,-4
1739481692.9592476,12,-86,-44
1739481693.0052476,-47,22,-31
1739481693.0512476,-41,66,11
1739481693.0962474,48,15,0
1739481693.1422474,76,76,-25
1739481693.1882474,43,-80,59
1739481693.2332475,-43,-75,135
1739481693.2792475,-25,84,-37
1739481693.3252475,-36,-112,-50
1739481693.3712475,81,-84,87
1739481693.4162476,-94,-69,-95
1739481693.4622476,-54,0,-81
1739481693.5082476,-26,-41,-9
1739481693.5532477,46,-100,68
1739481693.5992477,-70,31,-32
1739481693.6452477,-2,-64,-39
1739481693.6912477,-55,29,0
1739481693.7362475,-59,-13,-4
1739481693.7822475,42,14,-173
1739481693.8282475,-10,-51,-54
1739481693.8732476,-52,-53,-49
1739481693.9192476,-111,-75,61
1739481693.9652476,-26,-66,88
1739481694.0112476,25,-171,-5
1739481694.0562477,-38,-14,-72
1739481694.1022477,48,1,-72
1739481694.1482477,-1,-6,-101
1739481694.1932476,25,37,29
1739481694.2392476,49,-75,-74
1739481694.2852476,-34,34,-63
1739481694.3312476,3,-22,39
1739481694.3762476,58,-39,7
1739481694.4222476,10,-129,6
1739481694.4682477,-22,-216,-213
1739481694.5132475,-121,-3,4
1739481694.5592475,2,60,-36
1739481694.6052475,-29,-87,-69
1739481694.6512475,-15,-80,-177
1739481694.6962476,-38,58,0
1739481694.7422476,-30,-62,34
1739481694.7882476,-49,26,0
1739481694.8332477,18,-27,-11
1739481694.8792477,49,-122,-31
1739481694.9252477,31,-107,155
1739481694.9712474,-68,11,37
1739481695.0162475,-19,37,-134
1739481695.0622475,13,40,-11
1739481695.1082475,-93,-115,-89
1739481695.1532476,0,-68,93
1739481695.1992476,25,9,22
1739481695.2452476,-87,-100,-20
1739481695.2912476,28,-33,20
1739481695.3362474,23,71,-88
1739481695.3822474,15,-53,105
1739481695.4282477,-16,-20,-79
1739481695.4732475,-81,-8,-70
1739481695.5192475,-37,8,-107
1739481695.5652475,-80,10,-47
1739481695.6112475,-29,-72,2
1739481695.6562476,-47,54,-93
1739481695.7022476,18,-49,68
1739481695.7482476,28,135,-33
1739481695.7932477,-77,40,-18
1739481695.8392477,80,19,-28
1739481695.8852477,18,-44,-147
1739481695.9312477,-13,-124,94
1739481695.9762475,-64,-70,-70
1739481696.0222476,-73,11,-66
1739481696.0682476,24,-56,2
1739481696.1132476,35,90,-33
1739481696.1592476,-12,129,-56
1739481696.2052476,87,-40,-47
1739481696.2512476,-17,-95,5
1739481696.2962475,20,-78,-11
1739481696.3422475,68,-84,-63
1739481696.3882475,-39,-25,-31
1739481696.4332476,-41,38,63
1739481696.4792476,-18,0,-42
1739481696.5252476,57,-37,-109
1739481696.5712476,36,38,12
1739481696.6162477,0,-92,60
1739481696.6622477,-16,-119,53
1739481696.7082477,-70,-39,-3
1739481696.7532475,-4,-109,4
1739481696.7992475,-57,25,100
1739481696.8452475,0,-60,55
1739481696.8912475,36,-227,5
1739481696.9362476,-30,-2,70
1739481696.9822476,36,97,-43
1739481697.0282476,-2,-106,3
1739481697.0732474,-20,26,-85
1739481697.1192474,68,-77,89
1739481697.1652474,19,-89,62
1739481697.2112474,22,19,-27
1739481697.2562475,76,-55,191
1739481697.3022475,-19,8,-87
1739481697.3482475,11,-65,-26
1739481697.3932476,12,31,-71
1739481697.4392476,7,-43,39
1739481697.4852476,-10,59,39
1739481697.5312476,-36,-35,61
1739481697.5762477,-67,7,-12
1739481697.6222477,6,-95,-103
1739481697.6682477,11,55,-29
1739481697.7132475,0,-29,42
1739481697.7592475,16,19,-75
1739481697.8052475,7,25,-25
1739481697.8512475,63,78,15
1739481697.8962476,7,-32,-52
1739481697.9422476,-48,-33,88
1739481697.9882476,-32,59,11
1739481698.0332477,-7,-20,-90
1739481698.0792477,-65,-23,-94
1739481698.1252477,-30,-1,-29
1739481698.1712475,5,-41,-149
1739481698.2162476,-2,31,-4
1739481698.2622476,-39,-106,-66
1739481698.3082476,-9,64,39
1739481698.3532476,53,-29,-148
1739481698.3992476,-12,5,-157
1739481698.4452477,6,-70,-78
1739481698.4912477,7,87,-4
1739481698.5362475,-36,-88,85
1739481698.5822475,-59,-32,68
1739481698.6282475,-13,-90,64
1739481698.6732476,22,0,26
1739481698.7192476,2,20,-158
1739481698.7652476,49,26,-52
1739481698.8112476,-30,-40,-6
1739481698.8562477,31,-17,-29
1739481698.9022477,-50,-41,-21
1739481698.9482474,13,-50,-12
1739481698.9932475,-33,88,79
1739481699.0392475,-6,39,-47
1739481699.0852475,57,72,43
1739481699.1312475,55,-118,-15
1739481699.1762476,9,-40,-94
1739481699.2222476,-22,38,66
1739481699.2682476,-50,-56,8
1739481699.3132474,47,49,-71
1739481699.3592474,30,-109,53
1739481699.4052474,48,11,-81
1739481699.4512477,-30,-20,-105
1739481699.4962475,-27,10,-59
1739481699.5422475,0,-57,-133
1739481699.5882475,24,-81,-91
1739481699.6332476,28,-173,79
1739481699.6792476,55,83,-79
1739481699.7252476,85,13,-13
1739481699.7712476,31,44,87
1739481699.8162477,-58,10,-39
1739481699.8622477,62,-3,77
1739481699.9082477,-30,-101,-176
1739481699.9532475,64,-25,-8
1739481699.9992476,-59,-24,-83
1739481700.0452476,-49,22,-9
1739481700.0912476,-80,16,-75
1739481700.1362476,-17,-180,-73
1739481700.1822476,15,81,-83
1739481700.2282476,51,-33,-117
1739481700.2732477,-70,-64,70
1739481700.3192475,-10,-84,149
1739481700.3652475,0,-38,-112
1739481700.4112475,-8,-139,161
1739481700.4562476,-79,-58,-24
1739481700.5022476,2,50,-58
1739481700.5482476,1,-94,-48
1739481700.5932477,-42,46,-105
1739481700.6392477,29,-14,55
1739481700.6852477,19,-53,-47
1739481700.7312477,-2,-22,-111
1739481700.7762475,-115,-40,56
1739481700.8222475,-119,-52,88
1739481700.8682475,57,-29,74
1739481700.9132476,-7,-146,35
1739481700.9592476,39,12,-35
1739481701.0052476,-9,32,-35
1739481701.0512476,-21,-3,-28
1739481701.0962474,-42,-22,4
1739481701.1422474,27,-33,-4
1739481701.1882474,29,-101,-146
1739481701.2332475,-37,-174,-92
1739481701.2792475,-26,-112,43
1739481701.3252475,-41,16,-22
1739481701.3712475,89,-133,28
1739481701.4162476,42,-89,0
1739481701.4622476,12,-142,-115
1739481701.5082476,-68,12,-31
1739481701.5532477,15,-111,75
1739481701.5992477,6,-67,83
1739481701.6452477,99,-56,-53
1739481701.6912477,24,-89,1
1739481701.7362475,9,31,-38
1739481701.7822475,56,30,-32
1739481701.8282475,-45,-67,-38
1739481701.8732476,58,-74,97
1739481701.9192476,27,30,71
1739481701.9652476,60,-48,70
1739481702.0112476,-43,-1,-56
1739481702.0562477,60,22,-116
1739481702.1022477,49,46,-28
1739481702.1482477,45,-140,64
1739481702.1932476,-24,-60,42
1739481702.2392476,24,-153,41
1739481702.2852476,-40,-74,122
1739481702.3312476,-61,94,-68
1739481702.3762476,-6,0,57
1739481702.4222476,-41,-16,-19
1739481702.4732475,-19,-81,17
1739481702.5192475,-29,-41,-82
1739481702.5652475,54,-84,-123
1739481702.6112475,-6,-92,24
1739481702.6562476,-31,-78,-63
1739481702.7022476,90,-44,97
1739481702.7482476,49,108,-43
1739481702.7932477,-98,-93,-47
1739481702.8392477,2,-70,21
1739481702.8852477,1,-90,-22
1739481702.9312477,1,-170,10
1739481702.9762475,23,4,10
1739481703.0222476,140,54,-79
1739481703.0672476,-77,-139,45
1739481703.1122477,38,-188,-82
1739481703.1582477,-10,39,-90
1739481703.2042477,-64,-31,-46
1739481703.2492476,15,-82,75
1739481703.2952476,8,-27,-138
1739481703.3412476,-75,42,-58
1739481703.3872476,-32,69,2
1739481703.4322476,-38,-34,27
1739481703.4782476,-20,6,-108
1739481703.5242476,-1,-107,38
1739481703.5692475,23,7,-55
1739481703.6152475,-9,-68,91
1739481703.6612475,-65,-43,39
1739481703.7072475,-9,-59,-88
1739481703.7522476,33,-90,64
1739481703.7982476,49,2,-90
1739481703.8442476,-73,-1,-69
1739481703.8892477,-48,-177,-90
1739481703.9352477,-1,-92,-50
1739481703.9812477,56,-128,-17
1739481704.0272477,-23,-57,-55
1739481704.0722475,-14,-95,-34
1739481704.1182475,-19,-108,-22
1739481704.1642475,-7,-37,-15
1739481704.2092476,14,26,-71
1739481704.2552476,-57,-143,-25
1739481704.3012476,27,-18,-112
1739481704.3472476,-36,66,18
1739481704.3922474,-40,-15,46
1739481704.4382474,-13,-23,-68
1739481704.4842474,30,-90,68
1739481704.5292475,42,-12,52
1739481704.5752475,-64,-84,-75
1739481704.6212475,-35,-63,-73
1739481704.6672475,3,67,-76
1739481704.7122476,46,-62,-179
1739481704.7582476,-84,-25,-9
1739481704.8042476,7,52,73
1739481704.8492477,-33,-7,76
1739481704.8952477,-43,29,-70
1739481704.9412477,-10,-92,31
1739481704.9872477,58,-103,13
1739481705.0322475,86,-10,-75
1739481705.0782475,-31,-82,-60
1739481705.1242476,-66,-12,-9
1739481705.1692476,0,-67,0
1739481705.2152476,-10,-2,15
1739481705.2612476,9,25,-142
1739481705.3072476,35,71,-54
1739481705.3522477,0,-42,-85
1739481705.3982477,38,-53,-32
1739481705.4442475,15,-17,-32
1739481705.4892476,36,-12,-65
1739481705.5352476,-5,19,9
1739481705.5812476,28,-22,86
1739481705.6272476,-43,-101,16
1739481705.6722476,110,-76,0
1739481705.7182477,41,-96,-83
1739481705.7642477,-3,-54,151
1739481705.8092475,-19,-195,6
1739481705.8552475,0,11,43
1739481705.9012475,-49,-88,-9
1739481705.9472475,4,-19,-35
1739481705.9922476,-23,-68,-4
1739481706.0382476,-19,48,20
1739481706.0842476,31,-5,-117
1739481706.1292477,-3,-60,-42
1739481706.1752477,-8,-72,-50
1739481706.2212474,51,22,-8
1739481706.2672474,31,-114,-127
1739481706.3122475,44,62,-54
1739481706.3582475,-11,84,-15
1739481706.4042475,-3,-2,-85
1739481706.4492476,-29,24,-33
1739481706.4952476,18,-81,-60
1739481706.5412476,32,-85,-28
1739481706.5872476,-17,4,23
1739481706.6322474,-68,-26,72
1739481706.6782477,15,74,-45
1739481706.7242477,-14,35,-69
1739481706.7692475,0,-70,0
1739481706.8152475,-9,-124,-83
1739481706.8612475,-46,2,-43
1739481706.9072475,-1,83,-14
1739481706.9522476,47,-95,-67
1739481706.9982476,-93,-6,-13
1739481707.0442476,41,-51,-39
1739481707.0892477,37,131,-110
1739481707.1352477,-3,-21,66
1739481707.1812477,-3,-63,-45
1739481707.2272477,78,-59,-35
1739481707.2722476,-31,-68,-140
1739481707.3182476,12,-81,19
1739481707.3642476,52,-1,-52
1739481707.4092476,80,97,19
1739481707.4552476,52,5,-6
1739481707.5012476,98,7,-2
1739481707.5472476,-21,-100,-64
1739481707.5922475,-51,-56,-32
1739481707.6382475,39,-41,-9
1739481707.6842475,-53,-72,20
1739481707.7292476,46,-57,-35
1739481707.7752476,34,-42,-15
1739481707.8212476,-19,68,25
1739481707.8672476,-3,-41,-33
1739481707.9122477,99,51,-26
1739481707.9582477,-36,-14,-69
1739481708.0042477,-23,-30,-15
1739481708.0492475,3,-167,25
1739481708.0952475,-79,-106,-59
1739481708.1412475,-21,-28,-99
1739481708.1872475,-1,25,-200
1739481708.2322476,-2,74,-9
1739481708.2782476,-90,-148,37
1739481708.3242476,-53,-60,21
1739481708.3692474,-51,-54,-100
1739481708.4152474,-10,43,117
1739481708.4612474,-22,-36,-114
1739481708.5072474,0,-4,-108
1739481708.5522475,69,-59,-57
1739481708.5982475,9,32,-135
1739481708.6442475,-31,-94,77
1739481708.6892476,19,-53,-2
1739481708.7352476,-67,-20,-40
1739481708.7812476,-27,-76,-58
1739481708.8272476,109,-71,-210
1739481708.8722477,27,85,23
1739481708.9182477,56,-49,-34
1739481708.9642477,-22,60,66
1739481709.0092475,20,-147,-12
1739481709.0552475,25,41,72
1739481709.1012475,-15,51,-6
1739481709.1472476,-21,-40,-138
1739481709.1922476,19,-21,-34
1739481709.2382476,90,-107,13
1739481709.2842476,-36,40,-13
1739481709.3292477,115,-45,7
1739481709.3752477,-18,-20,19
1739481709.4212475,69,-85,-4
1739481709.4662476,41,-203,1
1739481709.5122476,43,39,39
1739481709.5582476,-2,-86,51
1739481709.6042476,25,-119,-76
1739481709.6492476,-42,-66,-90
1739481709.6952477,29,17,-15
1739481709.7412477,5,-66,-152
1739481709.7872477,6,-71,0
1739481709.8322475,1,-78,-23
1739481709.8782475,-41,-174,4
1739481709.9242475,-37,-28,-73
1739481709.9692476,50,-35,-16
1739481710.0152476,1,-27,22
1739481710.0612476,-54,84,-58
1739481710.1072476,59,-115,-39
1739481710.1522477,0,4,-65
1739481710.1982474,5,25,0
1739481710.2442474,0,3,-29
1739481710.2892475,-14,-34,-149
1739481710.3352475,88,-81,3
1739481710.3812475,-6,0,7
1739481710.4272475,-1,-102,34
1739481710.4722476,-1,-49,-36
1739481710.5182476,-56,-54,100
1739481710.5642476,-18,-50,-25
1739481710.6092474,0,-28,1
1739481710.6552474,55,9,-126
1739481710.7012477,23,45,-3
1739481710.7472477,-3,-14,137
1739481710.7922475,6,9,-51
1739481710.8382475,86,-13,56
1739481710.8842475,0,11,-4
1739481710.9292476,1,14,-59
1739481710.9752476,35,-13,-43
1739481711.0212476,18,-125,-21
1739481711.0662477,39,-47,-86
1739481711.1122477,-47,-122,26
1739481711.1582477,53,-5,-98
1739481711.2042477,25,-33,-52
1739481711.2492476,68,-85,37
1739481711.2952476,92,-31,-66
1739481711.3412476,0,-74,-52
1739481711.3862476,41,5,-203
1739481711.4322476,4,-135,-31
1739481711.4782476,9,-35,-29
1739481711.5242476,4,-84,-28
1739481711.5692475,20,42,-37
1739481711.6152475,28,-24,49
1739481711.6602476,40,-59,-145
1739481711.7052476,-16,-36,-60
1739481711.7512476,-30,-76,-89
1739481711.7972476,15,-65,-9
1739481711.8422475,-9,-22,-52
1739481711.8882475,-1,19,-35
1739481711.9342475,10,1,-13
1739481711.9802475,51,-20,-251
1739481712.0252476,46,-93,-138
1739481712.0712476,-56,-48,19
1739481712.1172476,-18,99,43
1739481712.1622477,82,85,-73
1739481712.2082477,-30,-44,-13
1739481712.2542477,20,-55,-13
1739481712.3002477,-2,-77,-73
1739481712.3452475,-55,-46,-44
1739481712.3912475,21,-13,-49
1739481712.4372475,91,59,57
1739481712.4882476,24,-23,-107
1739481712.5342476,22,13,-108
1739481712.5802476,-57,18,-15
1739481712.6252477,-27,-142,-15
1739481712.6712475,-4,44,-19
1739481712.7172475,-7,-91,1
1739481712.7622476,24,-19,-30
1739481712.8082476,84,-25,-60
1739481712.8542476,22,19,22
1739481712.9002476,-26,6,-1
1739481712.9452477,-12,-4,-28
1739481712.9912477,6,-49,-11
1739481713.0372477,47,-111,-49
1739481713.0822475,-60,8,-163
1739481713.1282475,21,-53,1
1739481713.1742475,-31,-136,-153
1739481713.2202475,-1,-41,-72
1739481713.2652476,53,-161,-73
1739481713.3112476,119,89,-81
1739481713.3572476,58,0,-36
1739481713.4022477,-36,0,-89
1739481713.4482474,5,-32,-87
1739481713.4942474,-38,-2,-71
1739481713.5402474,36,-83,-107
1739481713.5852475,5,-43,50
1739481713.6312475,91,-31,-52
1739481713.6772475,16,23,-139
1739481713.7222476,2,27,-21
1739481713.7682476,-24,12,28
1739481713.8142476,-101,-122,0
1739481713.8602476,36,11,-2
1739481713.9052474,2,-3,-122
1739481713.9512477,47,-141,-114
1739481713.9972477,-15,-10,-26
1739481714.0422475,53,-15,15
1739481714.0882475,60,63,-94
1739481714.1342475,32,59,-66
1739481714.1802475,-19,-62,-54
1739481714.2252476,-83,-8,-170
1739481714.2712476,-17,-22,8
1739481714.3172476,46,-41,-35
1739481714.3622477,4,-134,-64
1739481714.4082477,3,-200,-14
1739481714.4542477,-3,17,-1
1739481714.5002477,-10,13,-103
1739481714.5452476,6,-132,-103
1739481714.5912476,0,33,-79
1739481714.6372476,-126,-64,-140
1739481714.6822476,-9,26,-57
1739481714.7282476,-66,-108,-30
1739481714.7742476,-46,-106,12
1739481714.8202477,-46,-74,-177
1739481714.8652475,-23,-28,-95
1739481714.9112475,31,39,-133
1739481714.9572475,14,-6,7
1739481715.0022476,19,-35,-63
1739481715.0482476,-46,-38,-25
1739481715.0942476,-40,6,-35
1739481715.1402476,66,-3,-111
1739481715.1852477,18,81,-7
1739481715.2312477,-41,-32,-54
1739481715.2772477,50,103,0
1739481715.3222475,-53,-164,-37
1739481715.3682475,84,-7,-19
1739481715.4142475,-45,-64,71
1739481715.4602475,-37,-72,-67
1739481715.5052476,-43,-23,-32
1739481715.5512476,4,47,14
1739481715.5972476,41,-139,-5
1739481715.6422474,83,0,-81
1739481715.6882474,-75,16,-2
1739481715.7342474,-65,-43,-28
1739481715.7802474,18,-11,-77
1739481715.8252475,61,-46,-1
1739481715.8712475,63,-57,-20
1739481715.9172475,16,-97,-22
1739481715.9642477,10,-25,8
1739481716.0092475,-1,10,-29
1739481716.0552475,143,-72,-117
1739481716.1012475,32,-50,-48
1739481716.1462476,-29,57,3
1739481716.1922476,12,-50,8
1739481716.2382476,-54,105,33
1739481716.2842476,-95,-165,-50
1739481716.3292477,-9,27,-32
1739481716.3752477,88,9,9
1739481716.4212475,-32,-98,68
1739481716.4662476,27,-61,-92
1739481716.5122476,0,-33,-78
1739481716.5582476,-5,-61,64
1739481716.6042476,-24,-78,-56
1739481716.6492476,3,90,-52
1739481716.6952477,-75,-103,-37
1739481716.7412477,18,-7,-91
1739481716.7862475,35,3,107
1739481716.8322475,-32,17,-10
1739481716.8782475,-30,-73,42
1739481716.9242475,16,-38,11
1739481716.9692476,-26,-59,-28
1739481717.0152476,59,-8,16
1739481717.0612476,43,-104,-49
1739481717.1062477,6,64,51
1739481717.1522477,-128,-127,-115
1739481717.1982474,63,-52,23
1739481717.2442474,-20,-69,35
1739481717.2892475,0,22,-18
1739481717.3352475,-96,73,49
1739481717.3812475,16,-72,-13
1739481717.4262476,-11,-1,-72
1739481717.4722476,-43,0,-101
1739481717.5182476,-4,85,-81
1739481717.5642476,-24,-69,-45
1739481717.6092474,18,-80,14
1739481717.6552474,-89,-85,-142
1739481717.7012477,-2,-27,-20
1739481717.7462475,24,-52,61
1739481717.7922475,86,28,1
1739481717.8382475,7,28,-15
1739481717.8842475,2,-85,41
1739481717.9292476,0,13,32
1739481717.9752476,56,16,117
1739481718.0212476,-11,115,-219
1739481718.0662477,0,-105,-105
1739481718.1122477,0,-41,-65
1739481718.1582477,-76,-125,-74
1739481718.2042477,-40,57,-42
1739481718.2492476,-32,-87,0
1739481718.2952476,7,18,0
1739481718.3412476,46,-112,-8
1739481718.3862476,-6,-69,52
1739481718.4322476,-28,-71,-95
1739481718.4782476,2,-79,40
1739481718.5242476,-39,-37,125
1739481718.5692475,24,0,23
1739481718.6152475,-29,-79,71
1739481718.6612475,0,30,-16
1739481718.7062476,-2,80,-7
1739481718.7522476,58,-96,-84
1739481718.7982476,2,-108,-45
1739481718.8442476,-20,-51,-45
1739481718.8892477,46,-42,9
1739481718.9352477,-23,33,-7
1739481718.9812477,9,-4,9
1739481719.0262475,-26,59,-56
1739481719.0722475,-38,-61,-17
1739481719.1182475,-26,-33,23
1739481719.1642475,7,98,-56
1739481719.2092476,-1,-75,-149
1739481719.2552476,-50,-27,-53
1739481719.3012476,-23,-7,-3
1739481719.3462474,39,-112,-39
1739481719.3922474,-20,40,-27
1739481719.4382474,11,-112,-49
1739481719.4842474,12,13,-101
1739481719.5292475,-119,81,11
1739481719.5752475,-24,-11,71
1739481719.6212475,-23,81,-35
1739481719.6662476,76,-52,-24
1739481719.7122476,-37,-97,-60
1739481719.7582476,54,-10,-131
1739481719.8042476,32,-20,-60
1739481719.8492477,-45,-39,-12
1739481719.8952477,-29,-39,63
1739481719.9412477,-65,9,-26
1739481719.9862475,-48,-69,-81
1739481720.0322475,-72,-33,-20
1739481720.0782475,1,90,-112
1739481720.1242476,0,21,-65
1739481720.1692476,-68,13,-69
1739481720.2152476,59,30,0
1739481720.2612476,-101,-119,-131
1739481720.3062477,48,-96,-55
1739481720.3522477,-2,-19,2
1739481720.3982477,9,14,-52
1739481720.4442475,45,-120,-42
1739481720.4892476,-112,19,-64
1739481720.5352476,-41,-57,-100
1739481720.5812476,30,-18,-56
1739481720.6262476,-46,-3,-79
1739481720.6722476,9,-47,102
1739481720.7182477,-56,-15,-125
1739481720.7642477,63,90,-32
1739481720.8092475,-28,-135,-19
1739481720.8552475,29,62,-94
1739481720.9012475,30,44,-62
1739481720.9462476,-66,29,-121
1739481720.9922476,-33,61,12
1739481721.0382476,49,-58,83
1739481721.0842476,41,96,-48
1739481721.1292477,-4,8,-42
1739481721.1752477,-108,-9,-33
1739481721.2212474,-38,-47,6
1739481721.2662475,-55,-89,-124
1739481721.3122475,-75,-81,-80
1739481721.3582475,-70,-75,-26
1739481721.4042475,-44,71,-13
1739481721.4492476,22,4,-21
1739481721.4952476,13,105,11
1739481721.5412476,-54,-12,47
1739481721.5862474,7,-2,-196
1739481721.6322474,-22,-3,66
1739481721.6782477,38,96,-62
1739481721.7242477,14,-15,27
1739481721.7692475,-10,18,-17
1739481721.8152475,-80,-7,28
1739481721.8612475,-21,-104,93
1739481721.9062476,82,-66,34
1739481721.9522476,32,-4,8
1739481721.9982476,-12,-25,-30
1739481722.0442476,36,-65,-24
1739481722.0892477,-31,-78,-102
1739481722.1352477,-11,-22,-38
1739481722.1812477,68,-140,-10
1739481722.2262475,-15,1,-167
1739481722.2722476,5,-93,-71
1739481722.3182476,-19,-11,-158
1739481722.3642476,-66,-21,-20
1739481722.4092476,31,-6,32
1739481722.4552476,69,50,-9
1739481722.5062475,88,84,-128
1739481722.5522475,-42,-77,25
1739481722.5982475,40,-6,53
1739481722.6442475,-1,42,-33
1739481722.6892476,-17,-38,-72
1739481722.7352476,3,-84,-28
1739481722.7812476,7,3,-124
1739481722.8262477,-60,-36,-74
1739481722.8722477,2,-50,5
1739481722.9182477,13,-124,-57
1739481722.9642477,50,84,-14
1739481723.0092475,11,96,-39
1739481723.0552475,-9,43,89
1739481723.1012475,-28,-29,-86
1739481723.1462476,-46,25,-70
1739481723.1922476,49,-82,26
1739481723.2382476,100,-40,-130
1739481723.2842476,-58,0,57
1739481723.3292477,33,-52,-136
1739481723.3752477,10,-23,-64
1739481723.4212475,-24,-72,37
1739481723.4662476,32,-29,97
1739481723.5122476,40,30,-49
1739481723.5582476,48,-99,-107
1739481723.6042476,-22,-6,8
1739481723.6492476,-10,-24,-9
1739481723.6952477,33,-15,-57
1739481723.7412477,36,-46,110
1739481723.7862475,-15,-36,108
1739481723.8322475,13,-86,-148
1739481723.8782475,-41,40,-88
1739481723.9242475,59,89,0
1739481723.9692476,26,-132,-80
1739481724.0152476,21,-30,-119
1739481724.0612476,-32,3,-93
1739481724.1062477,-22,-71,-31
1739481724.1522477,-35,-6,-41
1739481724.1982474,-10,32,34
1739481724.2442474,-2,-110,-83
1739481724.2892475,40,-103,-25
1739481724.3352475,7,-102,-32
1739481724.3812475,6,-57,-111
1739481724.4262476,-15,19,-93
1739481724.4722476,64,-25,-30
1739481724.5182476,-58,38,-63
1739481724.5642476,-26,-98,-101
1739481724.6092474,79,-46,43
1739481724.6552474,-13,-29,-165
1739481724.7012477,21,-174,1
1739481724.7462475,20,-140,82
1739481724.7922475,44,-80,20
1739481724.8382475,35,-60,-43
1739481724.8842475,-38,-5,29
1739481724.9292476,-14,-37,-47
1739481724.9752476,-59,-59,-52
1739481725.0212476,3,-87,-216
1739481725.0662477,40,8,-87
1739481725.1122477,17,-10,26
1739481725.1582477,24,60,-41
1739481725.2042477,25,12,-23
1739481725.2492476,40,-74,-20
1739481725.2952476,-6,-26,-128
1739481725.3412476,45,48,-130
1739481725.3862476,16,-36,-56
1739481725.4322476,-35,-75,54
1739481725.4782476,-64,15,-41
1739481725.5242476,51,38,-4
1739481725.5692475,-84,-59,-57
1739481725.6152475,10,-26,36
1739481725.6612475,13,-39,-7
1739481725.7062476,-20,-70,46
1739481725.7522476,-12,-64,-44
1739481725.7982476,-30,-60,61
1739481725.8442476,-105,18,-36
1739481725.8892477,-26,-4,-123
1739481725.9352477,1,7,90
1739481725.9812477,-47,-93,-39
1739481726.0262475,-17,-1,-124
1739481726.0722475,-48,-163,82
1739481726.1182475,20,-196,86
1739481726.1642475,-5,-9,171
1739481726.2092476,-18,-26,-90
1739481726.2552476,-2,17,-163
1739481726.3012476,1,22,44
1739481726.3462474,36,-27,-13
1739481726.3922474,-30,-26,61
1739481726.4382474,-52,-8,18
1739481726.4842474,-17,1,-46
1739481726.5292475,41,12,-24
1739481726.5752475,30,51,37
1739481726.6212475,-15,13,0
1739481726.6662476,23,-73,-22
1739481726.7122476,15,91,-98
1739481726.7582476,7,-112,-140
1739481726.8042476,-69,0,-111
1739481726.8492477,49,107,-75
1739481726.8952477,-1,29,-64
1739481726.9412477,-51,24,-120
1739481726.9862475,56,-105,7
1739481727.0322475,-55,18,146
1739481727.0782475,-63,-39,2
1739481727.1242476,-13,-55,-55
1739481727.1692476,-57,-25,52
1739481727.2152476,9,-14,-56
1739481727.2612476,-14,-92,-115
1739481727.3062477,-60,-103,22
1739481727.3522477,-58,-36,-30
1739481727.3982477,91,33,0
1739481727.4442475,15,-77,-56
1739481727.4892476,0,-140,57
1739481727.5352476,8,-9,-117
1739481727.5812476,13,-29,-13
1739481727.6252477,-50,88,-60
1739481727.6712475,26,-61,-38
1739481727.7172475,-35,-49,83
1739481727.7622476,4,-21,-91
1739481727.8082476,46,-133,-156
1739481727.8542476,-65,-52,-36
1739481727.9002476,83,-7,-13
1739481727.9452477,-12,-54,-31
1739481727.9912477,24,21,-222
1739481728.0372477,-47,116,-9
1739481728.0822475,-70,-94,-97
1739481728.1282475,84,-23,87
1739481728.1742475,60,29,-35
1739481728.2202475,49,-115,-166
1739481728.2652476,-90,90,-22
1739481728.3112476,-80,-26,0
1739481728.3572476,-46,18,-35
1739481728.4022477,-2,42,-42
1739481728.4482474,5,-53,31
1739481728.4942474,27,-17,-168
1739481728.5402474,-61,-106,-68
1739481728.5852475,-104,18,-35
1739481728.6312475,90,110,-28
1739481728.6772475,-23,1,-13
1739481728.7222476,-22,-93,-58
1739481728.7682476,18,-38,-72
1739481728.8142476,54,-48,-87
1739481728.8602476,57,-116,40
1739481728.9052474,-7,22,29
1739481728.9512477,7,8,-56
1739481728.9972477,-9,-134,17
1739481729.0422475,48,-13,-66
1739481729.0882475,-39,-50,-61
1739481729.1342475,-70,-44,-149
1739481729.1802475,-46,-62,-121
1739481729.2252476,46,-193,18
1739481729.2712476,-49,42,3
1739481729.3172476,42,-141,45
1739481729.3622477,48,2,-35
1739481729.4082477,62,-98,-92
1739481729.4542477,44,-62,5
1739481729.5002477,31,52,5
1739481729.5452476,-79,5,6
1739481729.5912476,68,-6,-137
1739481729.6372476,-8,60,-12
1739481729.6822476,-23,-80,-51
1739481729.7282476,4,97,57
1739481729.7742476,8,69,-65
1739481729.8202477,-42,-36,23
1739481729.8652475,34,-57,-122
1739481729.9112475,-13,5,-157
1739481729.9572475,23,99,-9
1739481730.0022476,2,66,-46
1739481730.0482476,28,39,11
1739481730.0942476,26,31,-171
1739481730.1402476,-15,53,-30
1739481730.1852477,-11,-128,-114
1739481730.2312477,-31,-55,0
1739481730.2772477,18,42,6
1739481730.3222475,-18,-55,14
1739481730.3682475,14,-98,-33
1739481730.4142475,-28,-19,-103
1739481730.4602475,30,-132,-37
1739481730.5052476,-29,-18,-10
1739481730.5512476,6,-76,-83
1739481730.5972476,-9,-41,45
1739481730.6422474,23,-60,-73
1739481730.6882474,-32,25,6
1739481730.7342474,0,39,-31
1739481730.7802474,-12,-13,-33
1739481730.8252475,10,-116,-61
1739481730.8712475,11,86,-145
1739481730.9172475,4,-134,-18
1739481730.9622476,-12,-57,-54
1739481731.0082476,-95,-37,57
1739481731.0542476,-50,-56,-48
1739481731.1002476,-23,-70,-136
1739481731.1452477,19,-87,-6
1739481731.1912477,-23,-12,-10
1739481731.2372477,-7,45,-22
1739481731.2822475,19,-107,20
1739481731.3282475,25,27,63
1739481731.3742476,45,-59,-117
1739481731.4202476,-47,-2,66
1739481731.4652476,-12,56,-79
1739481731.5112476,8,-14,-41
1739481731.5572476,-62,-27,-78
1739481731.6022477,98,-66,3
1739481731.6482477,11,-8,-64
1739481731.6942475,127,-40,17
1739481731.7402475,-46,49,0
1739481731.7852476,-30,83,-44
1739481731.8312476,12,-144,-42
1739481731.8772476,-62,1,74
1739481731.9222476,-32,-135,-14
1739481731.9682477,33,-66,68
1739481732.0142477,-7,79,-50
1739481732.0602477,9,-60,-60
1739481732.1052475,-33,-83,-32
1739481732.1512475,-1,38,-69
1739481732.1972475,-65,-89,-85
1739481732.2422476,-29,-1,-40
1739481732.2882476,-78,-46,-42
1739481732.3342476,68,-125,45
1739481732.3802476,-28,90,19
1739481732.4252477,7,-9,-139
1739481732.4772477,-29,-38,-54
1739481732.5222476,35,-12,24
1739481732.5682476,38,80,-54
1739481732.6142476,63,-56,30
1739481732.6602476,-62,-35,-77
1739481732.7052476,30,52,-20
1739481732.7512476,42,8,-18
1739481732.7972476,-32,-63,-132
1739481732.8422475,33,-36,41
1739481732.8882475,-65,-29,-77
1739481732.9352477,2,44,-95
1739481732.9812477,52,-97,-54
1739481733.0262475,-35,91,-56
1739481733.0722475,9,-34,-115
1739481733.1182475,23,-147,61
1739481733.1642475,-60,4,4
1739481733.2092476,37,27,-36
1739481733.2552476,119,37,-62
1739481733.3012476,0,-108,-134
1739481733.3462474,-120,-10,-20
1739481733.3922474,14,-33,45
1739481733.4382474,-63,50,-45
1739481733.4842474,-46,-64,34
1739481733.5292475,33,65,-26
1739481733.5752475,-2,39,-89
1739481733.6212475,-40,-78,91
1739481733.6662476,18,30,-105
1739481733.7122476,-18,25,-70
1739481733.7582476,-77,19,11
1739481733.8042476,-38,-73,82
1739481733.8492477,-33,80,-80
1739481733.8952477,-65,128,-24
1739481733.9412477,-29,-56,-59
1739481733.9862475,-18,-33,-6
1739481734.0322475,8,-55,-41
1739481734.0782475,33,34,-39
1739481734.1242476,-37,68,-71
1739481734.1692476,-24,-24,86
1739481734.2152476,5,17,-5
1739481734.2612476,62,-3,-64
1739481734.3062477,-6,-60,-77
1739481734.3522477,65,-17,12
1739481734.3982477,43,-77,-51
1739481734.4442475,12,-51,1
1739481734.4892476,34,-25,-118
1739481734.5352476,25,-80,-65
1739481734.5812476,-28,-7,-62
1739481734.6262476,61,50,55
1739481734.6722476,18,-78,147
1739481734.7182477,-14,-99,33
1739481734.7642477,10,-48,101
1739481734.8092475,50,15,-138
1739481734.8552475,-8,-4,14
1739481734.9012475,-13,68,-30
1739481734.9462476,-17,-106,17
1739481734.9922476,33,11,-92
1739481735.0382476,-29,-76,-90
1739481735.0842476,-55,12,-51
1739481735.1292477,49,43,76
1739481735.1752477,9,-75,27
1739481735.2212474,-2,13,36
1739481735.2662475,53,-1,-15
1739481735.3122475,-113,14,-27
1739481735.3582475,-39,-40,45
1739481735.4042475,42,-39,-42
1739481735.4492476,29,-35,-119
1739481735.4952476,27,-57,-31
1739481735.5412476,-43,14,-163
1739481735.5862474,-7,40,75
1739481735.6322474,3,-101,18
1739481735.6782477,21,-99,-18
1739481735.7242477,-41,-90,-54
1739481735.7692475,62,-59,-16
1739481735.8152475,30,-41,-22
1739481735.8612475,66,39,74
1739481735.9062476,-12,25,-4
1739481735.9522476,-2,-69,-129
1739481735.9982476,77,-15,28
1739481736.0442476,50,-217,-28
1739481736.0892477,68,-59,-102
1739481736.1352477,34,-79,-1
1739481736.1812477,-1,-4,-6
1739481736.2262475,-41,-6,6
1739481736.2722476,40,-1,-67
1739481736.3182476,18,-39,-35
1739481736.3642476,-3,10,-40
1739481736.4092476,15,-146,21
1739481736.4552476,112,-27,-28
1739481736.5012476,47,-49,-25
1739481736.5462475,50,-61,-55
1739481736.5922475,29,11,35
1739481736.6382475,0,-68,-79
1739481736.6842475,97,-95,107
1739481736.7292476,-17,-78,47
1739481736.7752476,2,51,0
1739481736.8212476,42,-199,-51
1739481736.8662477,73,-1,-7
1739481736.9122477,27,27,-15
1739481736.9582477,-2,-189,-86
1739481737.0042477,43,-31,-98
1739481737.0492475,-39,-92,24
1739481737.0952475,-51,4,-62
1739481737.1412475,-21,24,56
1739481737.1862476,-2,46,-82
1739481737.2322476,49,-65,3
1739481737.2782476,12,73,7
1739481737.3242476,36,3,20
1739481737.3692474,18,-11,30
1739481737.4152474,-5,-48,-26
1739481737.4612474,3,1,43
1739481737.5062475,100,11,74
1739481737.5522475,82,-87,32
1739481737.5982475,-26,-64,1
1739481737.6442475,54,-145,-48
1739481737.6892476,-21,30,-12
1739481737.7352476,-7,-40,-65
1739481737.7812476,19,25,47
1739481737.8262477,59,-63,42
1739481737.8722477,62,-79,-167
1739481737.9182477,67,-67,0
1739481737.9642477,-52,42,-103
1739481738.0092475,16,-117,-175
1739481738.0552475,-118,-54,-60
1739481738.1012475,25,35,15
1739481738.1462476,11,-37,-107
1739481738.1922476,-29,48,-112
1739481738.2382476,-16,-110,30
1739481738.2842476,38,5,2
1739481738.3292477,65,21,-19
1739481738.3752477,-15,-8,-93
1739481738.4212475,30,0,-26
1739481738.4662476,44,-123,-11
1739481738.5122476,-22,-130,-110
1739481738.5582476,10,-22,-26
1739481738.6042476,-8,15,-37
1739481738.6492476,-44,91,132
1739481738.6952477,12,158,-51
1739481738.7412477,14,-16,-50
1739481738.7862475,13,-24,-66
1739481738.8322475,21,56,-23
1739481738.8782475,-47,-47,-85
1739481738.9242475,-54,-101,-40
1739481738.9692476,-7,-43,-149
1739481739.0152476,65,-34,60
1739481739.0612476,61,-110,9
1739481739.1062477,39,108,-6
1739481739.1522477,19,8,-29
1739481739.1982474,9,-116,-27
1739481739.2442474,-25,-17,-47
1739481739.2892475,50,-138,-169
1739481739.3352475,68,-6,12
1739481739.3812475,-13,-31,62
1739481739.4262476,-14,45,-94
1739481739.4722476,9,-84,-90
1739481739.5182476,-42,25,-123
1739481739.5642476,-13,-15,46
1739481739.6092474,-45,-65,-75
1739481739.6552474,-55,-59,-71
1739481739.7012477,51,16,-71
1739481739.7462475,17,-87,-102
1739481739.7922475,-37,65,-100
1739481739.8382475,-17,93,-81
1739481739.8842475,-35,-37,-64
1739481739.9292476,6,-51,77
1739481739.9752476,55,52,-96
1739481740.0212476,-56,-47,-15
1739481740.0662477,38,-38,31
1739481740.1122477,-5,-54,46
1739481740.1582477,-3,16,-20
1739481740.2042477,43,-60,-24
1739481740.2492476,26,52,-1
1739481740.2952476,-44,-139,-32
1739481740.3412476,-42,27,-70
1739481740.3862476,52,-28,63
1739481740.4322476,40,-26,-56
1739481740.4782476,1,-58,18
1739481740.5242476,20,-56,69
1739481740.5692475,77,16,-50
1739481740.6152475,-49,-89,-50
1739481740.6612475,13,24,14
1739481740.7062476,-67,-21,54
1739481740.7522476,-68,67,15
1739481740.7982476,-4,-51,117
1739481740.8442476,54,78,-62
1739481740.8892477,10,50,-73
1739481740.9352477,-12,55,-172
1739481740.9812477,-72,-27,-61
1739481741.0262475,-26,-53,56
1739481741.0722475,77,34,-71
1739481741.1182475,-51,5,-5
1739481741.1642475,21,122,6
1739481741.2092476,-95,-53,39
1739481741.2552476,-14,-1,-99
1739481741.3012476,-16,-21,26
1739481741.3462474,10,-65,-37
1739481741.3922474,-88,-59,-16
1739481741.4382474,-31,-125,-51
1739481741.4842474,8,-40,-97
1739481741.5292475,-44,6,-96
1739481741.5752475,2,40,-34
1739481741.6212475,21,-80,4
1739481741.6662476,56,-138,-139
1739481741.7122476,29,5,4
1739481741.7582476,-29,-163,-41
1739481741.8042476,-1,-32,-83
1739481741.8492477,-2,-61,14
1739481741.8952477,-5,8,-35
1739481741.9412477,113,-52,-25
1739481741.9862475,2,16,-2
1739481742.0322475,-1,-40,42
1739481742.0782475,-16,-25,-43
1739481742.1242476,5,-163,-19
1739481742.1692476,32,-48,-71
1739481742.2152476,-51,-93,-64
1739481742.2612476,52,-130,-114
1739481742.3062477,0,-12,-7
1739481742.3522477,1,31,-171
1739481742.3982477,-83,5,112
1739481742.4442475,-5,-77,75
1739481742.4952476,-13,-43,-85
1739481742.5412476,-47,-109,2
1739481742.5862474,79,-32,-110
1739481742.6322474,23,62,111
1739481742.6782477,-21,-61,-50
1739481742.7242477,0,-55,-103
1739481742.7692475,37,-91,-16
1739481742.8152475,-35,-58,0
1739481742.8612475,3,33,-55
1739481742.9062476,16,7,18
1739481742.9522476,28,1,-75
1739481742.9982476,-37,-1,97
1739481743.0442476,19,-8,-4
1739481743.0882475,38,-12,34
1739481743.1342475,-87,-137,-99
1739481743.1792476,-109,-139,-51
1739481743.2252476,8,-22,0
1739481743.2712476,-41,22,-58
1739481743.3172476,60,25,-80
1739481743.3622477,28,96,-31
1739481743.4082477,97,-16,-46
1739481743.4542477,-34,-83,19
1739481743.4992476,65,-2,24
1739481743.5452476,36,16,-102
1739481743.5912476,-31,21,-137
1739481743.6372476,39,-56,-38
1739481743.6822476,-54,71,-30
1739481743.7282476,22,72,-102
1739481743.7742476,-47,-15,17
1739481743.8192475,20,-36,-101
1739481743.8652475,-79,-11,-70
1739481743.9112475,57,-2,-22
1739481743.9572475,12,-58,0
1739481744.0022476,44,-108,41
1739481744.0482476,29,54,56
1739481744.0942476,-77,84,-26
1739481744.1392477,-5,-104,-51
1739481744.1852477,8,67,-4
1739481744.2312477,65,-40,-7
1739481744.2772477,75,-17,-67
1739481744.3222475,-43,-9,-22
1739481744.3682475,-12,27,-15
1739481744.4142475,-58,-146,1
1739481744.4592476,-45,4,38
1739481744.5052476,92,-37,27
1739481744.5512476,-11,-28,113
1739481744.5972476,-15,62,8
1739481744.6422474,-41,66,-214
1739481744.6882474,76,-17,-15
1739481744.7342474,101,-39,-65
1739481744.7792475,-78,-88,30
1739481744.8252475,90,-61,-4
1739481744.8712475,38,33,-38
1739481744.9172475,-61,-110,-65
1739481744.9622476,92,-86,-61
1739481745.0082476,-100,-15,29
1739481745.0542476,30,-32,0
1739481745.0992477,72,44,-120
1739481745.1452477,-27,29,-50
1739481745.1912477,-59,-8,-10
1739481745.2372477,6,47,-109
1739481745.2822475,-40,-55,-118
1739481745.3282475,-34,-46,-14
1739481745.3742476,11,-4,-77
1739481745.4192476,-45,-35,-52
1739481745.4652476,105,-50,-52
1739481745.5112476,44,47,-156
1739481745.5572476,-32,-80,-14
1739481745.6022477,114,-1,-52
1739481745.6482477,2,73,-40
1739481745.6942475,-1,-92,24
1739481745.7392476,-20,10,5
1739481745.7852476,-2,-86,-10
1739481745.8312476,-1,-48,-13
1739481745.8772476,92,-54,-34
1739481745.9222476,3,-42,-65
1739481745.9682477,28,-116,-81
1739481746.0142477,43,-18,-157
1739481746.0592475,-31,-5,-30
1739481746.1052475,17,63,58
1739481746.1512475,15,-182,-7
1739481746.1972475,-6,-58,54
1739481746.2422476,20,46,-4
1739481746.2882476,-2,-111,-45
1739481746.3342476,-25,-88,-95
1739481746.3792477,56,-161,35
1739481746.4252477,-61,30,1
1739481746.4712474,-11,-76,3
1739481746.5172474,-118,-102,-85
1739481746.5622475,27,-169,-35
1739481746.6082475,-67,-6,82
1739481746.6542475,-35,-60,7
1739481746.6992476,44,-65,-111
1739481746.7452476,-6,-62,-22
1739481746.7912476,-1,-48,-22
1739481746.8372476,-10,-34,-8
1739481746.8822474,7,-9,-53
1739481746.9282477,-28,-47,-42
1739481746.9742477,55,-12,-77
1739481747.0192475,4,-55,31
1739481747.0652475,13,7,-126
1739481747.1112475,-38,75,-112
1739481747.1572475,-33,-114,42
1739481747.2022476,-10,-24,-44
1739481747.2482476,7,-126,-55
1739481747.2942476,45,-53,42
1739481747.3392477,14,0,62
1739481747.3852477,-67,-88,-102
1739481747.4312477,-10,-12,71
1739481747.4772477,-16,-20,-78
1739481747.5222476,-22,22,-49
1739481747.5682476,-1,-36,-70
1739481747.6142476,20,-9,0
1739481747.6592476,-6,-23,-36
1739481747.7052476,52,3,-54
1739481747.7512476,20,-19,-25
1739481747.7972476,-28,-144,-31
1739481747.8422475,-25,-116,-70
1739481747.8882475,75,87,-43
1739481747.9342475,0,-61,-9
1739481747.9792476,-46,-102,-1
1739481748.0252476,62,-71,76
1739481748.0712476,-12,-118,-8
1739481748.1172476,-71,8,37
1739481748.1622477,-10,-37,-55
1739481748.2082477,46,-81,-7
1739481748.2542477,40,-21,-117
1739481748.2992475,-19,74,-66
1739481748.3452475,-5,-52,-100
1739481748.3912475,-10,37,40
1739481748.4372475,16,-83,-6
1739481748.4822476,-4,75,44
1739481748.5282476,24,-11,6
1739481748.5742476,8,-30,-7
1739481748.6192474,-7,-40,-110
1739481748.6652474,32,-37,-34
1739481748.7112474,5,12,-35
1739481748.7572474,48,17,82
1739481748.8022475,-79,-86,41
1739481748.8482475,-14,0,-85
1739481748.8942475,33,-9,-8
1739481748.9392476,-45,26,-92
1739481748.9852476,28,0,-27
1739481749.0312476,-16,-92,75
1739481749.0772476,40,-7,-59
1739481749.1222477,-73,-74,106
1739481749.1682477,-43,30,-77
1739481749.2142477,-4,-88,-129
1739481749.2592475,58,35,33
1739481749.3052475,-7,-37,-94
1739481749.3512475,-9,-46,28
1739481749.3972476,-43,6,12
1739481749.4422476,-8,-119,-36
1739481749.4882476,0,88,-68
1739481749.5342476,-38,-182,-85
1739481749.5792477,7,-18,-92
1739481749.6252477,83,-45,-62
1739481749.6712475,-25,4,-12
1739481749.7172475,-103,-2,76
1739481749.7622476,22,-48,-186
1739481749.8082476,14,54,-51
1739481749.8542476,-56,-74,0
1739481749.8992476,-13,-140,39
1739481749.9452477,-60,-6,-148
1739481749.9912477,-15,-48,19
1739481750.0372477,-2,-151,-49
1739481750.0822475,1,-51,-12
1739481750.1282475,3,-135,72
1739481750.1742475,-26,-16,57
1739481750.2192476,-6,-111,51
1739481750.2652476,-18,-54,-51
1739481750.3112476,-4,-48,-85
1739481750.3572476,8,-147,-29
1739481750.4022477,-28,0,-75
1739481750.4482474,-10,0,66
1739481750.4942474,-56,-82,-33
1739481750.5392475,-37,-50,-62
1739481750.5852475,97,-3,-39
1739481750.6312475,-16,-116,-80
1739481750.6772475,6,45,16
1739481750.7222476,-25,-49,-97
1739481750.7682476,54,-125,5
1739481750.8142476,-6,28,-7
1739481750.8592474,29,-7,-14
1739481750.9052474,45,-5,-28
1739481750.9512477,-22,72,-12
1739481750.9972477,-55,-158,-40
1739481751.0422475,-29,-108,-34
1739481751.0882475,-9,69,-103
1739481751.1342475,18,-109,-132
1739481751.1792476,81,-13,-209
1739481751.2252476,-79,-78,-61
1739481751.2712476,38,-29,-15
1739481751.3172476,18,-1,-34
1739481751.3622477,-64,-18,-10
1739481751.4082477,1,-140,-115
1739481751.4542477,-10,-136,18
1739481751.4992476,-53,34,-59
1739481751.5452476,0,50,-108
1739481751.5912476,9,31,-75
1739481751.6372476,-17,-26,-106
1739481751.6822476,-16,-18,-148
1739481751.7282476,28,21,-93
1739481751.7742476,-54,-62,-113
1739481751.8192475,-1,-43,-38
1739481751.8652475,61,65,26
1739481751.9112475,-32,-124,-135
1739481751.9572475,26,27,-47
1739481752.0022476,0,-125,-103
1739481752.0482476,7,-89,-246
1739481752.0942476,18,-19,-18
1739481752.1392477,-45,-82,47
1739481752.1852477,-13,-54,59
1739481752.2312477,37,89,70
1739481752.2772477,36,-51,-25
1739481752.3222475,-8,-94,-168
1739481752.3682475,73,9,32
1739481752.4142475,60,-119,-23
1739481752.4592476,-54,60,25
1739481752.5112476,7,-42,-17
1739481752.5572476,25,-23,-126
1739481752.6022477,-51,-48,89
1739481752.6482477,0,-58,-60
1739481752.6942475,-61,30,-36
1739481752.7392476,24,7,-24
1739481752.7852476,93,93,23
1739481752.8312476,-30,-44,85
1739481752.8772476,30,37,23
1739481752.9222476,33,-81,-12
1739481752.9682477,-60,-134,-97
1739481753.0142477,7,-163,95
1739481753.0592475,28,-95,-121
1739481753.1052475,36,-53,-103
1739481753.1512475,25,-3,4
1739481753.1972475,-54,6,31
1739481753.2422476,76,-13,-56
1739481753.2882476,-41,38,-19
1739481753.3342476,-27,-132,-70
1739481753.3792477,35,-171,-80
1739481753.4252477,33,39,-93
1739481753.4712474,-29,32,-120
1739481753.5172474,94,-101,16
1739481753.5622475,-22,-48,-46
1739481753.6082475,-17,24,13
1739481753.6542475,38,-27,-10
1739481753.6992476,52,-63,44
1739481753.7452476,-7,19,37
1739481753.7912476,8,-55,29
1739481753.8372476,8,-77,-96
1739481753.8822474,-23,58,49
1739481753.9282477,-68,-56,-23
1739481753.9742477,81,-85,-9
1739481754.0192475,-32,-60,-24
1739481754.0652475,31,0,-10
1739481754.1112475,-5,-82,36
1739481754.1572475,-48,-158,-5
1739481754.2022476,-59,-72,-43
1739481754.2482476,26,-31,0
1739481754.2942476,-29,-76,-121
1739481754.3392477,-25,-114,-54
1739481754.3852477,0,29,-55
1739481754.4312477,81,-73,0
1739481754.4772477,46,49,57
1739481754.5222476,-53,-12,-15
1739481754.5682476,-69,92,13
1739481754.6142476,-128,-88,24
1739481754.6592476,30,90,19
1739481754.7052476,-59,-14,1
1739481754.7512476,12,-26,44
1739481754.7972476,29,-21,110
1739481754.8422475,55,17,17
1739481754.8882475,-16,26,-136
1739481754.9342475,56,29,-85
1739481754.9792476,28,7,-63
1739481755.0252476,0,-70,1
1739481755.0712476,62,-17,-19
1739481755.1172476,-62,-20,27
1739481755.1622477,10,-68,68
1739481755.2082477,-17,18,-43
1739481755.2542477,32,-71,-82
1739481755.2992475,28,-75,-37
1739481755.3452475,-11,-88,-20
1739481755.3912475,16,67,-44
1739481755.4372475,10,-53,-68
1739481755.4822476,-28,8,-72
1739481755.5282476,2,19,7
1739481755.5742476,-83,-82,-107
1739481755.6192474,-31,-64,79
1739481755.6652474,-53,0,12
1739481755.7112474,1,-21,22
1739481755.7572474,-18,-57,-96
1739481755.8022475,-102,-114,-84
1739481755.8482475,-21,-4,-51
1739481755.8942475,11,-71,44
1739481755.9392476,23,-1,-81
1739481755.9852476,-20,-116,46
1739481756.0312476,24,-139,27
1739481756.0772476,0,-72,18
1739481756.1222477,-38,-78,-51
1739481756.1682477,63,-57,-77
1739481756.2142477,52,-171,-81
1739481756.2592475,-20,-40,-73
1739481756.3052475,-16,-106,-122
1739481756.3512475,-14,0,-12
1739481756.3972476,-32,-82,105
1739481756.4422476,-18,18,-44
1739481756.4882476,47,-95,-13
1739481756.5342476,33,27,126
1739481756.5792477,34,-89,-107
1739481756.6252477,-79,44,-127
1739481756.6712475,-12,-70,4
1739481756.7172475,15,11,91
1739481756.7622476,-57,-12,-45
1739481756.8082476,36,-33,82
1739481756.8542476,23,-57,26
1739481756.8992476,0,63,-113
1739481756.9452477,64,23,67
1739481756.9912477,82,-63,21
1739481757.0372477,-34,-16,18
1739481757.0822475,-11,0,-34
1739481757.1282475,0,-13,-54
1739481757.1742475,29,79,-101
1739481757.2192476,-56,88,-43
1739481757.2652476,-1,-65,4
1739481757.3112476,5,-68,-2
1739481757.3572476,17,-89,-36
1739481757.4022477,69,-123,-52
1739481757.4482474,-26,-118,-164
1739481757.4942474,-4,-50,-138
1739481757.5392475,111,49,-43
1739481757.5852475,-30,-40,89
1739481757.6312475,45,-59,77
1739481757.6772475,10,-17,21
1739481757.7222476,50,4,1
1739481757.7682476,-33,-17,-78
1739481757.8142476,-9,47,42
1739481757.8592474,34,112,3
1739481757.9052474,-56,-71,-116
1739481757.9512477,33,-74,-147
1739481757.9972477,29,82,-128
1739481758.0422475,61,-78,64
1739481758.0882475,91,-114,-29
1739481758.1342475,42,12,-79
1739481758.1792476,35,66,-37
1739481758.2252476,11,-15,-33
1739481758.2712476,30,-70,-63
1739481758.3172476,-49,15,4
1739481758.3622477,-138,-39,-55
1739481758.4082477,8,-130,-44
1739481758.4542477,-14,-11,35
1739481758.4992476,-18,-17,-80
1739481758.5452476,5,-76,-100
1739481758.5912476,28,-170,87
1739481758.6372476,25,-14,20
1739481758.6822476,4,-64,-20
1739481758.7282476,-37,-75,10
1739481758.7742476,-55,-3,-50
1739481758.8192475,11,31,-37
1739481758.8652475,-1,13,-12
1739481758.9112475,-65,-147,-11
1739481758.9572475,-55,27,19
1739481759.0022476,67,-178,-118
1739481759.0482476,-116,1,29
1739481759.0942476,19,10,12
1739481759.1392477,27,-98,-43
1739481759.1852477,-27,-97,-12
1739481759.2312477,71,-108,109
1739481759.2772477,46,-2,-44
1739481759.3222475,-13,39,-46
1739481759.3682475,33,2,-200
1739481759.4142475,-58,-17,-18
1739481759.4592476,-15,-161,-7
1739481759.5052476,30,116,77
1739481759.5512476,-52,0,-44
1739481759.5972476,-65,-9,-119
1739481759.6422474,13,-42,48
1739481759.6882474,8,39,56
1739481759.7342474,34,-28,40
1739481759.7792475,-30,-29,-11
1739481759.8252475,17,38,-4
1739481759.8712475,15,14,20
1739481759.9172475,-32,-101,8
1739481759.9622476,-68,39,1
1739481760.0082476,-46,51,-14
1739481760.0542476,-30,-57,69
1739481760.0992477,70,-40,-19
1739481760.1452477,-88,-77,23
1739481760.1912477,17,4,-13
1739481760.2372477,27,-26,-35
1739481760.2822475,-18,-123,-171
1739481760.3282475,-30,79,-124
1739481760.3742476,55,-64,-66
1739481760.4192476,9,-43,-50
1739481760.4652476,-45,-87,22
1739481760.5112476,25,114,-11
1739481760.5572476,-36,-13,-87
1739481760.6022477,23,80,-27
1739481760.6482477,34,-38,-70
1739481760.6942475,-2,21,-22
1739481760.7392476,-50,-55,-29
1739481760.7852476,61,-104,-3
1739481760.8312476,-57,-111,-27
1739481760.8772476,-33,-41,19
1739481760.9222476,-72,37,-109
1739481760.9682477,18,-32,60
1739481761.0142477,-8,-109,-8
1739481761.0592475,29,-32,-39
1739481761.1052475,25,-65,-33
1739481761.1512475,-19,-22,-39
1739481761.1972475,-25,112,-10
1739481761.2422476,-16,16,-51
1739481761.2882476,29,0,-62
1739481761.3342476,11,45,-10
1739481761.3792477,-50,-26,38
1739481761.4252477,-5,15,-77
1739481761.4712474,24,-30,43
1739481761.5172474,20,-35,8
1739481761.5622475,-23,6,16
1739481761.6082475,20,-67,37
1739481761.6542475,-53,8,15
1739481761.6992476,-36,-102,-27
1739481761.7452476,-23,36,38
1739481761.7912476,-37,-48,23
1739481761.8372476,14,-36,-109
1739481761.8822474,24,-49,-29
1739481761.9282477,-116,-83,-72
1739481761.9742477,-15,-34,55
1739481762.0192475,1,21,-158
1739481762.0652475,25,47,-12
1739481762.1112475,-34,5,9
1739481762.1572475,61,36,-90
1739481762.2022476,73,-10,70
1739481762.2482476,-21,13,-105
1739481762.2942476,63,-76,-103
1739481762.3392477,-12,13,-66
1739481762.3852477,-66,-35,-58
1739481762.4312477,10,26,8
1739481762.4772477,72,-62,-67
1739481762.5282476,62,-74,-69
1739481762.5742476,-31,80,-5
1739481762.6192474,-6,-47,-9
1739481762.6652474,49,24,-5
1739481762.7112474,7,17,50
1739481762.7572474,82,-35,-54
1739481762.8022475,-14,34,-95
1739481762.8482475,37,-63,1
1739481762.8942475,-2,-64,-101
1739481762.9392476,-22,82,23
1739481762.9852476,-92,-26,-103
1739481763.0312476,20,-117,79
1739481763.0772476,29,80,-67
1739481763.1222477,-7,-31,-57
1739481763.1682477,29,46,-80
1739481763.2142477,44,-69,-47
1739481763.2592475,-25,-120,-2
1739481763.3052475,46,-115,9
1739481763.3512475,3,-154,-80
1739481763.3972476,-55,-51,-147
1739481763.4422476,-102,63,-74
1739481763.4882476,43,-88,-5
1739481763.5342476,-8,-11,-61
1739481763.5792477,7,15,-56
1739481763.6252477,-8,-228,113
1739481763.6712475,-35,70,-21
1739481763.7172475,-62,-20,33
1739481763.7622476,-70,36,-111
1739481763.8082476,66,-59,-136
1739481763.8542476,4,-8,68
1739481763.8992476,-69,37,-6
1739481763.9452477,-16,-163,49
1739481763.9912477,7,-72,-4
1739481764.0372477,54,124,24
1739481764.0822475,-3,-100,-59
1739481764.1282475,60,12,-90
1739481764.1742475,-19,-199,10
1739481764.2192476,26,-13,-101
1739481764.2652476,49,8,-76
1739481764.3112476,-52,19,-46
1739481764.3572476,2,-82,96
1739481764.4022477,-31,-43,59
1739481764.4482474,14,38,109
1739481764.4942474,-13,-8,27
1739481764.5392475,-15,-114,-54
1739481764.5852475,9,37,-58
1739481764.6312475,27,-39,27
1739481764.6772475,4,-26,-29
1739481764.7222476,-2,17,8
1739481764.7682476,-2,-70,133
1739481764.8142476,-51,-76,-108
1739481764.8592474,18,-36,-48
1739481764.9052474,-75,-133,-131
1739481764.9512477,-41,36,-55
1739481764.9972477,54,53,23
1739481765.0422475,37,7,-37
1739481765.0882475,13,-112,29
1739481765.1342475,-32,10,35
1739481765.1792476,-13,-138,-56
1739481765.2252476,-15,7,-12
1739481765.2712476,-24,-110,-42
1739481765.3172476,-9,-31,-22
1739481765.3622477,39,-83,-74
1739481765.4082477,-14,-51,98
1739481765.4542477,23,-18,0
1739481765.4992476,18,46,17
1739481765.5452476,50,-132,10
1739481765.5912476,-21,-1,-4
1739481765.6372476,22,107,-73
1739481765.6822476,23,-80,-8
1739481765.7282476,2,10,-3
1739481765.7742476,-42,-33,-87
1739481765.8192475,31,33,-24
1739481765.8652475,-115,-56,-78
1739481765.9112475,-7,-14,23
1739481765.9572475,54,-23,67
1739481766.0022476,25,-43,-42
1739481766.0482476,-29,-16,-110
1739481766.0942476,6,-133,0
1739481766.1392477,-54,-12,-74
1739481766.1852477,-88,-132,-8
1739481766.2312477,-11,-48,-13
1739481766.2772477,4,-108,-22
1739481766.3222475,49,25,-101
1739481766.3682475,0,13,17
1739481766.4142475,-26,-22,0
1739481766.4592476,-14,-17,-10
1739481766.5052476,16,-156,2
1739481766.5512476,18,9,92
1739481766.5972476,-19,-90,0
1739481766.6422474,64,-31,-138
1739481766.6882474,-47,38,-23
1739481766.7342474,61,-31,-9
1739481766.7792475,3,-11,-93
1739481766.8252475,60,-57,31
1739481766.8712475,13,-55,-175
1739481766.9172475,-7,-12,-157
1739481766.9622476,-46,2,-43
1739481767.0082476,-32,-94,-70
1739481767.0542476,19,9,-131
1739481767.0992477,-11,-122,-68
1739481767.1452477,24,25,-15
1739481767.1912477,-17,-75,-85
1739481767.2372477,-34,-42,-65
1739481767.2822475,22,69,-27
1739481767.3282475,-27,-4,11
1739481767.3742476,69,-37,-36
1739481767.4192476,77,-77,4
1739481767.4652476,72,17,-88
1739481767.5112476,-16,54,-7
1739481767.5572476,-1,-137,-68
1739481767.6022477,23,-58,-49
1739481767.6482477,29,93,-29
1739481767.6942475,-10,-50,-71
1739481767.7392476,-50,34,-12
1739481767.7852476,67,-15,-133
1739481767.8312476,-39,-82,-7
1739481767.8772476,78,-37,-11
1739481767.9222476,33,-25,76
1739481767.9682477,54,25,-28
1739481768.0142477,-26,-10,-32
1739481768.0592475,-23,-82,-100
1739481768.1052475,0,-132,-108
1739481768.1512475,-13,-38,-74
1739481768.1972475,58,10,-57
1739481768.2422476,-34,-17,-63
1739481768.2882476,42,-4,-12
1739481768.3342476,4,-72,-61
1739481768.3792477,27,-120,4
1739481768.4252477,-23,-47,-128
1739481768.4712474,-57,-137,-95
1739481768.5172474,-57,-99,-75
1739481768.5622475,-41,-71,26
1739481768.6082475,6,-102,-17
1739481768.6542475,67,-24,-80
1739481768.6982474,24,22,-76
1739481768.7442474,-38,-15,-81
1739481768.7902474,-44,97,-52
1739481768.8352475,-35,123,-72
1739481768.8812475,-92,-11,117
1739481768.9272475,-16,-73,-90
1739481768.9732475,77,20,18
1739481769.0182476,33,-56,34
1739481769.0642476,63,-8,71
1739481769.1102476,9,16,53
1739481769.1552474,-37,-27,8
1739481769.2012477,-53,-61,-143
1739481769.2472477,2,-30,-27
1739481769.2932477,-23,-153,-37
1739481769.3382475,81,16,-86
1739481769.3842475,62,-6,-73
1739481769.4302475,-72,7,30
1739481769.4752476,15,-68,-96
1739481769.5212476,120,-72,42
1739481769.5672476,-25,137,14
1739481769.6132476,-6,37,-142
1739481769.6582477,-52,-17,-53
1739481769.7042477,57,-90,153
1739481769.7502477,91,-66,11
1739481769.7952476,-53,-1,-41
1739481769.8412476,12,-36,-6
1739481769.8872476,43,42,-64
1739481769.9332476,24,1,-111
1739481769.9782476,-44,-33,27
1739481770.0242476,-33,7,-9
1739481770.0702477,-21,-35,-71
1739481770.1152475,-39,89,-53
1739481770.1612475,-79,-67,-53
1739481770.2072475,-62,-131,-69
1739481770.2532475,-33,-131,-17
1739481770.2982476,100,8,57
1739481770.3442476,6,31,-11
1739481770.3902476,6,-98,35
1739481770.4352477,-15,-49,-124
1739481770.4812477,-71,-75,27
1739481770.5272477,39,42,-9
1739481770.5732474,10,114,-69
1739481770.6182475,80,-82,-95
1739481770.6642475,18,-180,-5
1739481770.7102475,-26,-95,-2
1739481770.7552476,-22,-35,4
1739481770.8012476,36,32,38
1739481770.8472476,30,-44,67
1739481770.8932476,-3,14,-63
1739481770.9382474,47,-60,-102
1739481770.9842474,10,91,-18
1739481771.0302474,-41,-81,55
1739481771.0752475,-21,-39,-178
1739481771.1212475,-42,-81,39
1739481771.1672475,-3,-32,-164
1739481771.2132475,16,16,-20
1739481771.2582476,7,-20,-16
1739481771.3042476,52,18,-157
1739481771.3502476,15,-118,0
1739481771.3952477,49,-24,-52
1739481771.4412477,-13,-29,21
1739481771.4872477,-79,21,-25
1739481771.5332477,-24,-95,-42
1739481771.5782475,33,-6,-34
1739481771.6242476,18,-44,43
1739481771.6702476,45,10,-67
1739481771.7152476,-39,31,38
1739481771.7612476,16,-4,-27
1739481771.8072476,29,14,-30
1739481771.8532476,49,-66,-5
1739481771.8982477,12,-213,-99
1739481771.9442475,-10,-151,-51
1739481771.9902475,-11,-71,0
1739481772.0352476,-20,-33,-1
1739481772.0812476,36,-34,-39
1739481772.1272476,-46,-71,-37
1739481772.1732476,46,-116,22
1739481772.2182477,-8,3,11
1739481772.2642477,-49,-65,-66
1739481772.3102477,-38,21,-18
1739481772.3552475,-19,-191,19
1739481772.4012475,12,-71,-23
1739481772.4472475,-23,-28,64
1739481772.4932475,-6,-36,-81
1739481772.5442476,-14,5,28
1739481772.5902476,13,-98,-90
1739481772.6352477,52,18,-124
1739481772.6812477,20,-122,-72
1739481772.7272477,119,-8,47
1739481772.7732477,128,-100,33
1739481772.8182476,64,104,50
1739481772.8642476,4,-15,-102
1739481772.9102476,-17,14,-52
1739481772.9552476,18,0,-89
1739481773.0012476,-2,-44,-24
1739481773.0472476,-43,-9,67
1739481773.0932477,-13,-85,55
1739481773.1382475,14,-54,21
1739481773.1842475,40,82,-74
1739481773.2302475,-3,69,-5
1739481773.2752476,57,-78,3
1739481773.3212476,-49,0,49
1739481773.3672476,44,-10,-68
1739481773.4132476,-36,-35,-98
1739481773.4582477,-32,-1,-84
1739481773.5042477,71,14,-47
1739481773.5502477,-83,-115,54
1739481773.5952475,13,-82,-44
1739481773.6412475,-57,-25,-31
1739481773.6872475,26,-8,54
1739481773.7332475,-6,43,-11
1739481773.7782476,-95,-7,-28
1739481773.8242476,37,-130,-54
1739481773.8702476,-96,-17,-20
1739481773.9152474,-50,123,58
1739481773.9612474,14,16,-8
1739481774.0072474,-23,27,108
1739481774.0532477,27,-86,-51
1739481774.0982475,52,-62,-18
1739481774.1442475,-55,27,31
1739481774.1902475,-46,-9,-34
1739481774.2352476,7,-46,-3
1739481774.2812476,21,16,-58
1739481774.3272476,-102,27,15
1739481774.3722477,31,-82,-89
1739481774.4182477,18,-102,-152
1739481774.4642477,104,-16,-1
1739481774.5102477,-8,-87,-8
1739481774.5552475,-4,57,0
1739481774.6012475,43,6,-47
1739481774.6472476,-20,-53,-78
1739481774.6932476,21,-174,-54
1739481774.7382476,-15,43,-88
1739481774.7842476,-40,-133,-37
1739481774.8302476,-35,-93,-17
1739481774.8752477,94,-10,37
1739481774.9212475,46,0,16
1739481774.9672475,-107,17,54
1739481775.0122476,-50,-55,-110
1739481775.0572476,-76,33,8
1739481775.1032476,19,54,-51
1739481775.1482477,44,-218,-10
1739481775.1942475,-44,-19,-58
1739481775.2402475,-37,-109,-96
1739481775.2862475,19,-50,-33
1739481775.3312476,-15,-71,-30
1739481775.3772476,1,-80,-41
1739481775.4232476,-16,-62,-58
1739481775.4682477,29,-30,-57
1739481775.5142477,50,109,-66
1739481775.5602477,34,-132,-72
1739481775.6062477,-29,-94,-12
1739481775.6512475,-46,45,79
1739481775.6972475,1,-18,-43
1739481775.7432475,85,-165,1
1739481775.7882476,4,-75,65
1739481775.8342476,5,15,-99
1739481775.8802476,-13,42,3
1739481775.9262476,-26,-1,-70
1739481775.9712474,-52,-71,-31
1739481776.0172474,84,-136,-48
1739481776.0632474,46,0,85
1739481776.1082475,-4,-80,-22
1739481776.1542475,-28,-85,-172
1739481776.2002475,16,-38,-92
1739481776.2462475,19,62,-77
1739481776.2912476,-62,-58,41
1739481776.3372476,40,-127,-19
1739481776.3832476,-49,64,49
1739481776.4282477,1,-72,11
1739481776.4742477,14,31,-55
1739481776.5202477,-78,-2,-44
1739481776.5662477,-14,16,0
1739481776.6112475,-26,82,-47
1739481776.6572475,-106,22,-21
1739481776.7032475,8,-9,-25
1739481776.7482476,42,-9,-107
1739481776.7942476,0,-90,-156
1739481776.8402476,-41,-75,-27
1739481776.8862476,35,-76,-72
1739481776.9312477,14,-34,-50
1739481776.9772477,-85,13,-136
1739481777.0232477,50,-62,-110
1739481777.0682476,-5,-129,-38
1739481777.1142476,-22,-17,-76
1739481777.1602476,-17,-23,36
1739481777.2062476,38,-19,-53
1739481777.2512476,-63,-56,-11
1739481777.2972476,-21,-108,-98
1739481777.3432477,9,-160,24
1739481777.3882475,50,-43,-38
1739481777.4342475,-57,-68,-84
1739481777.4802475,-3,-107,-78
1739481777.5262475,-55,-10,-21
1739481777.5712476,-49,-22,-82
1739481777.6172476,-52,104,-17
1739481777.6632476,13,-86,2
1739481777.7082477,-8,-58,67
1739481777.7542477,3,-55,-97
1739481777.8002477,-42,2,-36
1739481777.8462474,4,-151,71
1739481777.8912475,14,-63,-54
1739481777.9372475,69,7,-1
1739481777.9832475,10,27,-27
1739481778.0282476,53,-227,-31
1739481778.0742476,-63,-14,-38
1739481778.1202476,35,19,-70
1739481778.1662476,-52,0,3
1739481778.2112474,-33,51,-37
1739481778.2572474,-9,-111,0
1739481778.3032477,-10,-19,-7
1739481778.3482475,44,-73,-21
1739481778.3942475,95,-60,-2
1739481778.4402475,43,-26,12
1739481778.4862475,-19,1,104
1739481778.5312476,32,33,41
1739481778.5772476,-13,28,118
1739481778.6232476,-21,-75,-104
1739481778.6682477,-63,-70,40
1739481778.7142477,-19,-38,-141
1739481778.7602477,0,79,84
1739481778.8062477,3,-152,36
1739481778.8512475,65,-193,-70
1739481778.8972476,2,-36,-80
1739481778.9432476,-34,-28,15
1739481778.9882476,-39,-88,29
1739481779.0342476,3,-100,-17
1739481779.0802476,66,-63,-32
1739481779.1262476,-11,-86,-72
1739481779.1712475,15,-100,-162
1739481779.2172475,23,-100,16
1739481779.2632475,71,14,-16
1739481779.3082476,-50,-25,-42
1739481779.3542476,-42,-77,-123
1739481779.4002476,56,26,-31
1739481779.4462476,31,-154,-11
1739481779.4912477,8,27,-89
1739481779.5372477,1,-120,-28
1739481779.5832477,-31,-12,-95
1739481779.6282475,7,37,-127
1739481779.6742475,-70,-24,94
1739481779.7202475,28,-101,33
1739481779.7662475,-49,-128,56
1739481779.8112476,25,23,-138
1739481779.8572476,6,-76,-2
1739481779.9032476,-85,24,-2
1739481779.9482474,13,-5,-42
1739481779.9942474,-31,-88,-143
1739481780.0402474,5,73,184
1739481780.0862474,23,9,32
1739481780.1312475,-22,34,-25
1739481780.1772475,-54,46,46
1739481780.2232475,24,-45,-49
1739481780.2682476,6,-25,82
1739481780.3142476,18,-57,61
1739481780.3602476,-34,30,-22
1739481780.4062476,-101,-98,-88
1739481780.4512477,-44,-96,-35
1739481780.4972477,-26,-36,-34
1739481780.5432477,-27,-126,-13
1739481780.5882475,37,-25,-123
1739481780.6342475,-19,-34,10
1739481780.6802475,-50,-4,-15
1739481780.7262475,9,109,-111
1739481780.7712476,93,-9,-7
1739481780.8172476,-56,-140,-53
1739481780.8632476,30,-177,-44
1739481780.9082477,20,42,-72
1739481780.9542477,68,11,55
1739481781.0002477,1,-37,-131
1739481781.0462475,31,5,28
1739481781.0912476,29,147,100
1739481781.1372476,-25,-4,20
1739481781.1832476,45,-55,1
1739481781.2282476,20,-11,3
1739481781.2742476,83,61,49
1739481781.3202477,54,-83,-3
1739481781.3662477,18,-73,-35
1739481781.4112475,-106,-6,-83
1739481781.4572475,99,1,5
1739481781.5032475,8,27,-10
1739481781.5482476,-43,-48,60
1739481781.5942476,12,-215,73
1739481781.6402476,-36,26,32
1739481781.6862476,-121,12,-135
1739481781.7312477,56,-49,13
1739481781.7772477,67,-9,-19
1739481781.8232474,41,-153,128
1739481781.8682475,11,-6,2
1739481781.9142475,50,-61,-34
1739481781.9602475,-9,44,-82
1739481782.0062475,11,-71,50
1739481782.0512476,-93,-6,89
1739481782.0972476,49,-49,-58
1739481782.1432476,66,91,65
1739481782.1882474,86,-59,-23
1739481782.2342474,60,-35,15
1739481782.2802474,100,-19,11
1739481782.3262477,-31,-64,-148
1739481782.3712475,93,-89,-69
1739481782.4172475,-20,6,26
1739481782.4632475,58,91,-31
1739481782.5142477,17,-131,-76
1739481782.5602477,-30,4,-89
1739481782.6062477,18,89,-107
1739481782.6512475,-25,-10,-68
1739481782.6972475,21,-11,-74
1739481782.7432475,71,-3,-107
1739481782.7882476,62,-91,-50
1739481782.8342476,-2,-27,-47
1739481782.8802476,30,-33,-70
1739481782.9262476,-68,18,-94
1739481782.9712474,7,8,109
1739481783.0172474,-36,-80,-4
1739481783.0632474,-70,-40,17
1739481783.1082475,46,-15,-70
1739481783.1542475,-65,-22,-85
1739481783.2002475,30,-33,-37
1739481783.2462475,-62,4,-41
1739481783.2912476,28,-33,-9
1739481783.3372476,38,39,39
1739481783.3832476,-1,-52,-16
1739481783.4282477,7,-105,82
1739481783.4742477,7,-65,-83
1739481783.5202477,-19,52,-23
1739481783.5662477,64,15,-82
1739481783.6112475,19,49,83
1739481783.6572475,-59,-70,-31
1739481783.7032475,-1,23,-29
1739481783.7482476,-18,124,-104
1739481783.7942476,-52,-8,-66
1739481783.8402476,94,21,-31
1739481783.8862476,-54,-12,9
1739481783.9312477,73,-75,-87
1739481783.9772477,-27,-32,-47
1739481784.0232477,-20,-84,-79
1739481784.0682476,33,89,-16
1739481784.1142476,37,-63,-151
1739481784.1602476,51,-35,56
1739481784.2062476,16,-57,5
1739481784.2512476,-116,2,14
1739481784.2972476,-6,-6,-83
1739481784.3432477,0,-164,-66
1739481784.3882475,30,-13,41
1739481784.4342475,-57,-10,70
1739481784.4802475,-30,-64,10
1739481784.5262475,-37,46,37
1739481784.5712476,-2,-111,-45
1739481784.6172476,49,-91,-110
1739481784.6632476,-63,-58,21
1739481784.7082477,2,-33,-11
1739481784.7542477,40,69,-89
1739481784.8002477,20,-7,-48
1739481784.8462474,-24,42,-12
1739481784.8912475,3,-15,-40
1739481784.9372475,2,38,-73
1739481784.9832475,-11,18,-56
1739481785.0282476,-89,-164,1
1739481785.0742476,22,-11,-51
1739481785.1202476,-44,-124,50
1739481785.1662476,17,19,-109
1739481785.2112474,23,-35,106
1739481785.2572474,-18,30,-120
1739481785.3032477,51,-113,0
1739481785.3482475,-18,-82,16
1739481785.3942475,-17,-54,-14
1739481785.4402475,-2,-82,82
1739481785.4862475,48,-35,-119
1739481785.5312476,-8,-94,-16
1739481785.5772476,44,-59,-27
1739481785.6232476,-16,-194,-40
1739481785.6682477,41,17,-30
1739481785.7142477,-58,26,-48
1739481785.7602477,23,-63,51
1739481785.8062477,9,77,74
1739481785.8512475,-107,-156,-177
1739481785.8972476,25,-143,-40
1739481785.9432476,-26,-106,10
1739481785.9882476,-42,-56,-48
1739481786.0342476,-9,-166,-25
1739481786.0802476,-48,4,-17
1739481786.1262476,92,41,52
1739481786.1712475,-32,-46,-4
1739481786.2172475,-11,-4,-85
1739481786.2632475,3,-55,-117
1739481786.3082476,30,51,-137
1739481786.3542476,32,-127,-169
1739481786.4002476,67,71,-45
1739481786.4462476,13,43,67
1739481786.4912477,-29,-154,-47
1739481786.5372477,-27,-80,-62
1739481786.5832477,-58,-32,-128
1739481786.6282475,-16,-48,15
1739481786.6742475,-58,-36,-28
1739481786.7202475,-7,-6,-8
1739481786.7662475,-29,-158,95
1739481786.8112476,42,43,-17
1739481786.8572476,-35,-68,-56
1739481786.9032476,-17,-118,60
1739481786.9482474,-31,-30,16
1739481786.9942474,4,-66,28
1739481787.0402474,1,-33,-27
1739481787.0862474,57,57,-44
1739481787.1312475,-27,-12,-41
1739481787.1772475,40,-161,-39
1739481787.2232475,46,-117,-6
1739481787.2682476,13,-7,-13
1739481787.3142476,-1,-109,-38
1739481787.3602476,13,37,-178
1739481787.4062476,18,-185,0
1739481787.4512477,26,31,30
1739481787.4972477,35,-89,-89
1739481787.5432477,69,7,-51
1739481787.5882475,23,-57,-24
1739481787.6342475,-52,-66,14
1739481787.6802475,-10,-72,-93
1739481787.7262475,36,105,53
1739481787.7712476,40,41,4
1739481787.8172476,-41,16,30
1739481787.8632476,-33,72,-37
1739481787.9082477,2,14,-7
1739481787.9542477,-89,-58,-8
1739481788.0002477,19,-149,-169
1739481788.0462475,-14,-10,29
1739481788.0912476,3,14,27
1739481788.1372476,32,-7,47
1739481788.1832476,-55,-102,9
1739481788.2282476,2,-156,-48
1739481788.2742476,19,-9,-75
1739481788.3202477,-16,-100,-64
1739481788.3662477,-15,54,-82
1739481788.4112475,21,53,-2
1739481788.4572475,58,1,-28
1739481788.5032475,-17,-16,-1
1739481788.5482476,12,-51,-20
1739481788.5942476,34,-79,-1
1739481788.6402476,2,53,-60
1739481788.6862476,46,-7,-75
1739481788.7312477,-93,-22,-7
1739481788.7772477,47,10,1
1739481788.8232474,7,-56,-76
1739481788.8682475,-21,-44,-24
1739481788.9142475,43,-33,-27
1739481788.9602475,-52,-52,-24
1739481789.0062475,20,-101,-1
1739481789.0512476,111,-27,-63
1739481789.0972476,55,-49,-31
1739481789.1432476,68,-2,-140
1739481789.1882474,59,-24,30
1739481789.2342474,-11,-97,-1
1739481789.2802474,-70,-153,-201
1739481789.3262477,-8,-113,9
1739481789.3712475,34,-110,-166
1739481789.4172475,-16,-9,-118
1739481789.4632475,30,-64,34
1739481789.5082476,20,-82,-132
1739481789.5542476,-110,-7,17
1739481789.6002476,-84,15,-99
1739481789.6462476,-35,-113,3
1739481789.6912477,73,-96,-89
1739481789.7372477,-3,-1,-27
1739481789.7832477,-9,-129,-111
1739481789.8282475,8,84,-13
1739481789.8742476,-88,-149,-14
1739481789.9202476,-3,-23,61
1739481789.9662476,-65,17,-68
1739481790.0112476,-35,13,-30
1739481790.0572476,-57,-1,129
1739481790.1032476,5,-65,-99
1739481790.1482477,-59,3,7
1739481790.1942475,-53,85,-18
1739481790.2402475,-61,-39,-22
1739481790.2862475,-1,-13,-89
1739481790.3312476,-56,-93,-67
1739481790.3772476,44,-70,12
1739481790.4232476,37,50,-74
1739481790.4682477,101,-14,-7
1739481790.5142477,10,-180,-28
1739481790.5602477,28,-74,-61
1739481790.6062477,29,-102,-106
1739481790.6512475,39,-62,-90
1739481790.6972475,39,-40,-77
1739481790.7432475,-30,-130,43
1739481790.7882476,-10,-69,-97
1739481790.8342476,10,-100,-18
1739481790.8802476,-21,-71,-121
1739481790.9262476,49,-42,-85
1739481790.9712474,-25,-75,-98
1739481791.0172474,44,-178,-13
1739481791.0632474,89,-76,-86
1739481791.1082475,57,-8,11
1739481791.1542475,-23,-39,-31
1739481791.2002475,-17,-190,65
1739481791.2462475,-27,-63,-120
1739481791.2912476,8,-26,-31
1739481791.3372476,-124,7,-39
1739481791.3832476,-38,-63,-28
1739481791.4282477,36,58,-109
1739481791.4742477,8,-8,0
1739481791.5202477,-59,-63,-30
1739481791.5662477,43,-40,27
1739481791.6112475,39,-114,-23
1739481791.6572475,-53,21,76
1739481791.7032475,1,-143,-17
1739481791.7482476,-41,-65,66
1739481791.7942476,22,-124,-66
1739481791.8402476,-56,-77,96
1739481791.8862476,23,-86,-21
1739481791.9312477,-56,-61,-4
1739481791.9772477,-11,-31,-65
1739481792.0232477,-29,-37,-24
1739481792.0682476,7,-4,-11
1739481792.1142476,12,-164,-85
1739481792.1602476,26,-56,0
1739481792.2062476,96,-92,-131
1739481792.2512476,-12,52,-13
1739481792.2972476,62,-38,-15
1739481792.3432477,0,-169,-14
1739481792.3882475,-21,-13,29
1739481792.4342475,-107,-31,0
1739481792.4802475,68,-28,-16
1739481792.5312476,53,0,-83
1739481792.5772476,45,-2,-45
1739481792.6232476,-64,-71,-39
1739481792.6682477,-56,1,48
1739481792.7142477,-3,26,-185
1739481792.7602477,-10,0,-138
1739481792.8062477,0,-13,-23
1739481792.8512475,18,40,-37
1739481792.8972476,15,38,-37
1739481792.9432476,35,-16,-68
1739481792.9882476,8,24,-7
1739481793.0342476,13,-74,-60
1739481793.0802476,146,-6,-42
1739481793.1262476,70,-106,-43
1739481793.1712475,78,-44,-48
1739481793.2172475,56,-186,-131
1739481793.2632475,5,-83,23
1739481793.3082476,45,29,9
1739481793.3542476,-17,-26,-8
1739481793.4002476,121,25,-78
1739481793.4462476,-73,22,26
1739481793.4912477,46,63,3
1739481793.5372477,26,-120,-88
1739481793.5832477,-1,-88,4
1739481793.6282475,4,-21,2
1739481793.6742475,77,-89,-111
1739481793.7202475,36,-139,14
1739481793.7662475,-34,49,0
1739481793.8112476,46,80,94
1739481793.8572476,44,-30,-53
1739481793.9032476,-10,34,35
1739481793.9482474,-26,-73,-139
1739481793.9942474,-20,-64,79
1739481794.0402474,15,-148,-10
1739481794.0862474,75,-120,-43
1739481794.1312475,32,-146,-14
1739481794.1772475,6,-166,-97
1739481794.2232475,-37,-69,18
1739481794.2682476,-12,-31,-21
1739481794.3142476,-26,95,-15
1739481794.3602476,46,-126,-116
1739481794.4062476,-35,-185,-259
1739481794.4512477,-37,-35,-194
1739481794.4972477,-11,-57,-96
1739481794.5432477,-29,-59,21
1739481794.5882475,-37,-11,9
1739481794.6342475,34,-50,-107
1739481794.6802475,-46,-57,-28
1739481794.7262475,-2,-21,132
1739481794.7712476,-30,-51,-44
1739481794.8172476,-24,-17,-88
1739481794.8632476,3,-60,-14
1739481794.9082477,-40,-43,-16
1739481794.9542477,-33,-27,-45
1739481795.0002477,43,-12,-63
1739481795.0462475,-29,-17,-67
1739481795.0912476,70,-26,24
1739481795.1372476,-53,39,-22
1739481795.1832476,-68,-51,-32
1739481795.2282476,32,-36,-56
1739481795.2742476,37,-128,-142
1739481795.3202477,7,-60,-11
1739481795.3662477,18,-34,71
1739481795.4112475,-63,-45,-48
1739481795.4572475,2,-112,57
1739481795.5032475,10,-86,-9
1739481795.5482476,42,20,-32
1739481795.5942476,33,-104,-89
1739481795.6402476,-16,-89,-49
1739481795.6862476,9,-52,6
1739481795.7312477,76,-146,-47
1739481795.7772477,71,32,-15
1739481795.8232474,20,-116,36
1739481795.8682475,-7,97,-4
1739481795.9142475,-47,-23,-31
1739481795.9602475,-97,-35,-96
1739481796.0062475,-17,-187,107
1739481796.0512476,30,84,-58
1739481796.0972476,-66,-85,-25
1739481796.1432476,69,-12,-82
1739481796.1882474,-27,39,17
1739481796.2342474,-45,-187,-91
1739481796.2802474,-40,-29,-41
1739481796.3262477,-48,-47,-65
1739481796.3712475,6,-30,-14
1739481796.4172475,-39,-11,-85
1739481796.4632475,-48,-11,6
1739481796.5082476,40,-6,0
1739481796.5542476,-6,-17,-82
1739481796.6002476,-71,-9,42
1739481796.6462476,-113,-123,-55
1739481796.6912477,-72,-19,45
1739481796.7372477,72,-130,67
1739481796.7832477,-19,23,87
1739481796.8282475,-59,43,-50
1739481796.8742476,-63,13,-5
1739481796.9202476,66,-134,-39
1739481796.9662476,3,-103,-45
1739481797.0112476,-114,13,101
1739481797.0572476,-65,19,-15
1739481797.1032476,14,22,-71
1739481797.1482477,29,-84,90
1739481797.1942475,0,31,-72
1739481797.2402475,-14,7,-45
1739481797.2862475,33,-101,43
1739481797.3312476,-51,-9,77
1739481797.3772476,27,18,-71
1739481797.4232476,-19,-65,-60
1739481797.4682477,0,-14,-108
1739481797.5142477,83,-70,-66
1739481797.5602477,-4,-52,-19
1739481797.6062477,6,44,-8
1739481797.6512475,55,-30,16
1739481797.6972475,-29,-113,-49
1739481797.7432475,-79,27,-13
1739481797.7882476,14,-33,-58
1739481797.8342476,-37,-25,-97
1739481797.8802476,5,-47,-33
1739481797.9262476,33,-38,-35
1739481797.9712474,51,-18,2
1739481798.0172474,68,-54,-18
1739481798.0632474,-60,9,93
1739481798.1082475,19,-90,-29
1739481798.1542475,-54,-147,-72
1739481798.2002475,6,-39,32
1739481798.2462475,-81,-47,129
1739481798.2912476,-18,-37,101
1739481798.3372476,51,-60,10
1739481798.3832476,80,-66,12
1739481798.4282477,-94,119,15
1739481798.4742477,-71,65,-8
1739481798.5202477,-5,40,-93
1739481798.5662477,-20,-127,-13
1739481798.6112475,59,-6,-112
1739481798.6572475,-70,51,55
1739481798.7032475,-96,-13,-28
1739481798.7482476,78,-2,-4
1739481798.7942476,-17,27,31
1739481798.8402476,-71,-23,-86
1739481798.8862476,-4,-78,40
1739481798.9312477,115,-60,-198
1739481798.9772477,37,-78,-66
1739481799.0232477,-37,21,-4
1739481799.0682476,9,60,-68
1739481799.1142476,65,22,20
1739481799.1602476,-36,51,-33
1739481799.2062476,72,52,33
1739481799.2512476,-65,-11,-90
1739481799.2972476,0,-91,-65
1739481799.3432477,67,-40,-61
1739481799.3882475,16,-124,0
1739481799.4342475,-9,-85,15
1739481799.4802475,-37,-27,-32
1739481799.5262475,24,-66,-6
1739481799.5712476,-21,31,23
1739481799.6172476,-33,-67,-39
1739481799.6632476,38,70,-29
1739481799.7082477,7,0,-9
1739481799.7542477,-12,-35,-98
1739481799.8002477,-24,45,-23
1739481799.8462474,-96,-23,-134
1739481799.8912475,27,-46,-126
1739481799.9372475,17,-84,-77
1739481799.9832475,-60,-113,-157
1739481800.0282476,-33,9,-95
1739481800.0742476,55,-64,-77
1739481800.1202476,-40,25,-14
1739481800.1662476,-90,-167,-14
1739481800.2112474,54,-44,-51
1739481800.2572474,49,46,-60
1739481800.3032477,11,-130,-14
1739481800.3482475,26,2,-36
1739481800.3942475,-1,-2,-35
1739481800.4402475,0,-106,-13
1739481800.4862475,-7,-59,-125
1739481800.5312476,4,-12,61
1739481800.5772476,86,-12,-15
1739481800.6232476,28,4,-31
1739481800.6682477,-76,-57,-78
1739481800.7142477,59,-88,-106
1739481800.7602477,-6,73,-157
1739481800.8062477,13,-56,2
1739481800.8512475,33,-32,-13
1739481800.8972476,50,-80,32
1739481800.9432476,20,74,-47
1739481800.9882476,13,-56,-71
1739481801.0342476,-34,-171,46
1739481801.0802476,-25,-91,39
1739481801.1262476,-28,51,-8
1739481801.1712475,-31,-99,-41
1739481801.2172475,-54,-139,13
1739481801.2632475,21,50,144
1739481801.3082476,4,-62,10
1739481801.3542476,48,-32,25
1739481801.4002476,-2,-35,-14
1739481801.4462476,-58,-27,-15
1739481801.4912477,-14,-3,-20
1739481801.5372477,18,-32,-27
1739481801.5832477,-17,29,6
1739481801.6282475,-40,-95,13
1739481801.6742475,40,-26,19
1739481801.7202475,5,-95,-8
1739481801.7662475,17,-6,-36
1739481801.8112476,-5,-50,-53
1739481801.8572476,-61,-5,-19
1739481801.9032476,25,76,13
1739481801.9482474,-7,-132,69
1739481801.9942474,74,-79,87
1739481802.0402474,72,93,-82
1739481802.0862474,44,-165,-189
1739481802.1312475,49,-9,0
1739481802.1772475,102,-21,-31
1739481802.2232475,-13,-23,-46
1739481802.2682476,57,-25,22
1739481802.3142476,28,117,-58
1739481802.3602476,-8,26,69
1739481802.4062476,-31,81,37
1739481802.4512477,41,-30,10
1739481802.4972477,-69,-136,149
1739481802.5482476,-48,-48,53
1739481802.5942476,-24,-56,55
1739481802.6402476,4,50,5
1739481802.6862476,-18,-9,-51
1739481802.7312477,4,61,-60
1739481802.7772477,-8,-104,-209
1739481802.8232474,20,-96,-28
1739481802.8682475,-76,6,-192
1739481802.9142475,-15,-147,90
1739481802.9602475,3,-52,-48
1739481803.0062475,-44,10,-112
1739481803.0512476,93,-123,38
1739481803.0972476,17,-42,4
1739481803.1432476,-38,-10,127
1739481803.1882474,44,-27,70
1739481803.2342474,26,-19,98
1739481803.2802474,-100,-54,-8
1739481803.3262477,2,-94,-1
1739481803.3712475,-41,40,-71
1739481803.4172475,41,-63,23
1739481803.4632475,-42,-2,29
1739481803.5082476,2,-74,52
1739481803.5542476,2,-41,36
1739481803.6002476,9,-7,0
1739481803.6462476,35,-31,-83
1739481803.6912477,-51,-56,31
1739481803.7372477,70,104,-42
1739481803.7832477,0,-74,-109
1739481803.8282475,-18,-195,78
1739481803.8742476,38,-88,123
1739481803.9202476,16,36,7
1739481803.9662476,18,38,-107
1739481804.0112476,8,-61,0
1739481804.0572476,49,65,-51
1739481804.1032476,25,-128,-62
1739481804.1482477,-79,-64,0
1739481804.1942475,-6,-84,-144
1739481804.2402475,26,5,-74
1739481804.2862475,-11,-3,106
1739481804.3312476,27,-82,36
1739481804.3772476,-65,-54,-21
1739481804.4232476,-18,8,-22
1739481804.4682477,-25,-40,-10
1739481804.5142477,89,-32,-116
1739481804.5602477,97,6,14
1739481804.6062477,10,20,-63
1739481804.6512475,48,-98,39
1739481804.6972475,35,-76,-83
1739481804.7432475,38,-93,-12
1739481804.7882476,62,89,11
1739481804.8342476,-43,-75,-9
1739481804.8802476,-47,-23,17
1739481804.9262476,14,-36,-55
1739481804.9712474,-6,-28,117
1739481805.0172474,0,-18,0
1739481805.0632474,73,34,-62
1739481805.1082475,112,-26,34
1739481805.1542475,22,-154,1
1739481805.2002475,50,-185,-252
1739481805.2462475,39,15,12
1739481805.2912476,2,34,-41
1739481805.3372476,17,14,24
1739481805.3832476,2,-42,-41
1739481805.4282477,6,-82,-5
1739481805.4742477,61,9,-86
1739481805.5202477,51,-73,39
1739481805.5662477,-41,-12,-166
1739481805.6112475,81,65,23
1739481805.6572475,-1,-22,50
1739481805.7032475,-33,23,39
1739481805.7482476,32,-128,-158
1739481805.7942476,-51,-125,-76
1739481805.8402476,-9,-22,6
1739481805.8862476,-15,2,-74
1739481805.9312477,6,123,-81
1739481805.9772477,-30,-195,0
1739481806.0232477,61,53,12
1739481806.0682476,17,-87,-8
1739481806.1142476,40,-129,-22
1739481806.1602476,-10,-107,-29
1739481806.2062476,46,-5,-136
1739481806.2512476,-36,108,-66
1739481806.2972476,86,-11,-56
1739481806.3432477,38,-37,-25
1739481806.3882475,-51,-122,42
1739481806.4342475,13,-144,-74
1739481806.4802475,-22,-18,-48
1739481806.5262475,-38,-62,-126
1739481806.5712476,16,-33,103
1739481806.6172476,21,-59,-73
1739481806.6632476,80,-3,-98
1739481806.7082477,37,-183,1
1739481806.7542477,-32,-118,-133
1739481806.8002477,-97,-16,-30
1739481806.8452475,-48,-128,11
1739481806.8912475,52,49,-100
1739481806.9372475,23,1,59
1739481806.9832475,87,-35,-3
1739481807.0282476,108,-21,68
1739481807.0742476,8,-47,-29
1739481807.1202476,-2,-156,-58
1739481807.1662476,156,-37,-146
1739481807.2112474,-14,16,-41
1739481807.2572474,10,-7,17
1739481807.3032477,-26,-116,-68
1739481807.3482475,41,11,25
1739481807.3942475,14,-109,2
1739481807.4402475,12,-33,-28
1739481807.4852476,64,121,-13
1739481807.5312476,-64,-38,32
1739481807.5772476,-20,-172,-81
1739481807.6232476,-77,-46,-120
1739481807.6682477,-8,-49,11
1739481807.7142477,40,-25,-71
1739481807.7602477,-34,8,51
1739481807.8052475,81,-59,125
1739481807.8512475,13,9,-217
1739481807.8972476,12,-60,-67
1739481807.9432476,0,-17,-115
1739481807.9882476,7,-150,-39
1739481808.0342476,-36,-56,-78
1739481808.0802476,19,-71,16
1739481808.1252477,111,-7,69
1739481808.1712475,44,-87,0
1739481808.2172475,-7,32,11
1739481808.2632475,24,25,-3
1739481808.3082476,11,29,-85
1739481808.3542476,19,-95,-68
1739481808.4002476,-17,-106,-48
1739481808.4452477,36,-5,-23
1739481808.4912477,-17,54,-102
1739481808.5372477,-7,-65,-66
1739481808.5832477,-7,-50,-57
1739481808.6282475,-22,-166,53
1739481808.6742475,23,-70,-60
1739481808.7202475,-54,-117,0
1739481808.7652476,35,0,20
1739481808.8112476,71,-73,-7
1739481808.8572476,39,7,-19
1739481808.9032476,-15,-197,-49
1739481808.9482474,-92,-66,-15
1739481808.9942474,-3,-16,-46
1739481809.0402474,-6,-89,-75
1739481809.0852475,76,15,-15
1739481809.1312475,50,-43,-110
1739481809.1772475,-23,18,52
1739481809.2232475,31,-37,-122
1739481809.2682476,-45,-2,-110
1739481809.3142476,36,-123,-23
1739481809.3602476,-43,8,29
1739481809.4052474,4,-79,-44
1739481809.4512477,-19,-98,80
1739481809.4972477,-16,-74,128
1739481809.5432477,-18,-24,-74
1739481809.5882475,-11,88,-8
1739481809.6342475,-32,-46,-76
1739481809.6802475,37,7,-63
1739481809.7252476,5,-1,-120
1739481809.7712476,-60,-144,42
1739481809.8172476,44,-9,0
1739481809.8632476,76,-93,-111
1739481809.9082477,-22,76,-95
1739481809.9542477,-1,11,-125
1739481810.0002477,-5,86,38
1739481810.0452476,-69,-160,-59
1739481810.0912476,-22,4,72
1739481810.1372476,-36,-58,-106
1739481810.1832476,72,-1,-65
1739481810.2282476,43,-79,0
1739481810.2742476,42,-1,0
1739481810.3202477,12,-59,-12
1739481810.3652475,75,-43,-78
1739481810.4112475,-14,32,-19
1739481810.4572475,11,-74,-9
1739481810.5032475,37,-61,-40
1739481810.5482476,-178,-112,-54
1739481810.5942476,84,-33,96
1739481810.6402476,45,16,19
1739481810.6852477,-44,-118,-53
1739481810.7312477,34,-77,-79
1739481810.7772477,28,-39,46
1739481810.8232474,13,-62,-203
1739481810.8682475,35,1,37
1739481810.9142475,42,33,-9
1739481810.9602475,14,-59,25
1739481811.0052476,44,-23,41
1739481811.0512476,-27,4,-7
1739481811.0972476,-8,-9,57
1739481811.1432476,19,51,9
1739481811.1882474,22,-9,-72
1739481811.2342474,10,-155,-56
1739481811.2802474,21,-95,-18
1739481811.3252475,-43,-120,-35
1739481811.3712475,27,-99,81
1739481811.4172475,-21,-70,-36
1739481811.4632475,25,-39,-83
1739481811.5082476,-7,-18,21
1739481811.5542476,36,-11,-6
1739481811.6002476,-7,30,-54
1739481811.6452477,-44,-70,-147
1739481811.6912477,43,-93,1
1739481811.7372477,53,61,-19
1739481811.7832477,-62,-38,-32
1739481811.8282475,-7,-70,38
1739481811.8742476,-50,-40,-94
1739481811.9202476,13,-16,-64
1739481811.9652476,3,-144,28
1739481812.0112476,2,-5,-141
1739481812.0572476,0,-135,3
1739481812.1032476,36,-33,-124
1739481812.1482477,20,81,-131
1739481812.1942475,-6,-104,-22
1739481812.2402475,-2,-54,-55
1739481812.2852476,-11,-12,-20
1739481812.3312476,15,-49,65
1739481812.3772476,-64,18,-29
1739481812.4232476,50,35,1
1739481812.4682477,66,-41,-73
1739481812.5142477,-12,-56,167
1739481812.5652475,-37,-40,-5
1739481812.6112475,-30,40,-71
1739481812.6572475,14,105,-50
1739481812.7032475,43,-83,57
1739481812.7482476,-39,-36,162
1739481812.7942476,0,193,-94
1739481812.8402476,-14,84,36
1739481812.8852477,-121,-48,-18
1739481812.9312477,-48,-56,-109
1739481812.9772477,11,-31,-102
1739481813.0232477,-28,-134,-36
1739481813.0682476,91,-43,11
1739481813.1142476,-34,-86,-69
1739481813.1602476,-6,-57,63
1739481813.2052476,88,-37,-14
1739481813.2512476,58,-3,-30
1739481813.2972476,88,-83,-108
1739481813.3432477,4,47,18
1739481813.3882475,27,-63,-70
1739481813.4342475,-70,-94,-60
1739481813.4802475,28,-123,74
1739481813.5252476,15,-25,-84
1739481813.5712476,108,-35,-88
1739481813.6172476,56,-15,52
1739481813.6632476,-77,126,-33
1739481813.7082477,55,47,-59
1739481813.7542477,-30,113,25
1739481813.8002477,-12,-116,-12
1739481813.8452475,55,-125,-66
1739481813.8912475,18,-21,-32
1739481813.9372475,33,5,-49
1739481813.9832475,-21,130,48
1739481814.0282476,3,-65,21
1739481814.0742476,-30,22,18
1739481814.1202476,39,-107,-25
1739481814.1652474,65,-5,-74
1739481814.2112474,-116,-116,-105
1739481814.2572474,65,-61,31
1739481814.3032477,-70,-100,-58
1739481814.3482475,-4,-119,-185
1739481814.3942475,-32,-7,-42
1739481814.4402475,3,-13,-170
1739481814.4852476,28,-25,-94
1739481814.5312476,22,-57,-139
1739481814.5772476,-37,-74,-71
1739481814.6232476,-23,78,-119
1739481814.6682477,53,37,-1
1739481814.7142477,-13,-80,-74
1739481814.7602477,-12,73,-70
1739481814.8052475,32,5,-35
1739481814.8512475,-61,-56,55
1739481814.8972476,11,-11,-59
1739481814.9432476,-23,40,186
1739481814.9882476,14,-73,-5
1739481815.0342476,36,45,16
1739481815.0802476,50,-115,-44
1739481815.1252477,12,107,-102
1739481815.1712475,8,-33,-125
1739481815.2172475,85,-39,2
1739481815.2632475,-2,-161,-169
1739481815.3082476,56,-53,-77
1739481815.3542476,97,-59,-58
1739481815.4002476,39,-85,-45
1739481815.4452477,24,-125,-5
1739481815.4912477,8,-48,-5
1739481815.5372477,-46,0,-26
1739481815.5812476,-4,-13,-26
1739481815.6272476,-24,8,-43
1739481815.6732476,-1,-108,-56
1739481815.7192476,26,-25,88
1739481815.7642477,-74,0,17
1739481815.8102477,-41,14,-107
1739481815.8562477,-24,-62,14
1739481815.9012475,70,19,-4
1739481815.9472475,-43,-50,-54
1739481815.9932475,5,-113,22
1739481816.0392475,-58,-12,-38
1739481816.0842476,-11,-64,18
1739481816.1302476,58,-81,-26
1739481816.1762476,14,-111,-72
1739481816.2212474,5,-144,-22
1739481816.2672474,-82,-62,-13
1739481816.3132474,-26,-12,-38
1739481816.3592474,-23,-86,29
1739481816.4042475,-9,14,-103
1739481816.4502475,-25,-46,50
1739481816.4962475,-74,102,-147
1739481816.5412476,23,-55,41
1739481816.5872476,42,-93,-23
1739481816.6332476,-33,-148,38
1739481816.6792476,9,-53,-58
1739481816.7242477,47,-31,18
1739481816.7702477,-39,-126,-72
1739481816.8162477,-83,12,9
1739481816.8612475,69,-19,7
1739481816.9072475,51,-11,-154
1739481816.9532475,10,-17,4
1739481816.9992476,56,-43,-38
1739481817.0442476,4,-113,-6
1739481817.0902476,-66,-86,16
1739481817.1362476,-6,-93,66
1739481817.1812477,-13,-32,-113
1739481817.2272477,8,-13,-178
1739481817.2732477,-4,0,-9
1739481817.3192475,-14,22,-73
1739481817.3642476,7,-48,-12
1739481817.4102476,-5,0,32
1739481817.4562476,-43,-88,-48
1739481817.5012476,16,-37,-52
1739481817.5472476,-18,-116,-116
1739481817.5932477,59,-79,-56
1739481817.6392477,84,-27,9
1739481817.6842475,3,-35,-32
1739481817.7302475,17,-59,-120
1739481817.7762475,-8,45,-56
1739481817.8212476,-65,-60,-10
1739481817.8672476,-102,-6,-81
1739481817.9132476,36,-97,-50
1739481817.9592476,-51,-66,-96
1739481818.0042477,-21,92,-37
1739481818.0502477,-5,-100,30
1739481818.0962474,42,-133,-10
1739481818.1412475,68,-37,-41
1739481818.1872475,-60,-14,91
1739481818.2332475,-15,-150,-13
1739481818.2792475,17,9,-16
1739481818.3242476,26,97,84
1739481818.3702476,52,-61,-21
1739481818.4162476,9,-68,85
1739481818.4612474,29,69,-127
1739481818.5072474,16,59,-152
1739481818.5532477,-25,98,-84
1739481818.5992477,89,-1,-48
1739481818.6442475,-85,-32,13
1739481818.6902475,-31,-6,-93
1739481818.7362475,-3,-87,-23
1739481818.7812476,6,-108,58
1739481818.8272476,-2,76,-45
1739481818.8732476,-1,-59,42
1739481818.9192476,-32,-12,-5
1739481818.9642477,-3,-32,-53
1739481819.0102477,72,-53,-38
1739481819.0562477,3,-58,45
1739481819.1012475,-26,-66,-54
1739481819.1472476,2,-11,-115
1739481819.1932476,27,-91,-48
1739481819.2392476,-62,82,-44
1739481819.2842476,48,-45,-12
1739481819.3302476,-51,124,-8
1739481819.3762476,-22,-52,-11
1739481819.4212475,0,-134,-25
1739481819.4672475,5,-65,-35
1739481819.5132475,-71,-66,-53
1739481819.5592475,43,33,120
1739481819.6042476,89,-87,-38
1739481819.6502476,0,63,-12
1739481819.6962476,34,35,30
1739481819.7412477,-21,18,-136
1739481819.7872477,-43,102,-102
1739481819.8332477,-39,-106,107
1739481819.8792477,47,-62,-34
1739481819.9242475,-27,-27,-34
1739481819.9702475,34,36,6
1739481820.0162475,32,-32,-54
1739481820.0612476,-24,16,-13
1739481820.1072476,-37,31,-59
1739481820.1532476,-23,-25,-62
1739481820.1992476,-48,51,1
1739481820.2442474,0,56,60
1739481820.2902474,-18,67,22
1739481820.3362474,-13,25,-22
1739481820.3812475,-19,-13,-26
1739481820.4272475,-5,-87,-72
1739481820.4732475,-48,-29,-111
1739481820.5192475,56,-64,43
1739481820.5642476,31,-64,53
1739481820.6102476,6,3,-25
1739481820.6562476,-5,-42,6
1739481820.7012477,14,54,107
1739481820.7472477,42,22,-136
1739481820.7932477,8,-120,-59
1739481820.8392477,20,-94,-57
1739481820.8842475,-45,5,8
1739481820.9302475,-8,0,-38
1739481820.9762475,90,18,-28
1739481821.0212476,-37,-39,-7
1739481821.0672476,47,-20,-25
1739481821.1132476,63,28,-7
1739481821.1592476,4,-102,56
1739481821.2042477,-66,-59,-59
1739481821.2502477,-37,21,43
1739481821.2962475,-1,23,-159
1739481821.3412476,69,-16,2
1739481821.3872476,65,74,-122
1739481821.4332476,43,-52,90
1739481821.4792476,-32,-99,-15
1739481821.5242476,47,-86,-127
1739481821.5702477,-61,-69,-29
1739481821.6162477,1,-27,-82
1739481821.6612475,-25,-137,-73
1739481821.7072475,29,70,-50
1739481821.7532475,-15,-45,159
1739481821.7992475,34,-62,-54
1739481821.8442476,36,-24,-20
1739481821.8902476,-5,-133,14
1739481821.9362476,-55,75,-19
1739481821.9812477,48,-18,-125
1739481822.0272477,6,-106,25
1739481822.0732474,-4,-27,-18
1739481822.1192474,-68,79,-60
1739481822.1642475,-35,-3,-27
1739481822.2102475,-59,79,-14
1739481822.2562475,58,-66,33
1739481822.3012476,59,-24,-48
1739481822.3472476,68,114,-38
1739481822.3932476,23,-76,-132
1739481822.4392476,37,-22,-85
1739481822.4842474,16,-24,-2
1739481822.5302474,-23,-93,-103
1739481822.5812476,53,40,-73
1739481822.6272476,-16,-7,214
1739481822.6732476,57,-86,-33
1739481822.7192476,9,-140,-14
1739481822.7642477,25,-33,-56
1739481822.8102477,106,-64,-7
1739481822.8562477,83,-28,-66
1739481822.9012475,23,-18,-68
1739481822.9472475,85,54,-113
1739481822.9932475,31,-41,26
1739481823.0392475,-64,-91,-81
1739481823.0842476,-17,-39,-82
1739481823.1302476,55,-30,-18
1739481823.1762476,46,-78,71
1739481823.2212474,-25,-87,-34
1739481823.2672474,-15,-73,-59
1739481823.3132474,-23,31,-23
1739481823.3592474,-61,-21,25
1739481823.4042475,47,-104,84
1739481823.4502475,89,4,35
1739481823.4962475,58,-88,-124
1739481823.5412476,20,-126,-48
1739481823.5872476,-87,-53,-118
1739481823.6332476,-85,-109,-91
1739481823.6792476,7,146,-77
1739481823.7242477,-85,51,-7
1739481823.7702477,-20,79,-30
1739481823.8162477,-55,-95,9
1739481823.8612475,51,114,-62
1739481823.9072475,-19,-107,54
1739481823.9532475,-124,-31,-33
1739481823.9992476,-26,-9,-83
1739481824.0442476,-2,41,12
1739481824.0902476,31,0,-1
1739481824.1362476,20,14,-94
1739481824.1812477,-49,-133,3
1739481824.2272477,-26,-49,-24
1739481824.2732477,58,-70,-130
1739481824.3192475,-52,-47,30
1739481824.3642476,47,0,-88
1739481824.4102476,19,-97,-63
1739481824.4562476,0,15,7
1739481824.5012476,21,43,22
1739481824.5472476,5,-102,-100
1739481824.5932477,-39,-15,-228
1739481824.6392477,-61,-66,0
1739481824.6842475,47,-66,-137
1739481824.7302475,11,22,-26
1739481824.7762475,81,36,-152
1739481824.8212476,-25,85,2
1739481824.8672476,-18,-115,5
1739481824.9132476,-57,-21,-53
1739481824.9592476,47,52,-118
1739481825.0042477,40,-64,-101
1739481825.0502477,29,32,31
1739481825.0962474,5,9,-45
1739481825.1412475,15,-94,-26
1739481825.1872475,-74,-67,-36
1739481825.2332475,5,14,-131
1739481825.2792475,43,74,14
1739481825.3242476,11,28,-117
1739481825.3702476,-1,-96,41
1739481825.4162476,19,-72,92
1739481825.4612474,28,-66,-175
1739481825.5072474,-36,59,49
1739481825.5532477,40,-44,-65
1739481825.5992477,-75,33,27
1739481825.6442475,81,36,0
1739481825.6902475,-23,-21,-44
1739481825.7362475,1,19,-26
1739481825.7812476,63,-8,-185
1739481825.8272476,92,-22,-4
1739481825.8732476,-98,-135,-77
1739481825.9192476,25,14,38
1739481825.9642477,29,-70,13
1739481826.0102477,38,46,12
1739481826.0562477,-29,-55,-186
1739481826.1012475,34,-32,39
1739481826.1472476,-23,-37,-16
1739481826.1932476,-41,-133,20
1739481826.2392476,81,-88,118
1739481826.2842476,-35,7,-54
1739481826.3302476,-21,67,-26
1739481826.3762476,110,-34,-19
1739481826.4212475,32,-76,-51
1739481826.4672475,13,34,6
1739481826.5132475,-9,-59,0
1739481826.5592475,-63,-37,-63
1739481826.6042476,108,-72,-42
1739481826.6502476,6,-96,-118
1739481826.6962476,22,20,-105
1739481826.7412477,-8,-29,24
1739481826.7872477,-12,6,-48
1739481826.8332477,-59,-13,0
1739481826.8792477,-18,-65,-3
1739481826.9242475,-24,-97,-36
1739481826.9702475,73,-16,-76
1739481827.0162475,-40,-67,53
1739481827.0612476,-5,47,-1
1739481827.1072476,10,54,-35
1739481827.1532476,-25,111,-61
1739481827.1992476,109,-42,67
1739481827.2442474,-38,-58,25
1739481827.2902474,41,121,-131
1739481827.3362474,-16,59,-72
1739481827.3812475,57,48,-81
1739481827.4272475,47,-70,-38
1739481827.4732475,-55,87,-155
1739481827.5192475,29,34,-40
1739481827.5642476,79,48,-73
1739481827.6102476,54,-40,-154
1739481827.6562476,26,-22,-22
1739481827.7012477,30,64,-34
1739481827.7472477,49,-120,139
1739481827.7932477,-38,-65,-125
1739481827.8392477,58,-86,-24
1739481827.8842475,25,104,-6
1739481827.9302475,97,0,10
1739481827.9762475,14,92,9
1739481828.0212476,8,-84,90
1739481828.0672476,-61,-97,93
1739481828.1132476,-39,51,-66
1739481828.1592476,-20,63,-148
1739481828.2042477,21,-66,13
1739481828.2502477,-15,-35,-36
1739481828.2962475,54,-53,-124
1739481828.3412476,-29,-89,-24
1739481828.3872476,39,-8,-75
1739481828.4332476,-43,37,-25
1739481828.4792476,23,-64,-111
1739481828.5242476,11,-64,90
1739481828.5702477,34,-54,-128
1739481828.6162477,7,-12,-15
1739481828.6612475,6,-29,-41
1739481828.7072475,24,-86,10
1739481828.7532475,-79,91,58
1739481828.7992475,-84,-7,37
1739481828.8442476,34,-126,-121
1739481828.8902476,77,-50,-98
1739481828.9362476,75,-20,-46
1739481828.9812477,69,-80,-55
1739481829.0272477,25,-16,-37
1739481829.0732474,22,-75,-110
1739481829.1192474,2,27,-3
1739481829.1642475,35,11,-36
1739481829.2102475,52,-87,91
1739481829.2562475,68,101,80
1739481829.3012476,10,13,-67
1739481829.3472476,27,-38,-117
1739481829.3932476,-3,-174,-33
1739481829.4392476,-6,-69,-96
1739481829.4842474,39,-140,87
1739481829.5302474,-2,-94,-17
1739481829.5762477,61,-50,-39
1739481829.6212475,23,36,-74
1739481829.6672475,-118,119,-112
1739481829.7132475,0,-80,-64
1739481829.7592475,-47,-43,-51
1739481829.8042476,42,-26,-3
1739481829.8502476,-68,-93,-4
1739481829.8962476,26,-40,-21
1739481829.9412477,55,-74,-49
1739481829.9872477,-58,-95,-13
1739481830.0332477,-16,-76,-34
1739481830.0792477,-48,3,-135
1739481830.1242476,-52,-127,-69
1739481830.1702476,10,-54,23
1739481830.2162476,-45,0,-11
1739481830.2612476,29,-24,23
1739481830.3072476,55,12,-11
1739481830.3532476,-33,-121,-5
1739481830.3992476,-13,-119,-55
1739481830.4442475,58,34,-73
1739481830.4902475,5,-49,-15
1739481830.5362475,10,38,-230
1739481830.5812476,-40,19,-54
1739481830.6272476,41,-46,-171
1739481830.6732476,22,-30,-63
1739481830.7192476,-91,93,31
1739481830.7642477,75,36,-87
1739481830.8102477,47,-2,-89
1739481830.8562477,48,-6,-77
1739481830.9012475,19,26,19
1739481830.9472475,-47,-47,-93
1739481830.9932475,63,-40,13
1739481831.0392475,63,-92,-72
1739481831.0842476,-83,-15,-119
1739481831.1302476,21,4,32
1739481831.1762476,46,-158,-73
1739481831.2212474,8,30,-36
1739481831.2672474,11,-80,-16
1739481831.3132474,-4,-50,-10
1739481831.3592474,-36,25,-23
1739481831.4042475,12,-53,48
1739481831.4502475,41,34,-73
1739481831.4962475,44,-70,-27
1739481831.5412476,-32,9,-84
1739481831.5872476,21,15,49
1739481831.6332476,-76,33,51
1739481831.6792476,37,-4,-1
1739481831.7242477,-112,-21,-77
1739481831.7702477,64,-131,-39
1739481831.8162477,43,-143,-28
1739481831.8612475,14,-29,-107
1739481831.9072475,-39,-104,-5
1739481831.9532475,16,-25,10
1739481831.9992476,-22,-86,-104
1739481832.0442476,45,-141,-64
1739481832.0902476,-39,-87,-152
1739481832.1362476,-36,-52,-133
1739481832.1812477,7,-49,-51
1739481832.2272477,-3,-1,-27
1739481832.2732477,20,-11,-18
1739481832.3192475,-15,24,6
1739481832.3642476,88,-67,-76
1739481832.4102476,45,-147,-138
1739481832.4562476,-40,-66,-87
1739481832.5012476,-95,-64,-106
1739481832.5532477,-5,-210,-15
1739481832.5992477,-51,-72,25
1739481832.6442475,30,-55,26
1739481832.6902475,-38,-63,-33
1739481832.7362475,25,16,125
1739481832.7812476,-44,-65,-46
1739481832.8272476,-63,-119,-17
1739481832.8732476,59,90,60
1739481832.9192476,-28,-73,-20
1739481832.9642477,-41,-41,-6
1739481833.0102477,-11,-47,-32
1739481833.0562477,-14,-7,51
1739481833.1012475,12,70,100
1739481833.1472476,5,10,3
1739481833.1932476,-31,-29,10
1739481833.2392476,7,-82,-91
1739481833.2842476,-82,-75,-23
1739481833.3302476,-44,47,57
1739481833.3762476,15,-54,-71
1739481833.4212475,11,8,43
1739481833.4672475,-81,-41,-15
1739481833.5132475,84,-101,-119
1739481833.5592475,48,-171,45
1739481833.6042476,-5,-93,-10
1739481833.6502476,31,31,-38
1739481833.6962476,4,-3,-9
1739481833.7412477,-28,-77,40
1739481833.7872477,6,-45,130
1739481833.8332477,16,-105,-168
1739481833.8792477,25,36,-8
1739481833.9242475,37,-24,-115
1739481833.9702475,-32,5,-43
1739481834.0162475,10,-18,-134
1739481834.0612476,16,-88,101
1739481834.1072476,30,-20,-61
1739481834.1532476,-49,-129,3
1739481834.1992476,58,-71,-11
1739481834.2442474,19,57,63
1739481834.2902474,69,31,38
1739481834.3362474,32,-60,-48
1739481834.3812475,-14,87,-65
1739481834.4272475,23,-36,-90
1739481834.4732475,-10,-77,30
1739481834.5192475,40,-34,-104
1739481834.5642476,59,-86,100
1739481834.6102476,-68,-47,-44
1739481834.6562476,23,78,41
1739481834.7012477,1,-22,-145
1739481834.7472477,-23,33,-87
1739481834.7932477,2,47,-98
1739481834.8392477,-55,-4,1
1739481834.8842475,18,-41,50
1739481834.9302475,91,89,28
1739481834.9762475,36,-19,17
1739481835.0212476,-28,-74,2
1739481835.0672476,15,-71,-28
1739481835.1132476,-9,44,-15
1739481835.1592476,-20,32,-103
1739481835.2042477,32,-13,-93
1739481835.2502477,-6,38,31
1739481835.2962475,-50,-9,-28
1739481835.3412476,-36,-43,18
1739481835.3872476,10,80,32
1739481835.4332476,6,-122,-17
1739481835.4792476,0,-120,36
1739481835.5242476,-1,-15,17
1739481835.5702477,-79,-12,-29
1739481835.6162477,30,13,20
1739481835.6612475,59,-15,-77
1739481835.7072475,-10,99,-26
1739481835.7532475,-27,-36,-69
1739481835.7992475,-7,-43,-41
1739481835.8442476,17,-25,-37
1739481835.8902476,-12,2,-91
1739481835.9362476,-108,-44,-89
1739481835.9812477,-20,80,25
1739481836.0272477,-81,56,-12
1739481836.0732474,-37,46,-10
1739481836.1192474,-35,-42,-74
1739481836.1642475,-49,-16,43
1739481836.2102475,9,99,-75
1739481836.2562475,5,-68,-7
1739481836.3012476,62,-102,-47
1739481836.3472476,6,6,16
1739481836.3932476,-10,60,62
1739481836.4392476,26,-51,15
1739481836.4842474,61,39,45
1739481836.5302474,-51,88,28
1739481836.5762477,-3,-25,-19
1739481836.6212475,35,-65,11
1739481836.6672475,-55,-152,5
1739481836.7132475,47,-25,-179
1739481836.7592475,-7,19,-31
1739481836.8042476,-1,-45,131
1739481836.8502476,29,5,-109
1739481836.8962476,-79,34,-14
1739481836.9412477,-42,2,-18
1739481836.9872477,-38,-88,-11
1739481837.0332477,-46,-2,-13
1739481837.0792477,22,-27,-102
1739481837.1242476,62,29,62
1739481837.1702476,26,-113,-2
1739481837.2162476,19,-131,47
1739481837.2612476,43,-17,72
1739481837.3072476,-28,-14,-213
1739481837.3532476,71,-85,0
1739481837.3992476,-36,-86,-43
1739481837.4442475,53,-37,55
1739481837.4902475,22,-27,11
1739481837.5362475,60,1,35
1739481837.5812476,82,37,12
1739481837.6272476,-4,70,82
1739481837.6732476,31,31,8
1739481837.7192476,45,-89,0
1739481837.7642477,-3,-103,53
1739481837.8102477,32,-83,-44
1739481837.8562477,-55,-98,-68
1739481837.9012475,108,-27,-6
1739481837.9472475,-39,-110,-58
1739481837.9932475,-76,-116,-30
1739481838.0392475,22,73,-79
1739481838.0842476,65,17,-32
1739481838.1302476,-22,-34,22
1739481838.1762476,49,-45,-45
1739481838.2212474,-21,-144,-104
1739481838.2672474,4,1,-81
1739481838.3132474,44,31,-26
1739481838.3592474,19,-19,-29
1739481838.4042475,3,33,-2
1739481838.4502475,10,-37,7
1739481838.4962475,-3,-82,-46
1739481838.5412476,75,-55,52
1739481838.5872476,-80,-24,-101
1739481838.6332476,-89,48,-23
1739481838.6792476,-21,8,46
1739481838.7242477,-31,-20,-142
1739481838.7702477,15,-125,-51
1739481838.8162477,-53,-62,-64
1739481838.8612475,59,-63,-87
1739481838.9072475,10,-53,-36
1739481838.9532475,-11,0,-109
1739481838.9992476,47,-49,-97
1739481839.0442476,28,7,-47
1739481839.0902476,0,8,-27
1739481839.1362476,13,35,63
1739481839.1812477,-73,-44,-13
1739481839.2272477,-74,-176,-20
1739481839.2732477,-4,3,-92
1739481839.3182476,-49,-46,-222
1739481839.3642476,-53,4,-97
1739481839.4102476,2,-123,-46
1739481839.4562476,34,1,-119
1739481839.5012476,-65,-160,-28
1739481839.5472476,-63,120,2
1739481839.5932477,79,23,-117
1739481839.6382475,-30,54,-76
1739481839.6842475,16,121,-35
1739481839.7302475,-23,-104,-86
1739481839.7762475,-18,-34,0
1739481839.8212476,-42,-40,-65
1739481839.8672476,17,49,-46
1739481839.9132476,-5,-41,-94
1739481839.9582477,20,-166,34
1739481840.0042477,-27,-18,-121
1739481840.0502477,-27,-134,52
1739481840.0962474,4,-30,11
1739481840.1412475,12,-24,-7
1739481840.1872475,-7,-88,-43
1739481840.2332475,-7,68,-152
1739481840.2782476,59,1,-23
1739481840.3242476,9,-31,-6
1739481840.3702476,13,11,77
1739481840.4162476,-16,-40,-59
1739481840.4612474,22,-48,55
1739481840.5072474,-53,-126,-40
1739481840.5532477,4,57,-1
1739481840.5982475,-37,-94,-39
1739481840.6442475,-6,-8,48
1739481840.6892476,-22,-1,-32
1739481840.7342474,-9,-126,-7
1739481840.7802474,33,-9,8
1739481840.8262477,25,-57,-8
1739481840.8722477,-99,-54,-50
1739481840.9172475,16,-87,62
1739481840.9632475,-62,-116,-8
1739481841.0092475,-8,158,45
1739481841.0542476,57,-15,-113
1739481841.1002476,11,13,-114
1739481841.1462476,2,-39,-113
1739481841.1922476,-52,-30,-109
1739481841.2372477,60,-43,24
1739481841.2832477,67,25,153
1739481841.3292477,34,-25,-99
1739481841.3742476,24,-59,-203
1739481841.4202476,-38,26,-49
1739481841.4662476,-86,0,-59
1739481841.5122476,-23,28,-92
1739481841.5572476,-36,-86,51
1739481841.6032476,-136,0,20
1739481841.6492476,-17,34,80
1739481841.6942475,-65,-108,47
1739481841.7402475,-63,122,-47
1739481841.7862475,1,9,-58
1739481841.8322475,65,-3,-26
1739481841.8772476,40,-39,-70
1739481841.9232476,-6,59,-136
1739481841.9692476,-47,-78,-60
1739481842.0142477,-12,-69,-1
1739481842.0602477,27,-53,-44
1739481842.1062477,-43,116,22
1739481842.1522477,42,19,-29
1739481842.1972475,-65,-142,-106
1739481842.2432475,-45,-42,56
1739481842.2892475,-31,-4,-11
1739481842.3342476,10,-120,92
1739481842.3802476,-59,-50,-24
1739481842.4262476,-13,-77,-37
1739481842.4722476,-3,-44,-79
1739481842.5172474,85,-37,-26
1739481842.5692475,41,-33,-100
1739481842.6142476,58,5,8
1739481842.6602476,-17,-50,-38
1739481842.7062476,-38,-76,-3
1739481842.7522476,47,-49,22
1739481842.7972476,-6,12,105
1739481842.8432477,-101,24,59
1739481842.8892477,-76,-116,139
1739481842.9342475,-24,-192,41
1739481842.9802475,-53,-18,30
1739481843.0262475,-9,-50,-26
1739481843.0722475,89,-129,-7
1739481843.1172476,-6,-93,-73
1739481843.1632476,-63,-3,57
1739481843.2092476,-72,-29,-41
1739481843.2542477,-82,-29,-66
1739481843.3002477,-19,-71,-61
1739481843.3462474,33,-38,-44
1739481843.3922474,85,4,68
1739481843.4372475,-70,-13,-175
1739481843.4832475,-26,-153,78
1739481843.5292475,70,14,-67
1739481843.5742476,2,-64,-95
1739481843.6202476,5,104,-136
1739481843.6662476,-7,67,-131
1739481843.7122476,9,-110,-29
1739481843.7572474,-87,-31,-25
1739481843.8032477,-25,-21,71
1739481843.8492477,-14,9,12
1739481843.8942475,46,24,62
1739481843.9402475,-5,-69,-71
1739481843.9862475,-24,45,-49
1739481844.0322475,-31,40,-11
1739481844.0772476,-33,-141,-27
1739481844.1232476,-48,-79,-101
1739481844.1692476,-5,-123,-135
1739481844.2142477,-19,-111,-2
1739481844.2602477,32,-84,-26
1739481844.3062477,-45,-73,16
1739481844.3522477,24,42,-146
1739481844.3972476,-42,-33,-64
1739481844.4442475,116,4,-61
1739481844.4902475,-41,1,-129
1739481844.5362475,-19,25,39
1739481844.5812476,73,4,91
1739481844.6272476,49,48,-101
1739481844.6732476,61,-22,66
1739481844.7182477,-54,-33,40
1739481844.7642477,21,-25,27
1739481844.8102477,14,-54,92
1739481844.8562477,3,10,-23
1739481844.9012475,-16,-71,-87
1739481844.9472475,79,32,-96
1739481844.9932475,-76,39,-126
1739481845.0382476,0,-27,24
1739481845.0842476,-106,-7,-83
1739481845.1302476,-15,-121,44
1739481845.1762476,31,-56,0
1739481845.2212474,-1,-106,-11
1739481845.2672474,14,-94,5
1739481845.3132474,-17,-95,53
1739481845.3582475,-48,55,31
1739481845.4042475,17,-125,-63
1739481845.4502475,68,-20,-30
1739481845.4962475,17,-26,-63
1739481845.5412476,-28,-29,-2
1739481845.5872476,10,-88,-42
1739481845.6332476,34,-54,-3
1739481845.6782477,8,-70,-15
1739481845.7242477,14,-62,74
1739481845.7702477,-1,-106,0
1739481845.8162477,-46,0,-41
1739481845.8612475,1,-15,-6
1739481845.9072475,49,-106,8
1739481845.9532475,0,-44,0
1739481845.9982476,74,-28,-110
1739481846.0442476,47,-36,-87
1739481846.0902476,56,-4,70
1739481846.1362476,11,21,-33
1739481846.1812477,31,20,-17
1739481846.2272477,44,46,123
1739481846.2732477,-32,19,-31
1739481846.3182476,15,-48,105
1739481846.3642476,2,-54,-141
1739481846.4102476,69,-10,-46
1739481846.4562476,2,-152,-31
1739481846.5012476,-39,-3,-47
1739481846.5472476,-33,-89,-87
1739481846.5932477,34,60,-36
1739481846.6382475,-45,-21,-121
1739481846.6842475,-1,-108,38
1739481846.7302475,-32,-37,-99
1739481846.7762475,66,-54,-22
1739481846.8212476,30,-16,-71
1739481846.8672476,-11,4,-122
1739481846.9132476,-81,1,-39
1739481846.9582477,12,-74,-26
1739481847.0042477,39,-32,-92
1739481847.0502477,-29,-19,-4
1739481847.0962474,-92,87,50
1739481847.1412475,-10,-91,-6
1739481847.1872475,69,-32,-49
1739481847.2332475,19,-48,-90
1739481847.2782476,-35,-117,0
1739481847.3242476,-50,-93,-44
1739481847.3702476,-50,-107,-7
1739481847.4162476,-50,-29,-8
1739481847.4612474,-75,0,-111
1739481847.5072474,-17,-113,18
1739481847.5532477,60,-156,-26
1739481847.5982475,-25,137,109
1739481847.6442475,14,22,-9
1739481847.6902475,-61,-58,-67
1739481847.7362475,14,50,-85
1739481847.7812476,31,-128,100
1739481847.8272476,14,-80,-28
1739481847.8732476,103,-94,-85
1739481847.9182477,-13,-67,-39
1739481847.9642477,-71,-127,-113
1739481848.0102477,29,-128,14
1739481848.0562477,55,-66,-14
1739481848.1012475,42,-60,-204
1739481848.1472476,1,-33,-17
1739481848.1932476,57,-25,-8
1739481848.2382476,5,47,-140
1739481848.2842476,-7,56,-92
1739481848.3302476,5,-113,-91
1739481848.3762476,4,-25,-86
1739481848.4212475,6,-79,-112
1739481848.4672475,46,-81,85
1739481848.5132475,-16,12,-58
1739481848.5582476,-7,-57,-25
1739481848.6042476,18,32,-131
1739481848.6502476,-18,93,-136
1739481848.6962476,-6,-27,-112
1739481848.7412477,-12,-48,176
1739481848.7872477,21,-86,-108
1739481848.8332477,-10,-41,0
1739481848.8782475,30,50,-47
1739481848.9242475,18,-40,-145
1739481848.9702475,50,-56,-125
1739481849.0162475,39,99,-41
1739481849.0612476,13,70,60
1739481849.1072476,-44,-67,18
1739481849.1532476,-2,-118,-40
1739481849.1982474,-28,9,-46
1739481849.2442474,36,96,-190
1739481849.2902474,31,-70,-148
1739481849.3362474,0,-35,-93
1739481849.3812475,51,-88,-24
1739481849.4272475,-18,-7,158
1739481849.4732475,-30,55,-16
1739481849.5182476,20,20,-8
1739481849.5642476,-31,-15,42
1739481849.6102476,-32,10,-49
1739481849.6562476,-39,-19,-98
1739481849.7012477,36,110,96
1739481849.7472477,-7,75,88
1739481849.7932477,-48,-127,-84
1739481849.8382475,-51,100,-11
1739481849.8842475,-21,42,-75
1739481849.9302475,20,-45,-89
1739481849.9762475,-8,58,-59
1739481850.0212476,10,-84,36
1739481850.0672476,50,-167,-52
1739481850.1132476,50,-39,28
1739481850.1582477,-16,50,-113
1739481850.2042477,59,0,-49
1739481850.2502477,-62,-142,-45
1739481850.2962475,40,-61,45
1739481850.3412476,35,-127,9
1739481850.3872476,44,-109,-5
1739481850.4332476,-47,-24,-101
1739481850.4782476,37,-39,-57
1739481850.5242476,-61,-13,-54
1739481850.5702477,3,6,-55
1739481850.6162477,-4,-197,35
1739481850.6612475,-16,-152,117
1739481850.7072475,-26,79,8
1739481850.7532475,-27,-83,-46
1739481850.7982476,-15,-47,-27
1739481850.8442476,-78,-17,67
1739481850.8902476,54,-108,-51
1739481850.9362476,6,-126,71
1739481850.9812477,-53,49,36
1739481851.0272477,-23,-31,-6
1739481851.0732474,-81,3,-30
1739481851.1182475,-31,-27,-34
1739481851.1642475,0,-88,-49
1739481851.2102475,-49,-109,-145
1739481851.2562475,59,-68,-65
1739481851.3012476,-3,16,57
1739481851.3472476,-52,3,-71
1739481851.3932476,8,-9,-4
1739481851.4382474,-31,-1,-21
1739481851.4842474,-15,53,37
1739481851.5302474,-27,115,-105
1739481851.5762477,23,116,-145
1739481851.6212475,-15,-123,-105
1739481851.6672475,59,66,-89
1739481851.7132475,40,12,12
1739481851.7582476,-29,17,-78
1739481851.8042476,-35,-21,-123
1739481851.8502476,-17,-57,8
1739481851.8962476,-56,57,-123
1739481851.9412477,8,-151,-5
1739481851.9872477,-46,-29,-35
1739481852.0332477,-40,-39,55
1739481852.0782475,-23,-171,13
1739481852.1242476,39,-50,-63
1739481852.1702476,0,-61,33
1739481852.2162476,-20,-67,-123
1739481852.2612476,57,54,26
1739481852.3072476,-8,-3,-8
1739481852.3532476,51,-42,-113
1739481852.3982477,20,-34,-33
1739481852.4442475,-18,65,-13
1739481852.4902475,40,8,-61
1739481852.5362475,-47,41,-61
1739481852.5872476,14,2,25
1739481852.6332476,-6,9,60
1739481852.6782477,-19,1,-24
1739481852.7242477,40,-113,63
1739481852.7702477,19,-47,-171
1739481852.8162477,-9,-12,-69
1739481852.8612475,-20,-12,-103
1739481852.9072475,38,-153,42
1739481852.9532475,17,-59,-6
1739481852.9982476,19,-61,-87
1739481853.0442476,12,-97,13
1739481853.0902476,13,68,2
1739481853.1362476,-69,56,-125
1739481853.1812477,7,10,-83
1739481853.2272477,57,-125,-65
1739481853.2732477,70,5,-55
1739481853.3182476,-35,-70,63
1739481853.3642476,-19,66,-63
1739481853.4102476,18,-12,36
1739481853.4562476,-82,-46,-108
1739481853.5012476,-53,32,-15
1739481853.5472476,-35,-29,39
1739481853.5932477,91,-87,22
1739481853.6382475,24,-10,-22
1739481853.6842475,-34,-21,-69
1739481853.7302475,6,-59,-73
1739481853.7762475,5,53,-96
1739481853.8212476,-28,69,-157
1739481853.8672476,0,-82,-87
1739481853.9132476,-27,-112,-162
1739481853.9582477,-16,-34,-42
1739481854.0042477,21,-57,-131
1739481854.0502477,-41,-72,-111
1739481854.0962474,15,99,32
1739481854.1412475,-85,-112,-90
1739481854.1872475,20,57,-63
1739481854.2332475,-15,10,-90
1739481854.2782476,-52,-36,-66
1739481854.3242476,81,-65,-10
1739481854.3702476,43,13,21
1739481854.4162476,30,-66,32
1739481854.4612474,70,43,-77
1739481854.5072474,-62,9,-5
1739481854.5532477,-47,-43,-78
1739481854.5982475,11,-42,-173
1739481854.6442475,-51,-24,-90
1739481854.6902475,-26,52,-67
1739481854.7362475,-8,23,-132
1739481854.7812476,-13,-90,-190
1739481854.8272476,55,-23,-8
1739481854.8732476,49,-74,-160
1739481854.9182477,-15,-47,13
1739481854.9642477,15,-45,-75
1739481855.0102477,-86,40,-37
1739481855.0562477,11,3,20
1739481855.1012475,30,65,-106
1739481855.1472476,31,61,-98
1739481855.1932476,-6,-36,-18
1739481855.2382476,-7,-16,-123
1739481855.2842476,21,-41,21
1739481855.3302476,-11,-76,-126
1739481855.3762476,-24,55,-50
1739481855.4212475,37,-131,-63
1739481855.4672475,-2,-28,-56
1739481855.5132475,36,41,-17
1739481855.5582476,59,-65,-29
1739481855.6042476,48,-39,100
1739481855.6492476,-68,-22,53
1739481855.6942475,-13,6,-61
1739481855.7402475,10,106,-10
1739481855.7862475,6,47,-58
1739481855.8322475,-41,23,-159
1739481855.8772476,-10,3,-76
1739481855.9232476,28,-12,-59
1739481855.9692476,-24,41,-49
1739481856.0142477,30,-111,5
1739481856.0602477,-15,9,9
1739481856.1062477,63,58,-122
1739481856.1522477,16,50,3
1739481856.1972475,14,-91,38
1739481856.2432475,-48,-123,-144
1739481856.2892475,55,40,11
1739481856.3342476,94,46,-59
1739481856.3802476,8,37,2
1739481856.4262476,-44,-61,-64
1739481856.4722476,67,-90,-16
1739481856.5172474,20,-56,-1
1739481856.5632474,-39,5,-132
1739481856.6092474,-10,62,-121
1739481856.6542475,0,-54,60
1739481856.7002475,76,-98,-96
1739481856.7462475,26,30,-90
1739481856.7922475,39,70,-25
1739481856.8372476,29,-20,-156
1739481856.8832476,0,11,13
1739481856.9292476,23,-74,54
1739481856.9742477,-42,-21,125
1739481857.0202477,3,-16,-16
1739481857.0662477,-9,39,-10
1739481857.1122477,23,-10,-33
1739481857.1572475,51,-48,63
1739481857.2032475,-38,-9,-59
1739481857.2492476,8,24,-3
1739481857.2942476,-49,-63,63
1739481857.3402476,-4,63,-113
1739481857.3862476,-43,-121,-31
1739481857.4322476,-81,25,-33
1739481857.4772477,-21,-131,-8
1739481857.5232477,8,26,-81
1739481857.5692475,37,2,-64
1739481857.6142476,-12,-65,-43
1739481857.6602476,-7,7,50
1739481857.7062476,-43,-15,0
1739481857.7522476,-2,-92,-165
1739481857.7972476,3,-76,-47
1739481857.8432477,-16,-47,-53
1739481857.8892477,-18,-75,-89
1739481857.9342475,58,2,-63
1739481857.9802475,1,38,27
1739481858.0262475,30,-106,-47
1739481858.0722475,31,-16,39
1739481858.1172476,18,98,45
1739481858.1632476,-7,71,-127
1739481858.2092476,-16,13,67
1739481858.2542477,-25,-41,89
1739481858.3002477,-9,-37,38
1739481858.3462474,-43,15,-40
1739481858.3922474,-10,-3,-80
1739481858.4372475,3,-75,-105
1739481858.4832475,-40,9,-23
1739481858.5292475,-2,88,9
1739481858.5742476,17,14,64
1739481858.6202476,-65,19,-32
1739481858.6662476,-141,-7,106
1739481858.7122476,6,-67,36
1739481858.7572474,-11,-93,-161
1739481858.8032477,53,6,28
1739481858.8492477,8,-22,-118
1739481858.8942475,17,8,-26
1739481858.9402475,-52,-65,-40
1739481858.9862475,-3,48,-133
1739481859.0322475,-3,30,-51
1739481859.0772476,-34,11,-38
1739481859.1232476,1,-187,56
1739481859.1692476,-36,-31,-3
1739481859.2142477,-13,41,3
1739481859.2602477,18,-38,38
1739481859.3062477,54,82,-47
1739481859.3522477,-58,-37,-111
1739481859.3972476,48,78,53
1739481859.4432476,-18,3,-37
1739481859.4892476,47,-122,-131
1739481859.5342476,-23,0,-137
1739481859.5802476,-62,-81,74
1739481859.6262476,0,1,-61
1739481859.6722476,46,96,-54
1739481859.7172475,-18,-3,-79
1739481859.7632475,103,-32,-103
1739481859.8092475,-18,-83,-50
1739481859.8542476,-11,-49,-56
1739481859.9002476,9,8,26
1739481859.9462476,-30,-97,51
1739481859.9922476,-15,19,-58
1739481860.0372477,-68,39,-81
1739481860.0832477,-53,-81,-100
1739481860.1292477,-23,-119,-75
1739481860.1742475,63,-62,-42
1739481860.2202475,-6,-67,86
1739481860.2662475,-33,-51,-55
1739481860.3122475,46,50,-127
1739481860.3572476,48,-80,71
1739481860.4032476,-4,17,-108
1739481860.4492476,-2,29,-43
1739481860.4942474,-16,5,60
1739481860.5402474,19,34,-20
1739481860.5862474,-41,141,-100
1739481860.6322474,2,68,1
1739481860.6772475,-13,-95,17
1739481860.7232475,13,-44,-106
1739481860.7692475,11,-90,-99
1739481860.8142476,-56,17,16
1739481860.8602476,57,108,112
1739481860.9062476,-43,-23,-141
1739481860.9522476,10,-60,-37
1739481860.9972477,32,30,43
1739481861.0432477,22,-30,24
1739481861.0892477,11,38,0
1739481861.1342475,50,54,6
1739481861.1802475,36,16,-44
1739481861.2262475,-72,-17,-110
1739481861.2722476,-51,-61,-24
1739481861.3172476,-13,-23,-53
1739481861.3632476,-65,75,-89
1739481861.4092476,-10,-15,-52
1739481861.4542477,-4,-55,-55
1739481861.5002477,-49,-25,45
1739481861.5462475,-10,-75,-28
1739481861.5922475,-18,-29,-26
1739481861.6372476,45,84,70
1739481861.6832476,21,14,16
1739481861.7292476,-44,3,-20
1739481861.7742476,20,56,-19
1739481861.8202477,1,-126,12
1739481861.8662477,-5,-39,-73
1739481861.9122477,-38,-33,-233
1739481861.9572475,79,-70,106
1739481862.0032475,-54,-13,11
1739481862.0492475,-51,-29,-40
1739481862.0942476,-34,-67,-37
1739481862.1402476,-18,1,-50
1739481862.1862476,39,-92,56
1739481862.2322476,-2,-43,-110
1739481862.2772477,-9,-55,-47
1739481862.3232474,-46,-111,-8
1739481862.3692474,22,-32,-81
1739481862.4142475,50,48,31
1739481862.4602475,62,-38,58
1739481862.5062475,-69,57,-32
1739481862.5522475,-31,83,-34
1739481862.6032476,-7,-45,-9
1739481862.6492476,-140,3,-84
1739481862.6942475,-41,-85,-91
1739481862.7402475,-45,-11,-48
1739481862.7862475,5,-20,-9
1739481862.8322475,45,-2,-84
1739481862.8772476,-10,-9,-30
1739481862.9232476,-66,65,-50
1739481862.9692476,-19,-75,-111
1739481863.0162475,22,-62,-21
1739481863.0612476,56,-42,-89
1739481863.1072476,-16,-23,-13
1739481863.1532476,42,-24,-98
1739481863.1982474,35,50,-16
1739481863.2442474,53,18,24
1739481863.2902474,26,38,37
1739481863.3362474,27,32,-65
1739481863.3812475,47,56,-19
1739481863.4272475,70,-10,-90
1739481863.4732475,1,45,-141
1739481863.5182476,43,-26,-20
1739481863.5642476,-85,1,-99
1739481863.6102476,-20,-91,-27
1739481863.6562476,-20,19,13
1739481863.7012477,-21,7,-68
1739481863.7472477,7,-48,13
1739481863.7932477,21,0,-79
1739481863.8382475,44,12,68
1739481863.8842475,8,-18,41
1739481863.9302475,80,-42,125
1739481863.9762475,-59,-105,-16
1739481864.0212476,43,-50,-16
1739481864.0672476,-7,11,-19
1739481864.1132476,-48,27,17
1739481864.1582477,-5,7,-6
1739481864.2042477,35,-108,-16
1739481864.2502477,28,-22,5
1739481864.2962475,36,-28,88
1739481864.3412476,33,2,-85
1739481864.3872476,35,-84,-115
1739481864.4332476,54,-106,-23
1739481864.4782476,66,60,-200
1739481864.5242476,-38,-1,0
1739481864.5702477,-13,41,93
1739481864.6162477,37,-38,6
1739481864.6612475,7,-30,-89
1739481864.7072475,-16,-111,-8
1739481864.7532475,12,-6,-161
1739481864.7982476,0,47,-17
1739481864.8442476,12,-73,-43
1739481864.8902476,4,-20,-22
1739481864.9362476,37,-69,70
1739481864.9812477,40,55,-113
1739481865.0272477,11,-36,-19
1739481865.0732474,-71,-124,-64
1739481865.1182475,-14,-42,-74
1739481865.1642475,23,-105,-18
1739481865.2102475,-94,-228,-25
1739481865.2562475,-15,21,-116
1739481865.3012476,44,-76,95
1739481865.3472476,-10,149,75
1739481865.3932476,-84,-37,-186
1739481865.4382474,-10,-75,-88
1739481865.4842474,13,-56,61
1739481865.5302474,41,0,-25
1739481865.5762477,0,-14,-112
1739481865.6212475,21,-104,29
1739481865.6672475,0,-29,-59
1739481865.7132475,26,-30,43
1739481865.7582476,-41,95,57
1739481865.8042476,10,65,146
1739481865.8502476,21,-22,-64
1739481865.8962476,-26,-78,0
1739481865.9412477,40,5,0
1739481865.9872477,6,-77,15
1739481866.0332477,39,-89,-32
1739481866.0782475,-77,72,49
1739481866.1242476,77,-5,-94
1739481866.1702476,-13,-46,-59
1739481866.2162476,41,-28,-121
1739481866.2612476,-35,-8,-30
1739481866.3072476,18,78,45
1739481866.3532476,5,-24,-44
1739481866.3982477,0,-8,-89
1739481866.4442475,27,-134,37
1739481866.4902475,-3,-38,-28
1739481866.5362475,-29,-82,21
1739481866.5812476,-57,-72,68
1739481866.6272476,22,-51,-35
1739481866.6732476,23,-85,-46
1739481866.7182477,-3,18,-4
1739481866.7642477,-20,82,58
1739481866.8102477,-24,-60,35
1739481866.8562477,3,65,-97
1739481866.9012475,-42,-84,-60
1739481866.9472475,-25,-56,-33
1739481866.9932475,-68,-86,62
1739481867.0382476,-19,-110,2
1739481867.0842476,-16,82,-83
1739481867.1302476,-11,-134,49
1739481867.1762476,-10,-13,4
1739481867.2212474,22,-60,-26
1739481867.2672474,47,-40,-152
1739481867.3132474,36,-138,-95
1739481867.3582475,-21,-67,-43
1739481867.4042475,-79,15,9
1739481867.4502475,-1,-82,-106
1739481867.4962475,22,-64,-171
1739481867.5412476,-45,-3,11
1739481867.5872476,-11,-41,-78
1739481867.6332476,-29,-129,44
1739481867.6782477,10,33,-64
1739481867.7242477,-25,-113,-58
1739481867.7702477,5,60,0
1739481867.8162477,-21,37,-88
1739481867.8612475,24,-94,-98
1739481867.9072475,27,22,-57
1739481867.9532475,-41,-107,34
1739481867.9982476,-101,35,-86
1739481868.0442476,35,-76,26
1739481868.0902476,-18,51,-46
1739481868.1362476,-19,-105,47
1739481868.1812477,1,20,-164
1739481868.2272477,-9,-57,33
1739481868.2732477,-12,-76,-122
1739481868.3182476,10,-55,49
1739481868.3642476,23,0,-131
1739481868.4102476,53,-26,1
1739481868.4562476,45,10,-95
1739481868.5012476,4,-22,29
1739481868.5472476,45,-20,-99
1739481868.5932477,-29,1,-128
1739481868.6382475,2,27,-13
1739481868.6842475,-14,10,27
1739481868.7302475,19,-86,64
1739481868.7762475,-54,53,-55
1739481868.8212476,-45,-175,120
1739481868.8672476,-85,-45,20
1739481868.9132476,-31,32,-91
1739481868.9582477,32,-34,17
1739481869.0042477,-45,-12,72
1739481869.0502477,1,101,-142
1739481869.0962474,91,-21,-13
1739481869.1412475,57,-35,-72
1739481869.1872475,18,0,-12
1739481869.2332475,18,47,104
1739481869.2782476,32,-81,80
1739481869.3242476,-41,-96,44
1739481869.3702476,9,-41,-62
1739481869.4162476,39,97,-31
1739481869.4612474,-14,-2,43
1739481869.5072474,40,31,-37
1739481869.5532477,34,-59,-2
1739481869.5982475,36,-63,-22
1739481869.6442475,-44,-22,-6
1739481869.6902475,0,-93,-7
1739481869.7362475,49,-54,5
1739481869.7812476,-43,26,-183
1739481869.8272476,-56,-101,76
1739481869.8732476,-30,69,30
1739481869.9182477,-37,-7,-58
1739481869.9642477,150,74,77
1739481870.0102477,43,24,-68
1739481870.0562477,59,-70,25
1739481870.1012475,50,-14,-109
1739481870.1472476,38,-110,112
1739481870.1932476,-50,-81,-17
1739481870.2382476,-19,-171,-25
1739481870.2842476,-57,-55,-78
1739481870.3302476,41,-66,-38
1739481870.3762476,16,0,105
1739481870.4212475,-8,-51,52
1739481870.4672475,42,-28,0
1739481870.5132475,20,-22,-76
1739481870.5582476,65,6,-5
1739481870.6042476,-53,9,-62
1739481870.6502476,-9,-103,13
1739481870.6962476,13,-61,-13
1739481870.7412477,-18,-18,4
1739481870.7872477,52,-145,-89
1739481870.8332477,39,-63,-29
1739481870.8782475,-51,-96,-15
1739481870.9242475,35,13,4
1739481870.9702475,-20,70,57
1739481871.0162475,-45,-26,-36
1739481871.0612476,25,-49,12
1739481871.1072476,-41,-20,-43
1739481871.1532476,4,-49,69
1739481871.1982474,7,8,-13
1739481871.2442474,61,-99,0
1739481871.2902474,-82,-4,3
1739481871.3352475,4,29,2
1739481871.3812475,29,-50,-115
1739481871.4272475,18,-54,-44
1739481871.4732475,38,-116,20
1739481871.5182476,-50,-37,-61
1739481871.5642476,46,-39,-15
1739481871.6102476,63,55,69
1739481871.6552474,-9,-62,10
1739481871.7012477,25,81,9
1739481871.7472477,-12,-9,-60
1739481871.7932477,-18,-88,-54
1739481871.8382475,2,-20,38
1739481871.8842475,-62,-100,55
1739481871.9302475,-27,-28,-76
1739481871.9752476,32,-79,-84
1739481872.0212476,-68,-24,16
1739481872.0672476,49,-81,-1
1739481872.1132476,5,52,-38
1739481872.1582477,-43,82,-61
1739481872.2042477,17,-1,29
1739481872.2502477,-49,-67,-94
1739481872.2952476,38,12,-2
1739481872.3412476,31,-34,-123
1739481872.3872476,-30,-113,25
1739481872.4332476,46,10,-60
1739481872.4782476,20,29,31
1739481872.5242476,79,-32,99
1739481872.5702477,52,-170,18
1739481872.6212475,-22,-89,62
1739481872.6672475,25,-96,-94
1739481872.7132475,51,-107,-51
1739481872.7582476,-45,-135,-85
1739481872.8042476,1,-10,-7
1739481872.8502476,30,-104,0
1739481872.8952477,32,-42,-109
1739481872.9412477,41,-10,-175
1739481872.9872477,-67,-63,-17
1739481873.0332477,43,-18,58
1739481873.0782475,-25,-101,34
1739481873.1232476,-60,-28,4
1739481873.1692476,-49,30,0
1739481873.2142477,9,5,-99
1739481873.2602477,45,-20,0
1739481873.3062477,-44,87,-103
1739481873.3512475,22,-20,-39
1739481873.3972476,-32,-14,-68
1739481873.4432476,-65,22,-24
1739481873.4892476,2,-2,-60
1739481873.5342476,-17,53,36
1739481873.5802476,-36,-7,45
1739481873.6262476,19,30,6
1739481873.6712475,1,60,26
1739481873.7172475,18,-80,-51
1739481873.7632475,-103,-25,38
1739481873.8092475,78,10,-77
1739481873.8542476,60,-25,31
1739481873.9002476,-59,-87,-54
1739481873.9462476,72,-78,-41
1739481873.9912477,12,-62,-2
1739481874.0372477,-36,88,8
1739481874.0832477,-56,16,-60
1739481874.1292477,-97,0,19
1739481874.1742475,23,-3,-98
1739481874.2202475,39,-33,20
1739481874.2662475,-131,-40,-49
1739481874.3112476,70,-67,-2
1739481874.3572476,14,-13,-46
1739481874.4032476,3,219,82
1739481874.4492476,-59,-78,-72
1739481874.4942474,-19,-35,-66
1739481874.5402474,13,11,-16
1739481874.5862474,24,23,94
1739481874.6312475,-10,-28,43
1739481874.6772475,-18,56,-84
1739481874.7232475,66,5,92
1739481874.7692475,-30,-82,-30
1739481874.8142476,46,-167,-24
1739481874.8602476,5,-12,-62
1739481874.9062476,73,27,25
1739481874.9512477,90,-45,-143
1739481874.9972477,-24,-30,-12
1739481875.0432477,43,-132,23
1739481875.0892477,-2,93,-36
1739481875.1342475,1,12,20
1739481875.1802475,-25,-30,-98
1739481875.2262475,-27,-140,-39
1739481875.2712476,43,-19,-175
1739481875.3172476,-86,-8,-68
1739481875.3632476,-15,-85,-43
1739481875.4092476,-11,0,163
1739481875.4542477,85,-108,16
1739481875.5002477,45,-50,-119
1739481875.5462475,48,91,57
1739481875.5912476,-13,-30,-30
1739481875.6372476,49,-99,-18
1739481875.6832476,8,-85,-127
1739481875.7292476,49,-75,-41
1739481875.7742476,-53,42,-25
1739481875.8202477,-45,74,67
1739481875.8662477,-12,98,-9
1739481875.9112475,-39,-14,79
1739481875.9572475,-52,-30,-19
1739481876.0032475,-38,-80,-41
1739481876.0492475,27,-59,26
1739481876.0942476,-34,30,-62
1739481876.1402476,61,-15,-185
1739481876.1862476,8,-110,-101
1739481876.2312477,-53,-22,19
1739481876.2772477,0,117,-55
1739481876.3232474,-8,14,-12
1739481876.3692474,0,-23,-81
1739481876.4142475,10,-40,86
1739481876.4602475,-43,5,-82
1739481876.5062475,19,-3,-55
1739481876.5512476,-52,-40,-229
1739481876.5972476,-35,-53,31
1739481876.6432476,-25,0,-20
1739481876.6892476,21,-191,-12
1739481876.7342474,-24,23,-7
1739481876.7802474,66,-69,37
1739481876.8262477,-31,46,-72
1739481876.8712475,-85,0,-95
1739481876.9172475,-23,-28,-76
1739481876.9632475,-57,-8,-2
1739481877.0092475,37,29,-5
1739481877.0542476,-8,-88,-25
1739481877.1002476,41,-49,0
1739481877.1462476,29,37,-32
1739481877.1912477,-60,-58,-27
1739481877.2372477,51,109,20
1739481877.2832477,-3,-24,-113
1739481877.3292477,81,-57,-107
1739481877.3742476,31,33,-60
1739481877.4202476,-31,-70,-52
1739481877.4662476,-13,-10,-145
1739481877.5112476,47,7,-77
1739481877.5572476,31,-113,59
1739481877.6032476,-37,-110,-14
1739481877.6492476,29,-173,34
1739481877.6942475,5,-53,-124
1739481877.7402475,-19,-18,19
1739481877.7862475,-15,80,-104
1739481877.8312476,-22,-42,193
1739481877.8772476,70,21,-70
1739481877.9232476,-28,-54,-15
1739481877.9692476,-15,68,-29
1739481878.0142477,5,-143,5
1739481878.0602477,-31,-32,84
1739481878.1062477,23,88,-25
1739481878.1512475,4,-39,-39
1739481878.1972475,59,-53,-119
1739481878.2432475,-61,-72,-109
1739481878.2892475,-14,-12,-55
1739481878.3342476,-17,28,-17
1739481878.3802476,49,-165,92
1739481878.4262476,31,-35,-121
1739481878.4712474,84,-105,-28
1739481878.5172474,-51,-80,-105
1739481878.5632474,22,-109,-57
1739481878.6092474,133,-73,39
1739481878.6542475,45,93,-33
1739481878.7002475,99,55,-85
1739481878.7462475,-48,78,-56
1739481878.7912476,-32,-38,-4
1739481878.8372476,-30,-66,-142
1739481878.8832476,8,27,-127
1739481878.9292476,65,25,-21
1739481878.9742477,-13,54,-4
1739481879.0202477,62,-57,-21
1739481879.0662477,-11,-70,-59
1739481879.1112475,-2,-28,-93
1739481879.1572475,69,-75,-148
1739481879.2032475,25,-29,16
1739481879.2492476,-13,-34,-52
1739481879.2942476,-23,76,-10
1739481879.3402476,-34,-22,-134
1739481879.3862476,-94,22,-15
1739481879.4312477,-59,62,-130
1739481879.4772477,-34,-40,-81
1739481879.5232477,16,-139,-161
1739481879.5692475,-22,20,-14
1739481879.6142476,1,-157,-33
1739481879.6602476,-27,38,3
1739481879.7062476,-3,-102,-42
1739481879.7512476,18,-109,2
1739481879.7972476,-7,-31,135
1739481879.8432477,-46,58,123
1739481879.8892477,27,3,77
1739481879.9342475,-13,2,-21
1739481879.9802475,-5,-106,56
1739481880.0262475,-33,-62,-15
1739481880.0712476,-18,64,-112
1739481880.1172476,-43,-172,-99
1739481880.1632476,-1,-84,-138
1739481880.2092476,-37,-140,-102
1739481880.2542477,11,-111,-28
1739481880.3002477,16,-89,54
1739481880.3462474,0,-82,-115
1739481880.3912475,-10,-90,95
1739481880.4372475,16,49,43
1739481880.4832475,-34,28,-38
1739481880.5292475,-70,0,-100
1739481880.5742476,-1,-24,-20
1739481880.6202476,60,-35,8
1739481880.6662476,66,41,22
1739481880.7112474,60,-95,-21
1739481880.7572474,24,3,50
1739481880.8032477,18,-81,-95
1739481880.8492477,121,-67,48
1739481880.8942475,37,17,-75
1739481880.9402475,18,-37,-9
1739481880.9862475,-51,-62,53
1739481881.0312476,115,23,-51
1739481881.0772476,37,13,-18
1739481881.1232476,-62,-36,56
1739481881.1692476,2,63,-74
1739481881.2142477,33,-55,-58
1739481881.2602477,13,101,-56
1739481881.3062477,-78,-110,-74
1739481881.3512475,-34,42,-25
1739481881.3972476,-49,2,-116
1739481881.4432476,27,1,-133
1739481881.4892476,-31,-36,3
1739481881.5342476,39,-41,-105
1739481881.5802476,-100,-28,-64
1739481881.6262476,-41,-78,-48
1739481881.6712475,-9,-156,-41
1739481881.7172475,-54,10,-6
1739481881.7632475,71,-109,99
1739481881.8092475,-136,-10,-123
1739481881.8542476,-1,28,104
1739481881.9002476,-32,-90,-114
1739481881.9462476,123,-41,12
1739481881.9912477,-19,-94,52
1739481882.0372477,49,37,-37
1739481882.0832477,83,-95,-56
1739481882.1292477,28,59,44
1739481882.1742475,-46,-42,-6
1739481882.2202475,27,-29,-103
1739481882.2652476,-2,-71,-24
1739481882.3102477,-91,-50,-43
1739481882.3562477,-22,88,-96
1739481882.4022477,-96,-6,78
1739481882.4472475,10,-115,83
1739481882.4932475,4,-84,-147
1739481882.5392475,-18,0,8
1739481882.5902476,-107,28,-124
1739481882.6362476,32,-23,49
1739481882.6822476,42,105,-73
1739481882.7272477,26,-105,10
1739481882.7732477,26,-159,-159
1739481882.8192475,-104,56,-15
1739481882.8652475,-21,-12,31
1739481882.9102476,64,71,18
1739481882.9562476,23,-13,-45
1739481883.0022476,-55,-42,47
1739481883.0472476,1,12,-12
1739481883.0932477,-19,-28,-17
1739481883.1392477,-15,-8,-5
1739481883.1852477,50,-47,-43
1739481883.2302475,11,-23,-16
1739481883.2762475,99,-15,19
1739481883.3222475,-4,-90,45
1739481883.3672476,24,-6,31
1739481883.4132476,-14,32,59
1739481883.4592476,71,7,114
1739481883.5052476,35,-65,-72
1739481883.5502477,29,-99,-21
1739481883.5962474,-9,44,-75
1739481883.6422474,23,29,38
1739481883.6872475,33,12,86
1739481883.7332475,66,-99,-132
1739481883.7792475,-7,-23,-118
1739481883.8252475,-45,-24,-148
1739481883.8702476,-14,30,-42
1739481883.9162476,0,-97,34
1739481883.9622476,50,11,-20
1739481884.0072474,41,-7,66
1739481884.0532477,-14,-72,-29
1739481884.0992477,26,-115,-63
1739481884.1452477,56,0,53
1739481884.1902475,-53,4,51
1739481884.2362475,41,120,-68
1739481884.2822475,-48,-17,90
1739481884.3272476,-25,-49,31
1739481884.3732476,52,68,-99
1739481884.4192476,-9,-20,-86
1739481884.4652476,-64,-57,-32
1739481884.5102477,-24,49,-45
1739481884.5562477,-18,-127,-15
1739481884.6022477,-17,67,-121
1739481884.6472476,95,-16,-7
1739481884.6932476,-2,36,-77
1739481884.7392476,-56,-95,-38
1739481884.7852476,-1,1,32
1739481884.8302476,98,-88,10
1739481884.8762476,73,-40,0
1739481884.9222476,3,115,-8
1739481884.9672475,-24,-31,-1
1739481885.0132475,37,40,65
1739481885.0592475,18,-37,19
1739481885.1052475,-10,30,-46
1739481885.1502476,15,-54,-33
1739481885.1962476,-31,65,-147
1739481885.2422476,56,58,59
1739481885.2872477,53,-22,-52
1739481885.3332477,-6,-3,-210
1739481885.3792477,41,34,-97
1739481885.4252477,-26,-31,-157
1739481885.4702475,-2,-118,-26
1739481885.5162475,-73,1,-9
1739481885.5622475,38,-150,-22
1739481885.6072476,-62,7,-42
1739481885.6532476,-90,-57,-11
1739481885.6992476,45,-94,44
1739481885.7452476,1,-61,-48
1739481885.7902474,17,-4,11
1739481885.8362474,-30,59,-31
1739481885.8822474,28,-6,81
1739481885.9272475,43,-88,-153
1739481885.9732475,24,70,-183
1739481886.0192475,0,-13,28
1739481886.0652475,17,-81,-155
1739481886.1102476,9,-28,-100
1739481886.1562476,63,-92,14
1739481886.2022476,-38,89,-70
1739481886.2472477,46,-106,-28
1739481886.2932477,-5,35,10
1739481886.3392477,30,78,-27
1739481886.3852477,26,166,81
1739481886.4302475,-14,-51,-31
1739481886.4762475,-61,-97,-20
1739481886.5222476,55,-124,6
1739481886.5692475,-26,-71,10
1739481886.6142476,0,-27,-52
1739481886.6602476,33,-6,-13
1739481886.7062476,0,-35,-58
1739481886.7512476,74,-44,-67
1739481886.7972476,38,-40,-25
1739481886.8432477,-6,9,48
1739481886.8892477,-2,9,-84
1739481886.9342475,27,66,-145
1739481886.9802475,-9,-87,-28
1739481887.0262475,1,-128,14
1739481887.0712476,133,-46,-142
1739481887.1172476,-60,71,-133
1739481887.1632476,-19,-53,131
1739481887.2092476,73,-76,-106
1739481887.2542477,32,78,-5
1739481887.3002477,27,-18,6
1739481887.3462474,-112,-33,21
1739481887.3912475,-56,-73,-35
1739481887.4372475,-36,99,-43
1739481887.4832475,51,-94,-37
1739481887.5292475,-7,77,-1
1739481887.5742476,-89,21,64
1739481887.6202476,16,92,-69
1739481887.6662476,40,-14,-154
1739481887.7112474,-31,-89,0
1739481887.7572474,1,64,32
1739481887.8032477,34,-122,54
1739481887.8492477,-24,-71,46
1739481887.8942475,-1,-87,-64
1739481887.9402475,-82,-59,-36
1739481887.9862475,36,-62,16
1739481888.0312476,0,-123,-30
1739481888.0772476,31,28,-15
1739481888.1232476,21,92,-28
1739481888.1692476,-40,35,-139
1739481888.2142477,-9,-31,-59
1739481888.2602477,40,-50,-94
1739481888.3062477,-95,7,-87
1739481888.3512475,48,44,66
1739481888.3972476,12,-49,-12
1739481888.4432476,-5,-36,105
1739481888.4892476,-28,-17,-12
1739481888.5342476,-74,-61,-5
1739481888.5802476,96,-56,-49
1739481888.6262476,-48,-3,12
1739481888.6712475,54,-26,-94
1739481888.7172475,4,-38,-14
1739481888.7632475,37,24,-31
1739481888.8092475,12,-88,-103
1739481888.8542476,15,-152,-123
1739481888.9002476,14,2,-83
1739481888.9462476,5,68,-11
1739481888.9912477,-32,29,43
1739481889.0372477,-17,13,-44
1739481889.0832477,-10,11,42
1739481889.1292477,-51,-7,71
1739481889.1742475,-27,-67,-74
1739481889.2202475,-27,-35,-19
1739481889.2662475,-14,-41,-15
1739481889.3112476,-64,11,-18
1739481889.3572476,-60,-17,-162
1739481889.4032476,-6,-98,77
1739481889.4492476,-19,33,52
1739481889.4942474,55,96,5
1739481889.5402474,53,-110,9
1739481889.5862474,65,-52,23
1739481889.6312475,-17,-9,-25
1739481889.6772475,-17,47,16
1739481889.7232475,49,20,-51
1739481889.7692475,55,-114,-119
1739481889.8142476,9,2,-64
1739481889.8602476,-12,-101,-56
1739481889.9062476,-16,-55,-81
1739481889.9512477,-114,-73,-34
1739481889.9972477,8,-78,-90
1739481890.0432477,-34,113,39
1739481890.0892477,-13,-160,-12
1739481890.1342475,-34,13,-172
1739481890.1802475,-8,40,118
1739481890.2262475,96,-124,-2
1739481890.2712476,-35,17,-152
1739481890.3172476,73,-82,84
1739481890.3632476,3,-68,-26
1739481890.4092476,-10,19,-15
1739481890.4542477,15,-159,-57
1739481890.5002477,20,-71,86
1739481890.5462475,-37,-15,-65
1739481890.5912476,-39,11,-73
1739481890.6372476,44,-88,-181
1739481890.6832476,-113,-63,39
1739481890.7292476,-61,93,-66
1739481890.7742476,-3,-123,-11
1739481890.8202477,15,-34,-92
1739481890.8662477,2,-63,70
1739481890.9112475,-13,49,-103
1739481890.9572475,14,-81,13
1739481891.0032475,-12,18,54
1739481891.0492475,19,-90,49
1739481891.0942476,-17,-17,-41
1739481891.1402476,-18,-197,39
1739481891.1862476,37,22,30
1739481891.2312477,0,-34,-30
1739481891.2772477,-35,-95,-68
1739481891.3232474,-7,41,10
1739481891.3692474,-96,-15,42
1739481891.4142475,21,-114,-13
1739481891.4602475,64,-26,55
1739481891.5062475,62,94,-128
1739481891.5512476,37,-54,-35
1739481891.5972476,-66,23,4
1739481891.6432476,-87,-29,-24
1739481891.6892476,46,-16,-91
1739481891.7342474,16,-50,-59
1739481891.7802474,-45,-21,-46
1739481891.8262477,7,-8,65
1739481891.8712475,43,-110,-10
1739481891.9172475,-3,66,-104
1739481891.9632475,-47,17,-33
1739481892.0092475,-72,-137,-71
1739481892.0542476,33,-44,-12
1739481892.1002476,-23,19,-47
1739481892.1462476,38,-90,-11
1739481892.1912477,0,34,-143
1739481892.2372477,-50,-67,-88
1739481892.2832477,-15,-71,15
1739481892.3292477,65,-46,-113
1739481892.3742476,-58,-141,-88
1739481892.4202476,21,8,35
1739481892.4662476,-20,9,26
1739481892.5112476,14,13,-52
1739481892.5572476,-114,-112,31
1739481892.6092474,1,-40,-139
1739481892.6542475,0,-40,-1
1739481892.7002475,-122,-82,-74
1739481892.7462475,68,89,0
1739481892.7912476,57,13,-68
1739481892.8372476,38,24,-98
1739481892.8832476,-47,-17,-106
1739481892.9292476,27,-4,-43
1739481892.9742477,29,-128,-71
1739481893.0202477,-86,133,19
1739481893.0662477,-42,-47,-91
1739481893.1112475,12,6,0
1739481893.1572475,7,-118,-73
1739481893.2032475,-16,-85,37
1739481893.2492476,-10,-35,-58
1739481893.2942476,-36,3,-57
1739481893.3402476,-26,-95,-30
1739481893.3862476,-15,-29,-30
1739481893.4312477,-32,61,51
1739481893.4772477,-43,-101,27
1739481893.5232477,-13,1,-76
1739481893.5692475,-1,-74,-56
1739481893.6142476,19,-72,97
1739481893.6602476,6,-54,-48
1739481893.7062476,-39,35,8
1739481893.7512476,-54,-11,-84
1739481893.7972476,33,-50,-94
1739481893.8432477,15,-35,-54
1739481893.8892477,-15,-8,-110
1739481893.9342475,-84,52,-91
1739481893.9802475,-29,-86,29
1739481894.0262475,97,-3,-102
1739481894.0712476,33,61,-66
1739481894.1172476,72,-157,-14
1739481894.1632476,-49,-8,-59
1739481894.2092476,-41,48,-108
1739481894.2542477,73,-19,30
1739481894.3002477,-30,62,-96
1739481894.3462474,-72,-14,124
1739481894.3912475,47,59,-48
1739481894.4372475,1,-94,-18
1739481894.4832475,0,75,20
1739481894.5292475,-49,-1,-5
1739481894.5742476,21,22,-101
1739481894.6202476,-61,47,-20
1739481894.6662476,-8,-63,-141
1739481894.7112474,-71,-45,-54
1739481894.7572474,-2,-15,-92
1739481894.8032477,-4,25,-44
1739481894.8492477,-25,9,-38
1739481894.8942475,-13,64,8
1739481894.9402475,39,-33,-131
1739481894.9862475,-41,-74,-40
1739481895.0312476,-30,-102,-60
1739481895.0772476,-86,-74,0
1739481895.1232476,57,-77,-7
1739481895.1692476,0,-178,-65
1739481895.2142477,30,-77,80
1739481895.2602477,-57,60,149
1739481895.3062477,-10,-9,-3
1739481895.3512475,-9,103,-80
1739481895.3972476,-108,-20,-100
1739481895.4432476,-16,-98,-54
1739481895.4892476,-52,-118,-123
1739481895.5342476,15,-101,-65
1739481895.5802476,-115,-86,-57
1739481895.6262476,-20,-98,-42
1739481895.6712475,-46,62,-92
1739481895.7172475,-6,23,-54
1739481895.7632475,15,40,-15
1739481895.8092475,-44,-118,-122
1739481895.8542476,3,-74,-212
1739481895.9002476,14,-58,-52
1739481895.9462476,12,-50,-57
1739481895.9912477,-39,-29,135
1739481896.0372477,2,49,52
1739481896.0832477,16,-60,-106
1739481896.1292477,55,-64,-126
1739481896.1742475,-30,-43,3
1739481896.2202475,110,13,-62
1739481896.2662475,34,-13,-187
1739481896.3112476,12,13,-178
1739481896.3572476,-61,5,-78
1739481896.4032476,-31,33,-149
1739481896.4492476,113,42,2
1739481896.4942474,-1,53,-4
1739481896.5402474,29,-74,2
1739481896.5862474,-31,-75,-20
1739481896.6312475,-46,-73,-100
1739481896.6772475,22,-32,-57
1739481896.7232475,7,52,-37
1739481896.7692475,48,54,-74
1739481896.8142476,3,18,-20
1739481896.8602476,56,-118,-72
1739481896.9062476,15,-66,-98
1739481896.9512477,23,22,-14
1739481896.9972477,-4,57,-3
1739481897.0432477,-19,24,-18
1739481897.0892477,31,-97,-64
1739481897.1342475,53,-173,-57
1739481897.1802475,-49,92,-69
1739481897.2262475,76,69,59
1739481897.2712476,11,-117,-111
1739481897.3172476,-32,-150,-14
1739481897.3632476,53,-83,-17
1739481897.4092476,81,23,-46
1739481897.4542477,-19,-92,22
1739481897.5002477,30,-111,-28
1739481897.5462475,-39,30,-83
1739481897.5912476,27,54,20
1739481897.6372476,77,-62,-145
1739481897.6832476,15,-6,-12
1739481897.7272477,-53,-32,-112
1739481897.7732477,-38,-123,-41
1739481897.8192475,-15,-75,49
1739481897.8652475,35,-128,-86
1739481897.9102476,8,-52,-84
1739481897.9562476,28,29,-85
1739481898.0022476,-8,-2,30
1739481898.0472476,-24,-6,-18
1739481898.0932477,22,-110,-171
1739481898.1392477,47,-7,1
1739481898.1852477,-33,-42,40
1739481898.2302475,41,27,-21
1739481898.2762475,-54,-24,-50
1739481898.3222475,10,-22,46
1739481898.3672476,-51,-90,-66
1739481898.4132476,-21,-10,61
1739481898.4592476,-37,-82,-43
1739481898.5052476,-22,83,-31
1739481898.5502477,-23,43,72
1739481898.5962474,14,-55,-23
1739481898.6422474,-71,-76,-1
1739481898.6872475,-63,76,-40
1739481898.7332475,5,-64,-20
1739481898.7792475,-66,-126,36
1739481898.8252475,13,-37,92
1739481898.8702476,18,43,33
1739481898.9162476,11,21,-49
1739481898.9622476,-31,36,-74
1739481899.0072474,4,-19,-37
1739481899.0532477,-14,-94,26
1739481899.0992477,2,-201,-98
1739481899.1452477,-33,0,-54
1739481899.1902475,-25,-4,5
1739481899.2362475,55,-22,5
1739481899.2822475,-24,-20,-60
1739481899.3272476,-35,-39,8
1739481899.3732476,50,41,-31
1739481899.4192476,-41,39,15
1739481899.4652476,-53,-67,39
1739481899.5102477,-19,-8,-52
1739481899.5562477,-26,-13,-90
1739481899.6022477,-7,-15,56
1739481899.6472476,0,-10,-81
1739481899.6932476,22,3,-60
1739481899.7392476,-21,28,-50
1739481899.7852476,86,-155,-68
1739481899.8302476,-103,18,-75
1739481899.8762476,19,-33,-81
1739481899.9222476,-56,-86,-3
1739481899.9672475,-3,26,-125
1739481900.0132475,10,-22,52
1739481900.0592475,-31,-42,14
1739481900.1052475,93,27,-24
1739481900.1502476,-45,-88,-126
1739481900.1962476,51,-27,-37
1739481900.2422476,34,-64,-68
1739481900.2872477,25,-9,-191
1739481900.3332477,-25,-40,-85
1739481900.3792477,24,-56,-59
1739481900.4252477,12,-58,57
1739481900.4702475,58,-10,-155
1739481900.5162475,14,-91,-32
1739481900.5622475,-44,-63,-135
1739481900.6072476,0,-72,-68
1739481900.6532476,13,-60,72
1739481900.6992476,-32,-5,-22
1739481900.7452476,-63,-53,0
1739481900.7902474,-25,-181,30
1739481900.8362474,-63,-33,-61
1739481900.8822474,-81,-83,-79
1739481900.9272475,27,-3,104
1739481900.9732475,-35,-26,-68
1739481901.0192475,-12,-9,-40
1739481901.0652475,70,-79,-46
1739481901.1102476,36,21,28
1739481901.1562476,18,-36,-128
1739481901.2022476,-20,-107,41
1739481901.2472477,4,5,-49
1739481901.2932477,-33,-11,19
1739481901.3392477,14,35,52
1739481901.3852477,-33,45,-172
1739481901.4302475,-4,-8,38
1739481901.4762475,52,102,-94
1739481901.5222476,13,-93,10
1739481901.5672476,14,-11,24
1739481901.6132476,-42,15,36
1739481901.6592476,-24,-9,61
1739481901.7052476,14,-9,-80
1739481901.7502477,-103,-22,-129
1739481901.7962475,1,50,53
1739481901.8422475,67,30,61
1739481901.8872476,14,-103,1
1739481901.9332476,-54,-60,-83
1739481901.9792476,-9,-72,-2
1739481902.0252476,-8,-33,-39
1739481902.0702477,86,-59,-67
1739481902.1162477,31,-48,-27
1739481902.1622477,41,-11,19
1739481902.2072475,19,35,-131
1739481902.2532475,15,-81,-118
1739481902.2992475,-3,28,-116
1739481902.3452475,-56,-116,77
1739481902.3902476,9,-137,34
1739481902.4362476,32,-73,79
1739481902.4822476,41,-83,48
1739481902.5272477,23,90,-62
1739481902.5732474,7,-95,17
1739481902.6252477,52,-135,-24
1739481902.6702476,82,103,26
1739481902.7162476,-45,-38,-33
1739481902.7622476,0,-45,-143
1739481902.8072476,-13,-36,-9
1739481902.8532476,3,0,-43
1739481902.8992476,48,33,-31
1739481902.9452477,12,11,-97
1739481902.9902475,-21,-46,-59
1739481903.0362475,47,-139,-40
1739481903.0822475,-107,-52,-128
1739481903.1272476,-40,20,-42
1739481903.1732476,-12,12,33
1739481903.2192476,-22,-38,-38
1739481903.2652476,-67,-160,10
1739481903.3102477,63,-17,5
1739481903.3562477,83,-97,-55
1739481903.4022477,-114,0,0
1739481903.4472475,112,-23,-168
1739481903.4932475,-48,-46,79
1739481903.5402474,5,-12,-84
1739481903.5862474,-11,91,-34
1739481903.6312475,29,-45,45
1739481903.6772475,11,123,-88
1739481903.7232475,-84,24,-11
1739481903.7682476,44,-15,-71
1739481903.8142476,-18,16,-82
1739481903.8602476,-39,-148,18
1739481903.9062476,43,-123,17
1739481903.9512477,8,26,-122
1739481903.9972477,17,-37,-101
1739481904.0432477,-42,-102,45
1739481904.0882475,41,33,9
1739481904.1342475,-38,-44,-73
1739481904.1802475,37,-55,-57
1739481904.2262475,4,21,-93
1739481904.2712476,-20,-68,-21
1739481904.3172476,73,-105,-117
1739481904.3632476,20,10,21
1739481904.4082477,100,-1,115
1739481904.4542477,5,-73,-53
1739481904.5002477,11,-85,6
1739481904.5462475,-70,138,-74
1739481904.5912476,18,-59,37
1739481904.6372476,41,-11,-62
1739481904.6832476,10,84,-12
1739481904.7282476,-7,7,-96
1739481904.7742476,-15,12,-80
1739481904.8202477,25,3,-86
1739481904.8662477,-5,-41,-145
1739481904.9112475,-34,-76,-86
1739481904.9572475,-67,-110,-18
1739481905.0032475,12,73,-33
1739481905.0482476,28,-89,-86
1739481905.0942476,-22,-8,-41
1739481905.1402476,-113,-18,-9
1739481905.1862476,-31,192,71
1739481905.2312477,61,-3,55
1739481905.2772477,1,-106,-49
1739481905.3232474,30,-23,-19
1739481905.3682475,-49,-36,-107
1739481905.4142475,76,23,12
1739481905.4602475,17,35,-7
1739481905.5062475,-19,62,-10
1739481905.5512476,-52,-10,-39
1739481905.5972476,10,-23,-157
1739481905.6432476,94,1,-134
1739481905.6882474,44,-85,3
1739481905.7342474,11,47,-101
1739481905.7802474,42,-63,-145
1739481905.8262477,-58,-40,5
1739481905.8712475,38,-21,9
1739481905.9172475,44,-49,-66
1739481905.9632475,9,-33,-32
1739481906.0082476,-17,-64,-74
1739481906.0542476,-35,94,41
1739481906.1002476,7,21,63
1739481906.1462476,-1,-52,-22
1739481906.1912477,41,-75,-90
1739481906.2372477,-95,-52,-85
1739481906.2832477,34,-115,-105
1739481906.3282475,-28,14,-52
1739481906.3742476,-5,-162,0
1739481906.4202476,-84,-80,-27
1739481906.4662476,-29,-62,-112
1739481906.5112476,-26,-44,24
1739481906.5572476,-30,-40,-10
1739481906.6032476,-102,-76,-76
1739481906.6482477,-26,-122,68
1739481906.6942475,-29,14,-81
1739481906.7402475,55,-67,3
1739481906.7862475,-60,-50,-116
1739481906.8312476,14,7,0
1739481906.8772476,-19,-34,-61
1739481906.9232476,7,-67,-16
1739481906.9682477,63,9,-86
1739481907.0142477,-8,-192,16
1739481907.0602477,-4,-76,98
1739481907.1062477,28,-3,62
1739481907.1512475,13,-43,-82
1739481907.1972475,38,-67,-31
1739481907.2432475,3,67,107
1739481907.2882476,-55,-72,-81
1739481907.3342476,96,-121,-10
1739481907.3802476,-78,-8,20
1739481907.4262476,-106,22,-116
1739481907.4712474,-15,-36,40
1739481907.5172474,-14,-172,-60
1739481907.5632474,-77,-10,-60
1739481907.6082475,-45,-78,2
1739481907.6542475,-6,0,-70
1739481907.7002475,28,-145,-156
1739481907.7462475,26,11,-53
1739481907.7912476,64,-171,-33
1739481907.8372476,-52,-46,-44
1739481907.8832476,-52,-96,-38
1739481907.9282477,-44,-48,0
1739481907.9742477,74,-125,-83
1739481908.0202477,2,119,-154
1739481908.0662477,0,45,7
1739481908.1112475,117,37,24
1739481908.1572475,-9,-68,-89
1739481908.2032475,10,-5,-86
1739481908.2482476,4,60,-74
1739481908.2942476,-32,70,-68
1739481908.3402476,13,35,-91
1739481908.3862476,87,-9,29
1739481908.4312477,24,-133,-20
1739481908.4772477,10,-49,-8
1739481908.5232477,32,-25,-50
1739481908.5682476,-86,-48,-58
1739481908.6142476,-14,-72,-123
1739481908.6602476,-26,-34,-23
1739481908.7062476,36,-47,160
1739481908.7512476,-13,-110,-44
1739481908.7972476,-38,-58,-157
1739481908.8432477,-43,-22,30
1739481908.8882475,-18,-50,29
1739481908.9342475,1,-189,-112
1739481908.9802475,-11,28,-44
1739481909.0262475,-57,-54,-54
1739481909.0712476,-35,26,-115
1739481909.1172476,-22,-68,-24
1739481909.1632476,-58,-16,50
1739481909.2082477,0,0,10
1739481909.2542477,8,98,-62
1739481909.3002477,-40,-32,40
1739481909.3462474,23,-45,-93
1739481909.3912475,-105,30,-30
1739481909.4372475,-5,-121,-28
1739481909.4832475,96,-11,-95
1739481909.5282476,15,109,-133
1739481909.5742476,-46,-94,-73
1739481909.6202476,-33,-30,-51
1739481909.6662476,79,-95,-18
1739481909.7112474,-48,0,23
1739481909.7572474,-7,-14,-87
1739481909.8032477,-8,-75,-41
1739481909.8482475,31,-141,-36
1739481909.8942475,-19,63,-153
1739481909.9402475,16,-41,-87
1739481909.9862475,32,-75,6
1739481910.0312476,102,-21,14
1739481910.0772476,5,-149,96
1739481910.1232476,18,-35,-76
1739481910.1682477,-3,-27,42
1739481910.2142477,-6,46,-88
1739481910.2602477,-40,-2,-41
1739481910.3062477,15,-51,-27
1739481910.3512475,-5,-67,31
1739481910.3972476,-115,90,72
1739481910.4432476,-80,-18,-47
1739481910.4882476,33,-123,28
1739481910.5342476,-18,-2,-3
1739481910.5802476,-102,12,45
1739481910.6262476,41,187,-22
1739481910.6712475,4,-15,-141
1739481910.7172475,5,35,-30
1739481910.7632475,-33,-50,22
1739481910.8082476,-21,34,-26
1739481910.8542476,-68,8,30
1739481910.9002476,90,-105,88
1739481910.9462476,-36,-18,-199
1739481910.9912477,-47,-62,-40
1739481911.0372477,49,-79,15
1739481911.0832477,52,5,3
1739481911.1282475,-36,30,-87
1739481911.1742475,37,41,104
1739481911.2202475,-5,-12,-145
1739481911.2662475,18,-1,-95
1739481911.3112476,27,23,-14
1739481911.3572476,-82,-38,63
1739481911.4032476,54,95,34
1739481911.4482474,-26,-24,-61
1739481911.4942474,16,25,-25
1739481911.5402474,60,-9,-64
1739481911.5862474,42,19,35
1739481911.6312475,-35,-64,-34
1739481911.6772475,11,1,-8
1739481911.7232475,-37,38,-52
1739481911.7682476,28,-59,-101
1739481911.8142476,-97,-178,27
1739481911.8602476,48,21,54
1739481911.9062476,39,35,-11
1739481911.9512477,33,45,32
1739481911.9972477,42,23,-57
1739481912.0432477,12,-99,33
1739481912.0882475,-74,-84,-90
1739481912.1342475,21,32,-96
1739481912.1802475,-65,-16,-53
1739481912.2262475,12,-81,-137
1739481912.2712476,-13,-28,127
1739481912.3172476,-48,24,-115
1739481912.3632476,61,71,25
1739481912.4082477,-40,-74,-4
1739481912.4542477,52,-23,18
1739481912.5002477,-61,-36,143
1739481912.5462475,13,3,-31
1739481912.5912476,-50,0,-78
1739481912.6432476,-38,-92,-35
1739481912.6882474,-60,-18,-144
1739481912.7342474,47,35,-34
1739481912.7802474,6,-17,-108
1739481912.8262477,4,-86,-18
1739481912.8712475,26,35,-56
1739481912.9172475,16,5,-7
1739481912.9632475,-1,-17,-14
1739481913.0082476,-13,-24,-100
1739481913.0542476,5,15,-60
1739481913.1002476,11,-89,-158
1739481913.1462476,46,-69,-92
1739481913.1902475,-31,184,-105
1739481913.2362475,-48,-92,-58
1739481913.2822475,19,19,-54
1739481913.3272476,60,29,-30
1739481913.3732476,3,-105,-167
1739481913.4192476,-28,8,65
1739481913.4642477,-41,-126,-164
1739481913.5102477,42,61,-36
1739481913.5562477,11,-51,-140
1739481913.6022477,46,-1,121
1739481913.6472476,36,13,-13
1739481913.6932476,-46,38,-5
1739481913.7392476,30,-73,-26
1739481913.7842476,7,148,10
1739481913.8302476,-44,-114,-10
1739481913.8762476,68,-67,-131
1739481913.9222476,-60,-24,-121
1739481913.9672475,62,-7,-57
1739481914.0132475,28,1,26
1739481914.0592475,-12,-81,-78
1739481914.1042476,-104,-66,26
1739481914.1502476,10,-73,-71
1739481914.1962476,64,-139,17
1739481914.2422476,-54,-64,64
1739481914.2872477,-18,30,13
1739481914.3332477,-7,-32,-32
1739481914.3792477,45,-17,6
1739481914.4242475,-96,-120,1
1739481914.4702475,15,53,-124
1739481914.5162475,16,-36,-79
1739481914.5622475,-24,28,-38
1739481914.6072476,8,-84,69
1739481914.6532476,37,-49,-86
1739481914.6992476,-3,-82,-20
1739481914.7442474,49,33,-28
1739481914.7902474,69,-79,82
1739481914.8362474,44,55,-69
1739481914.8822474,29,55,-127
1739481914.9272475,-68,-12,-69
1739481914.9732475,51,3,-141
1739481915.0192475,18,-153,-7
1739481915.0642476,30,-95,-115
1739481915.1102476,3,46,-48
1739481915.1562476,-34,62,36
1739481915.2022476,38,-115,-9
1739481915.2472477,-13,-32,-88
1739481915.2932477,-72,-164,35
1739481915.3392477,5,-87,5
1739481915.3842475,2,-59,-37
1739481915.4302475,-13,28,-91
1739481915.4762475,-74,-104,0
1739481915.5222476,-25,48,-21
1739481915.5672476,-36,-66,6
1739481915.6132476,-15,-16,-74
1739481915.6592476,-75,-36,-83
1739481915.7042477,21,-50,-98
1739481915.7502477,-54,-20,30
1739481915.7962475,-47,38,46
1739481915.8422475,80,15,-8
1739481915.8872476,-95,-108,-48
1739481915.9332476,-109,-10,19
1739481915.9792476,11,5,12
1739481916.0242476,-27,-120,-53
1739481916.0702477,-18,-78,-72
1739481916.1162477,-12,-44,17
1739481916.1622477,-29,-134,-88
1739481916.2072475,-99,-92,20
1739481916.2532475,44,-7,69
1739481916.2992475,-23,-32,-35
1739481916.3442476,-61,-42,-66
1739481916.3902476,18,131,-5
1739481916.4362476,-4,-30,-7
1739481916.4822476,-20,26,-99
1739481916.5272477,29,74,-98
1739481916.5732474,-22,-104,-88
1739481916.6192474,21,-49,15
1739481916.6642475,2,-138,-130
1739481916.7102475,-28,-102,0
1739481916.7562475,-99,-102,105
1739481916.8022475,36,47,-60
1739481916.8472476,34,-27,26
1739481916.8932476,40,-65,-62
1739481916.9392476,-56,-100,-116
1739481916.9842474,9,-6,14
1739481917.0302474,29,-57,53
1739481917.0762477,-51,32,27
1739481917.1222477,59,-37,-23
1739481917.1672475,-40,-42,37
1739481917.2132475,53,-87,-24
1739481917.2592475,-7,28,-114
1739481917.3042476,-21,-56,-83
1739481917.3502476,8,-11,-61
1739481917.3962476,-32,-104,66
1739481917.4422476,-63,6,-86
1739481917.4872477,-12,-84,-86
1739481917.5332477,26,99,-55
1739481917.5792477,13,-7,-154
1739481917.6242476,-53,-114,-33
1739481917.6702476,40,-64,-19
1739481917.7162476,30,-76,-57
1739481917.7622476,-9,-49,-122
1739481917.8072476,10,48,-64
1739481917.8532476,-44,17,37
1739481917.8992476,48,32,-61
1739481917.9442475,71,-28,-115
1739481917.9902475,0,-98,19
1739481918.0362475,87,152,-51
1739481918.0822475,-61,47,15
1739481918.1272476,-19,-69,152
1739481918.1732476,23,-14,83
1739481918.2192476,-38,-65,-88
1739481918.2642477,-47,-91,7
1739481918.3102477,39,-130,-72
1739481918.3562477,-7,-79,-15
1739481918.4022477,-29,7,-27
1739481918.4472475,39,-50,-44
1739481918.4932475,7,0,-74
1739481918.5392475,-7,-31,-88
1739481918.5842476,-76,21,-36
1739481918.6302476,0,-111,-99
1739481918.6762476,40,-106,27
1739481918.7222476,30,-42,-19
1739481918.7672474,-21,-25,-14
1739481918.8132474,-17,-63,-92
1739481918.8592474,14,-140,-96
1739481918.9042475,57,74,-69
1739481918.9502475,4,16,10
1739481918.9962475,-55,-77,-78
1739481919.0422475,-18,-55,19
1739481919.0872476,11,-68,97
1739481919.1332476,107,-14,9
1739481919.1792476,-48,37,-45
1739481919.2242477,-1,-51,-58
1739481919.2702477,22,72,-111
1739481919.3162477,-83,139,-123
1739481919.3622477,4,-100,-43
1739481919.4072475,54,28,-192
1739481919.4532475,120,-52,0
1739481919.4992476,-38,-11,-101
1739481919.5442476,33,68,-138
1739481919.5902476,22,0,-23
1739481919.6362476,-109,-87,55
1739481919.6822476,27,-64,-51
1739481919.7272477,-2,-58,9
1739481919.7732477,-4,79,-11
1739481919.8192475,-27,-67,28
1739481919.8642476,-63,-113,20
1739481919.9102476,-35,-77,-25
1739481919.9562476,-17,-93,-5
1739481920.0022476,60,-24,105
1739481920.0472476,-55,-107,13
1739481920.0932477,-8,5,63
1739481920.1392477,131,-18,-65
1739481920.1842475,-29,-79,-65
1739481920.2302475,36,68,-23
1739481920.2762475,-17,-25,-52
1739481920.3222475,-13,15,-148
1739481920.3672476,9,51,-37
1739481920.4132476,-68,-7,-92
1739481920.4592476,0,59,-62
1739481920.5042477,52,-140,41
1739481920.5502477,-17,-85,-165
1739481920.5962474,-14,-37,61
1739481920.6422474,-80,103,-70
1739481920.6872475,2,-112,-50
1739481920.7332475,16,-104,95
1739481920.7792475,9,-52,-87
1739481920.8242476,42,-196,-12
1739481920.8702476,3,-24,-58
1739481920.9162476,0,-65,25
1739481920.9622476,59,-34,31
1739481921.0072474,-18,45,-37
1739481921.0532477,0,-24,113
1739481921.0992477,-27,-23,-46
1739481921.1442475,77,50,27
1739481921.1902475,-10,-35,-48
1739481921.2362475,-113,49,-120
1739481921.2822475,-53,-19,-59
1739481921.3272476,84,-114,-47
1739481921.3732476,77,-28,47
1739481921.4192476,-27,31,50
1739481921.4642477,19,-26,-25
1739481921.5102477,-44,13,52
1739481921.5562477,91,-20,-118
1739481921.6022477,3,-28,110
1739481921.6472476,58,-126,-123
1739481921.6932476,11,71,126
1739481921.7392476,-37,24,60
1739481921.7842476,0,-2,-136
1739481921.8302476,-21,-74,-90
1739481921.8762476,-10,-32,17
1739481921.9222476,16,-99,-54
1739481921.9672475,-44,-14,28
1739481922.0132475,-31,18,-41
1739481922.0592475,38,-21,-85
1739481922.1042476,-6,-28,56
1739481922.1502476,65,-170,-23
1739481922.1962476,51,-109,62
1739481922.2422476,-41,-118,63
1739481922.2872477,-154,-48,57
1739481922.3332477,-58,-48,-9
1739481922.3792477,27,-109,7
1739481922.4242475,58,-13,-5
1739481922.4702475,131,-65,-26
1739481922.5162475,-14,-61,-73
1739481922.5622475,35,58,36
1739481922.6072476,-46,-10,-75
1739481922.6592476,-21,-32,-4
1739481922.7042477,27,-44,80
1739481922.7502477,-33,-25,-5
1739481922.7962475,-1,-39,-25
1739481922.8422475,-22,-169,48
1739481922.8872476,-61,11,-114
1739481922.9332476,15,-63,-26
1739481922.9792476,-41,50,2
1739481923.0242476,31,8,36
1739481923.0702477,5,12,-20
1739481923.1162477,-40,-39,-137
1739481923.1622477,-29,9,-40
1739481923.2072475,15,-114,-127
1739481923.2532475,35,-80,-40
1739481923.2992475,-18,-59,-45
1739481923.3442476,66,-6,-33
1739481923.3902476,-42,-21,-85
1739481923.4362476,-52,-17,-25
1739481923.4822476,-16,38,59
1739481923.5272477,42,-67,-10
1739481923.5732474,50,-65,-30
1739481923.6192474,4,-13,58
1739481923.6642475,-90,-80,-77
1739481923.7102475,-24,9,-92
1739481923.7562475,-108,-99,-27
1739481923.8022475,2,-45,-96
1739481923.8472476,-69,-43,-17
1739481923.8932476,58,78,89
1739481923.9392476,60,24,21
1739481923.9842474,27,-8,-15
1739481924.0302474,-48,-47,-28
1739481924.0762477,95,58,-94
1739481924.1222477,-86,39,69
1739481924.1672475,33,21,-66
1739481924.2132475,-31,-27,22
1739481924.2592475,36,-106,-75
1739481924.3042476,-25,-37,-20
1739481924.3502476,-21,23,-38
1739481924.3962476,55,-73,-42
1739481924.4422476,1,6,-26
1739481924.4872477,40,-99,51
1739481924.5332477,18,25,-126
1739481924.5792477,13,41,-10
1739481924.6242476,-10,-70,-31
1739481924.6702476,26,95,-14
1739481924.7162476,21,-37,-108
1739481924.7622476,-51,-10,47
1739481924.8072476,-3,-75,-19
1739481924.8532476,-13,71,112
1739481924.8992476,22,-70,21
1739481924.9442475,57,69,-87
1739481924.9902475,6,-135,26
1739481925.0362475,-42,-35,-70
1739481925.0822475,-51,-5,-68
1739481925.1272476,-8,-18,27
1739481925.1732476,46,-92,-27
1739481925.2192476,5,-106,38
1739481925.2642477,25,-12,-94
1739481925.3102477,-83,-116,-113
1739481925.3562477,-33,-88,-12
1739481925.4022477,-50,54,-21
1739481925.4472475,-47,-174,-17
1739481925.4932475,50,-133,-63
1739481925.5392475,-36,-4,-10
1739481925.5842476,17,-48,-34
1739481925.6302476,-1,109,40
1739481925.6762476,36,-104,2
1739481925.7222476,-50,-66,-29
1739481925.7672474,-4,-1,-40
1739481925.8132474,-37,-30,-69
1739481925.8592474,48,3,35
1739481925.9042475,27,-59,-62
1739481925.9502475,15,0,16
1739481925.9962475,33,-29,7
1739481926.0422475,-13,0,-81
1739481926.0872476,-23,-12,-68
1739481926.1332476,-50,-8,-72
1739481926.1792476,-18,44,-110
1739481926.2242477,-36,-144,-92
1739481926.2702477,28,49,-20
1739481926.3162477,14,-89,-170
1739481926.3622477,13,34,9
1739481926.4072475,-73,17,-82
1739481926.4532475,57,-9,-45
1739481926.4992476,2,-142,-120
1739481926.5442476,-24,-179,1
1739481926.5902476,-149,-81,1
1739481926.6362476,-21,-110,-69
1739481926.6822476,-43,15,-35
1739481926.7272477,-21,-49,14
1739481926.7732477,0,0,1
1739481926.8192475,-80,-55,-62
1739481926.8642476,-22,34,-41
1739481926.9102476,16,-189,4
1739481926.9562476,-61,-2,-76
1739481927.0022476,-68,74,-53
1739481927.0472476,2,74,23
1739481927.0932477,-57,-156,-61
1739481927.1392477,-7,-30,-76
1739481927.1842475,-105,6,40
1739481927.2302475,43,-25,-76
1739481927.2762475,-20,-56,-40
1739481927.3222475,78,-125,19
1739481927.3672476,19,-77,8
1739481927.4132476,16,85,-40
1739481927.4592476,-39,-6,-135
1739481927.5042477,-4,-42,-51
1739481927.5502477,-9,-27,-56
1739481927.5962474,55,-44,-34
1739481927.6422474,-20,-152,22
1739481927.6872475,-12,-131,-9
1739481927.7332475,55,-84,-52
1739481927.7792475,-38,-45,0
1739481927.8242476,-44,59,-45
1739481927.8702476,-44,-67,-69
1739481927.9162476,44,-178,33
1739481927.9622476,0,28,29
1739481928.0072474,47,96,-180
1739481928.0532477,15,-102,-22
1739481928.0992477,-26,-69,-76
1739481928.1442475,25,-100,26
1739481928.1902475,-58,65,-70
1739481928.2362475,20,-52,-39
1739481928.2822475,-5,-49,-45
1739481928.3272476,-84,-5,-62
1739481928.3732476,-124,-61,-107
1739481928.4192476,-26,-28,-68
1739481928.4642477,-11,0,38
1739481928.5102477,-31,-110,-121
1739481928.5562477,14,-5,-82
1739481928.6022477,77,-81,-160
1739481928.6472476,9,-79,-11
1739481928.6932476,-14,10,6
1739481928.7392476,-83,-36,0
1739481928.7842476,31,-45,87
1739481928.8302476,36,-15,-59
1739481928.8762476,-51,-48,20
1739481928.9222476,-31,82,7
1739481928.9672475,-27,98,-12
1739481929.0132475,0,-82,-51
1739481929.0592475,42,-81,-1
1739481929.1042476,-34,-53,-27
1739481929.1502476,-21,58,18
1739481929.1962476,-84,-70,-31
1739481929.2422476,-18,125,-4
1739481929.2872477,73,-30,1
1739481929.3332477,48,36,20
1739481929.3792477,0,-9,71
1739481929.4242475,28,-8,60
1739481929.4702475,-96,5,-78
1739481929.5162475,-86,-95,-69
1739481929.5622475,2,53,0
1739481929.6072476,25,8,-77
1739481929.6532476,-2,-5,25
1739481929.6992476,72,14,-91
1739481929.7442474,-54,-55,-80
1739481929.7902474,-73,-137,-80
1739481929.8362474,-47,-19,-61
1739481929.8822474,-4,14,-33
1739481929.9272475,-39,-123,3
1739481929.9732475,10,-104,-11
1739481930.0192475,-127,-207,-79
1739481930.0642476,29,38,48
1739481930.1102476,-4,25,-61
1739481930.1562476,43,28,-180
1739481930.2022476,-20,47,79
1739481930.2472477,68,-39,35
1739481930.2932477,16,-2,-59
1739481930.3392477,6,-105,49
1739481930.3842475,-74,-3,-33
1739481930.4302475,-35,-70,-95
1739481930.4762475,5,-3,-100
1739481930.5222476,-41,-50,-92
1739481930.5672476,-50,42,-56
1739481930.6132476,-6,15,-153
1739481930.6592476,-6,-13,9
1739481930.7042477,-40,-122,30
1739481930.7502477,16,-17,37
1739481930.7962475,39,-47,-42
1739481930.8422475,-15,-226,87
1739481930.8872476,-92,-83,-76
1739481930.9332476,20,113,7
1739481930.9792476,-88,-82,16
1739481931.0242476,31,25,-73
1739481931.0702477,-99,118,-62
1739481931.1162477,-33,-66,-97
1739481931.1622477,59,-189,-81
1739481931.2072475,-68,76,29
1739481931.2532475,25,-42,-92
1739481931.2992475,37,-96,-21
1739481931.3442476,-58,32,2
1739481931.3902476,79,-59,-33
1739481931.4362476,-62,-50,-43
1739481931.4822476,-45,-154,-133
1739481931.5272477,8,-131,127
1739481931.5732474,3,13,-78
1739481931.6192474,37,-7,-28
1739481931.6642475,48,121,10
1739481931.7102475,-74,58,55
1739481931.7562475,-16,-6,-54
1739481931.8022475,19,3,43
1739481931.8472476,56,31,24
1739481931.8932476,41,-112,-118
1739481931.9392476,-20,20,18
1739481931.9842474,-21,38,-49
1739481932.0302474,-34,-28,-30
1739481932.0762477,3,7,95
1739481932.1222477,30,-9,-46
1739481932.1672475,-1,-67,-68
1739481932.2132475,24,51,-55
1739481932.2592475,57,-23,-3
1739481932.3042476,-20,-58,71
1739481932.3502476,-19,-25,6
1739481932.3962476,-6,-52,-161
1739481932.4422476,0,57,29
1739481932.4872477,52,-87,-87
1739481932.5332477,15,-9,73
1739481932.5792477,44,-49,20
1739481932.6302476,0,-16,46
1739481932.6762476,44,-1,-127
1739481932.7222476,-15,44,-19
1739481932.7672474,-7,-108,3
1739481932.8132474,-54,-66,18
1739481932.8592474,-9,-118,-31
1739481932.9042475,44,-8,-22
1739481932.9502475,-114,-42,-11
1739481932.9962475,-42,-80,-49
1739481933.0422475,-8,-82,46
1739481933.0872476,-51,-146,-75
1739481933.1332476,-59,53,-84
1739481933.1792476,5,13,-29
1739481933.2242477,-8,-98,-91
1739481933.2702477,-24,-177,-22
1739481933.3162477,-6,-26,-38
1739481933.3622477,16,7,-65
1739481933.4072475,43,59,-19
1739481933.4532475,-24,-38,24
1739481933.4992476,-19,-74,0
1739481933.5442476,-13,-58,176
1739481933.5902476,-111,-112,-32
1739481933.6362476,-108,44,30
1739481933.6822476,12,-35,-110
1739481933.7272477,-96,-50,-128
1739481933.7732477,-55,-142,17
1739481933.8192475,98,-79,56
1739481933.8642476,4,35,-30
1739481933.9102476,9,-11,-44
1739481933.9562476,0,-75,-61
1739481934.0022476,6,-92,-18
1739481934.0472476,-34,-156,-34
1739481934.0932477,0,-31,46
1739481934.1392477,52,-33,20
1739481934.1842475,4,39,-78
1739481934.2302475,17,9,-54
1739481934.2762475,-47,-46,10
1739481934.3222475,6,-13,-93
1739481934.3672476,50,-13,0
1739481934.4132476,-16,-132,-6
1739481934.4592476,50,51,14
1739481934.5042477,30,-53,-101
1739481934.5502477,22,45,98
1739481934.5962474,-4,-17,-113
1739481934.6422474,-64,12,-102
1739481934.6872475,23,-69,-206
1739481934.7332475,-39,48,-161
1739481934.7792475,0,18,-82
1739481934.8242476,-24,-70,119
1739481934.8702476,-95,8,-93
1739481934.9162476,-31,-158,92
1739481934.9622476,-23,10,-96
1739481935.0072474,-36,-40,-108
1739481935.0532477,-3,-90,-15
1739481935.0992477,10,-25,-114
1739481935.1442475,47,-101,-27
1739481935.1902475,4,-32,-73
1739481935.2362475,-72,32,-81
1739481935.2822475,32,149,-53
1739481935.3272476,29,-95,60
1739481935.3732476,40,-9,-91
1739481935.4192476,26,19,42
1739481935.4642477,-18,-104,48
1739481935.5102477,-10,-67,41
1739481935.5562477,6,-6,133
1739481935.6022477,-24,2,-45
1739481935.6472476,-97,-60,-65
1739481935.6932476,55,-27,-68
1739481935.7392476,-18,-2,-137
1739481935.7842476,-25,1,-68
1739481935.8302476,42,-53,-39
1739481935.8762476,-14,-107,-3
1739481935.9212475,-70,92,-52
1739481935.9672475,44,-93,72
1739481936.0132475,6,-89,-105
1739481936.0592475,-67,-118,-138
1739481936.1042476,44,-77,-26
1739481936.1502476,17,-27,-138
1739481936.1962476,4,-47,86
1739481936.2412477,27,47,-103
1739481936.2872477,9,3,-61
1739481936.3332477,-50,42,-13
1739481936.3792477,64,-47,-112
1739481936.4242475,-90,-84,-37
1739481936.4702475,-28,-20,37
1739481936.5162475,-15,43,-61
1739481936.5612476,45,-27,39
1739481936.6072476,-15,14,-155
1739481936.6532476,-12,24,37
1739481936.6992476,-39,-92,-6
1739481936.7442474,28,-79,12
1739481936.7902474,78,-41,23
1739481936.8362474,-5,-114,-4
1739481936.8812475,29,121,4
1739481936.9272475,-8,-4,4
1739481936.9732475,78,-35,57
1739481937.0192475,9,-133,-82
1739481937.0642476,46,-31,-36
1739481937.1102476,15,-63,-44
1739481937.1562476,11,-140,-47
1739481937.2012477,-108,14,44
1739481937.2472477,-55,-114,4
1739481937.2932477,30,-35,-86
1739481937.3392477,-43,-26,-68
1739481937.3842475,8,-25,-181
1739481937.4302475,142,11,0
1739481937.4762475,62,-39,-59
1739481937.5212476,29,-81,-14
1739481937.5672476,-64,-16,-142
1739481937.6132476,-71,-80,7
1739481937.6592476,-9,-116,34
1739481937.7042477,65,-111,-24
1739481937.7502477,2,23,62
1739481937.7962475,-41,78,-95
1739481937.8412476,-76,38,-149
1739481937.8872476,5,-67,-74
1739481937.9332476,-33,-14,0
1739481937.9792476,37,-19,-19
1739481938.0242476,-44,60,-27
1739481938.0702477,88,-29,-26
1739481938.1162477,-65,-46,-111
1739481938.1612475,41,-65,-84
1739481938.2072475,38,75,-56
1739481938.2532475,39,-15,-4
1739481938.2992475,32,-81,76
1739481938.3442476,45,99,-49
1739481938.3902476,72,19,-37
1739481938.4362476,6,-79,-43
1739481938.4812477,-78,30,-15
1739481938.5272477,-27,-12,44
1739481938.5732474,-4,-14,-37
1739481938.6192474,-27,10,2
1739481938.6642475,-26,-4,-105
1739481938.7102475,-26,-110,59
1739481938.7562475,-19,-114,-61
1739481938.8012476,6,97,-108
1739481938.8472476,20,61,-7
1739481938.8932476,28,-25,-91
1739481938.9392476,-78,-132,-118
1739481938.9842474,34,35,-58
1739481939.0302474,-28,8,-30
1739481939.0762477,2,-135,-14
1739481939.1212475,8,-31,27
1739481939.1672475,-5,4,-45
1739481939.2132475,7,-47,-31
1739481939.2592475,-70,-92,30
1739481939.3032477,-8,8,-56
1739481939.3492477,-14,-60,-19
1739481939.3952477,25,-29,-106
1739481939.4402475,40,-19,14
1739481939.4862475,-17,0,18
1739481939.5322475,36,-107,21
1739481939.5772476,40,133,-18
1739481939.6232476,0,2,30
1739481939.6692476,-41,84,-29
1739481939.7152476,96,3,10
1739481939.7602477,4,40,-19
1739481939.8062477,47,63,34
1739481939.8522477,86,-17,-24
1739481939.8972476,-30,50,-13
1739481939.9432476,3,-91,-56
1739481939.9892476,-43,-92,-27
1739481940.0352476,-35,62,37
1739481940.0802476,6,-106,34
1739481940.1262476,-36,-8,-8
1739481940.1722476,2,-59,-22
1739481940.2172475,-57,-30,-1
1739481940.2632475,39,-55,-48
1739481940.3092475,-55,-74,72
1739481940.3552475,-2,-132,-7
1739481940.4002476,38,-61,1
1739481940.4462476,-54,-36,-140
1739481940.4922476,18,-35,-33
1739481940.5372477,27,-51,30
1739481940.5832477,-93,-16,-15
1739481940.6292477,-105,18,-124
1739481940.6752477,41,-109,-64
1739481940.7202475,-19,-22,-26
1739481940.7662475,23,-109,2
1739481940.8122475,-14,-1,-67
1739481940.8572476,-43,-4,29
1739481940.9032476,15,-106,-14
1739481940.9492476,-71,-32,-35
1739481940.9952476,-42,-116,87
1739481941.0402474,18,31,8
1739481941.0862474,31,-75,-28
1739481941.1322474,-48,10,3
1739481941.1772475,25,31,-61
1739481941.2232475,-57,46,22
1739481941.2692475,75,-99,0
1739481941.3152475,-10,-86,2
1739481941.3602476,6,-37,-10
1739481941.4062476,-96,-100,-56
1739481941.4522476,-12,-12,6
1739481941.4972477,15,-57,56
1739481941.5432477,-47,-32,155
1739481941.5892477,-4,-53,-30
1739481941.6352477,-2,-138,99
1739481941.6802475,-11,42,3
1739481941.7262475,51,69,16
1739481941.7722476,37,43,-16
1739481941.8172476,-48,-32,42
1739481941.8632476,10,-115,31
1739481941.9092476,-18,-8,-126
1739481941.9552476,-75,-8,64
1739481942.0002477,-49,-86,-37
1739481942.0462475,16,-69,76
1739481942.0922475,-117,-130,-13
1739481942.1372476,27,87,37
1739481942.1832476,0,73,67
1739481942.2292476,90,-49,-86
1739481942.2752476,45,-69,-55
1739481942.3202477,-49,-70,-6
1739481942.3662477,10,-20,-36
1739481942.4122477,-16,-112,-118
1739481942.4572475,-7,38,94
1739481942.5032475,-53,-14,-31
1739481942.5492475,21,-118,13
1739481942.5952475,-24,-26,14
1739481942.6462476,-20,-104,195
1739481942.6922476,26,-41,-83
1739481942.7372477,-41,-108,-68
1739481942.7832477,-54,-74,-164
1739481942.8292477,37,-49,-68
1739481942.8752477,43,-87,-68
1739481942.9202476,-72,-80,-77
1739481942.9662476,-6,-58,-26
1739481943.0122476,19,33,-151
1739481943.0572476,45,-61,-58
1739481943.1032476,15,-13,-24
1739481943.1492476,-6,-38,-26
1739481943.1952477,44,-79,-65
1739481943.2402475,40,31,-28
1739481943.2862475,34,-91,-39
1739481943.3322475,-7,-28,-51
1739481943.3772476,-60,-78,-82
1739481943.4232476,-30,-38,-155
1739481943.4692476,-63,116,-96
1739481943.5152476,13,50,-9
1739481943.5602477,14,-73,108
1739481943.6062477,-9,66,-34
1739481943.6522477,36,53,-1
1739481943.6972475,-8,-43,-17
1739481943.7432475,4,-21,109
1739481943.7892475,-1,-7,-22
1739481943.8352475,-38,-24,-122
1739481943.8802476,70,37,-107
1739481943.9262476,52,33,-49
1739481943.9722476,-40,-14,-49
1739481944.0172474,25,-118,25
1739481944.0632474,53,-63,22
1739481944.1082475,-31,-30,-19
1739481944.1532476,-38,-30,-4
1739481944.1992476,-78,22,-78
1739481944.2452476,33,-87,3
1739481944.2912476,-13,55,-57
1739481944.3362474,0,-35,-46
1739481944.3822474,-51,-120,-8
1739481944.4282477,34,0,-110
1739481944.4732475,-102,-36,-25
1739481944.5192475,-44,52,-32
1739481944.5652475,-56,-80,-101
1739481944.6112475,-42,-27,-23
1739481944.6562476,-1,41,5
1739481944.7022476,-17,-90,-46
1739481944.7482476,-69,14,-40
1739481944.7932477,60,-7,-16
1739481944.8392477,-74,-30,-53
1739481944.8852477,56,-73,30
1739481944.9312477,-27,0,-137
1739481944.9762475,69,-65,-77
1739481945.0222476,30,11,55
1739481945.0682476,54,-47,-54
1739481945.1132476,72,16,91
1739481945.1592476,-17,81,-117
1739481945.2052476,30,-22,-81
1739481945.2512476,37,6,10
1739481945.2962475,-14,17,-39
1739481945.3422475,-1,-51,30
1739481945.3882475,2,-103,-3
1739481945.4332476,-4,-62,-71
1739481945.4792476,-54,89,27
1739481945.5252476,3,-60,15
1739481945.5712476,-17,-32,-167
1739481945.6162477,20,-2,-34
1739481945.6622477,-1,-101,-103
1739481945.7082477,18,-38,19
1739481945.7532475,-27,0,-49
1739481945.7992475,34,-12,-85
1739481945.8452475,7,8,-149
1739481945.8912475,-4,53,7
1739481945.9362476,29,-86,-57
1739481945.9822476,65,82,-36
1739481946.0282476,-20,-83,-30
1739481946.0732474,13,18,35
1739481946.1192474,26,28,58
1739481946.1652474,-5,-9,-64
1739481946.2112474,-10,16,-130
1739481946.2562475,81,38,-53
1739481946.3022475,-38,-69,-49
1739481946.3482475,42,-64,-72
1739481946.3932476,19,-10,0
1739481946.4392476,-25,-61,-37
1739481946.4852476,61,80,-64
1739481946.5312476,-64,5,66
1739481946.5762477,20,-163,12
1739481946.6222477,-23,3,88
1739481946.6682477,64,94,-58
1739481946.7132475,63,-78,-63
1739481946.7592475,42,18,-24
1739481946.8052475,64,10,-123
1739481946.8512475,-27,-123,-121
1739481946.8962476,-61,-97,21
1739481946.9422476,-34,1,-55
1739481946.9882476,-24,7,-29
1739481947.0332477,0,-119,14
1739481947.0792477,-90,-133,-13
1739481947.1252477,-20,-5,-68
1739481947.1712475,31,-158,10
1739481947.2162476,73,54,-100
1739481947.2622476,-41,11,-24
1739481947.3082476,-8,35,-149
1739481947.3532476,11,-64,-82
1739481947.3992476,22,-12,-165
1739481947.4452477,19,-2,-39
1739481947.4912477,84,52,-28
1739481947.5362475,-81,-7,54
1739481947.5822475,-27,17,-14
1739481947.6282475,38,-16,-52
1739481947.6732476,50,76,-65
1739481947.7192476,-11,-69,-60
1739481947.7652476,60,12,-66
1739481947.8112476,-23,0,-23
1739481947.8562477,24,-104,-108
1739481947.9022477,34,-64,-25
1739481947.9482474,-25,-43,-98
1739481947.9932475,-11,19,9
1739481948.0392475,15,-73,-44
1739481948.0852475,-55,-19,-8
1739481948.1312475,-29,-62,25
1739481948.1762476,27,-72,-55
1739481948.2222476,9,-59,-58
1739481948.2682476,-72,-65,-123
1739481948.3132474,-12,66,68
1739481948.3592474,48,68,63
1739481948.4052474,-39,-145,-15
1739481948.4512477,-31,9,49
1739481948.4962475,-76,-59,-42
1739481948.5422475,32,-76,-89
1739481948.5882475,-23,32,-6
1739481948.6332476,-45,-61,130
1739481948.6792476,16,-138,-158
1739481948.7252476,26,52,123
1739481948.7712476,12,26,-25
1739481948.8162477,17,-76,-137
1739481948.8622477,25,8,-49
1739481948.9082477,-49,33,-58
1739481948.9532475,27,-100,-60
1739481948.9992476,-13,-38,50
1739481949.0452476,-13,-141,-144
1739481949.0912476,23,-21,98
1739481949.1362476,-21,-75,64
1739481949.1822476,56,0,40
1739481949.2282476,-18,-83,7
1739481949.2732477,0,-52,-56
1739481949.3192475,-16,0,18
1739481949.3652475,4,64,-21
1739481949.4112475,-34,11,-51
1739481949.4562476,-8,-15,-101
1739481949.5022476,22,-150,-58
1739481949.5482476,-18,25,-106
1739481949.5932477,59,0,15
1739481949.6392477,25,-8,-57
1739481949.6852477,-43,-55,-26
1739481949.7312477,45,-136,17
1739481949.7762475,25,-32,71
1739481949.8222475,3,25,4
1739481949.8682475,-23,-69,-14
1739481949.9132476,-8,18,-26
1739481949.9592476,-38,35,-50
1739481950.0052476,-42,-73,19
1739481950.0512476,-16,-23,53
1739481950.0962474,-64,-53,-51
1739481950.1422474,-31,-25,-65
1739481950.1882474,-76,1,-54
1739481950.2332475,32,4,-101
1739481950.2792475,-32,-16,-30
1739481950.3252475,64,59,-226
1739481950.3712475,4,33,-48
1739481950.4162476,-9,-28,108
1739481950.4622476,-4,-32,7
1739481950.5082476,5,-64,-23
1739481950.5532477,0,54,1
1739481950.5992477,44,-154,79
1739481950.6452477,-29,-13,-10
1739481950.6912477,-39,-43,-117
1739481950.7362475,-17,-13,-33
1739481950.7822475,8,-86,-94
1739481950.8282475,-53,55,83
1739481950.8732476,85,-8,-66
1739481950.9192476,-7,-25,-33
1739481950.9652476,-34,-23,-47
1739481951.0112476,-27,33,-25
1739481951.0562477,-1,91,-29
1739481951.1022477,-53,85,-90
1739481951.1482477,29,50,-104
1739481951.1932476,0,20,-10
1739481951.2392476,-5,-12,15
1739481951.2852476,-58,-28,-42
1739481951.3312476,63,35,-29
1739481951.3762476,16,-44,-17
1739481951.4222476,12,-38,-9
1739481951.4682477,-4,107,3
1739481951.5132475,43,0,-2
1739481951.5592475,0,2,-37
1739481951.6052475,-42,-61,-98
1739481951.6512475,-35,-13,-41
1739481951.6962476,-42,31,-90
1739481951.7422476,-1,-19,9
1739481951.7882476,-40,-73,-95
1739481951.8332477,-21,-123,-88
1739481951.8792477,22,-11,-29
1739481951.9252477,-11,-208,-98
1739481951.9712474,-14,-114,-52
1739481952.0162475,1,99,-54
1739481952.0622475,-24,80,-109
1739481952.1082475,-23,-196,-30
1739481952.1532476,-39,52,-60
1739481952.1992476,-21,-94,-21
1739481952.2452476,0,-126,22
1739481952.2912476,-9,98,-86
1739481952.3362474,-16,-50,7
1739481952.3822474,22,-176,-136
1739481952.4282477,-8,-1,13
1739481952.4732475,0,25,-3
1739481952.5192475,-58,47,31
1739481952.5652475,3,-28,0
1739481952.6112475,52,-14,-45
1739481952.6622477,30,8,-11
1739481952.7082477,-48,7,31
1739481952.7532475,87,-4,-37
1739481952.7992475,-46,-79,-64
1739481952.8452475,-41,0,-34
1739481952.8912475,-15,-36,-22
1739481952.9362476,0,-52,-33
1739481952.9822476,-24,-148,-4
1739481953.0282476,46,23,-28
1739481953.0732474,14,43,6
1739481953.1192474,37,-19,-147
1739481953.1652474,-45,-76,-48
1739481953.2112474,-111,58,-115
1739481953.2562475,-13,63,6
1739481953.3022475,-3,22,89
1739481953.3482475,-30,-58,-72
1739481953.3932476,-30,30,-38
1739481953.4392476,68,-23,43
1739481953.4852476,-17,-38,114
1739481953.5312476,-4,51,-148
1739481953.5762477,-70,-118,-81
1739481953.6222477,-46,-49,-16
1739481953.6682477,44,-48,-9
1739481953.7132475,1,-110,-66
1739481953.7592475,34,84,-69
1739481953.8052475,7,23,124
1739481953.8512475,35,14,-112
1739481953.8962476,-69,-115,-75
1739481953.9422476,-8,-108,-175
1739481953.9882476,1,-39,-14
1739481954.0332477,-16,-124,-46
1739481954.0792477,-6,-41,-28
1739481954.1252477,-17,20,18
1739481954.1712475,68,13,-20
1739481954.2162476,-42,20,-40
1739481954.2622476,78,-1,-4
1739481954.3082476,0,1,11
1739481954.3532476,0,-4,-17
1739481954.3992476,-91,-64,-32
1739481954.4452477,41,-9,20
1739481954.4912477,49,-119,28
1739481954.5362475,-5,-42,-103
1739481954.5822475,-51,-75,3
1739481954.6282475,64,-64,-6
1739481954.6732476,58,-8,45
1739481954.7192476,85,-138,-47
1739481954.7652476,17,-70,-110
1739481954.8112476,31,-56,-69
1739481954.8562477,-10,-8,11
1739481954.9022477,5,-8,25
1739481954.9482474,37,-115,82
1739481954.9932475,-86,-20,-99
1739481955.0392475,1,-39,79
1739481955.0852475,14,-8,-38
1739481955.1312475,-67,-49,-59
1739481955.1762476,69,42,-46
1739481955.2222476,33,102,-128
1739481955.2682476,-32,-73,-101
1739481955.3132474,39,0,-100
1739481955.3592474,9,84,3
1739481955.4052474,48,-34,-40
1739481955.4512477,5,-11,-76
1739481955.4962475,-60,64,-37
1739481955.5422475,19,39,-44
1739481955.5882475,-71,-58,-98
1739481955.6332476,25,-33,-113
1739481955.6792476,-16,-46,-136
1739481955.7252476,-30,30,-96
1739481955.7712476,144,-115,-73
1739481955.8162477,81,-73,-126
1739481955.8622477,33,-121,28
1739481955.9082477,7,57,-116
1739481955.9532475,-59,-76,44
1739481955.9992476,39,38,-19
1739481956.0452476,4,55,-96
1739481956.0912476,-31,-52,-131
1739481956.1362476,-49,58,35
1739481956.1822476,68,-75,14
1739481956.2282476,-26,-20,-156
1739481956.2732477,36,11,34
1739481956.3192475,114,51,39
1739481956.3652475,57,-125,-188
1739481956.4112475,6,63,-74
1739481956.4562476,-9,-22,89
1739481956.5022476,4,29,-24
1739481956.5482476,35,51,-108
1739481956.5932477,-1,-40,-93
1739481956.6392477,0,-64,-17
1739481956.6852477,29,-133,-103
1739481956.7312477,-41,-48,-47
1739481956.7762475,78,63,-90
1739481956.8222475,-41,2,103
1739481956.8682475,43,59,-32
1739481956.9132476,-56,-112,-78
1739481956.9592476,-62,-48,-135
1739481957.0052476,0,-25,-25
1739481957.0512476,-13,13,-103
1739481957.0962474,-96,-48,30
1739481957.1422474,94,33,-65
1739481957.1882474,-18,-80,-115
1739481957.2332475,-22,-88,41
1739481957.2792475,-8,-61,106
1739481957.3252475,22,8,-139
1739481957.3712475,36,60,-119
1739481957.4162476,32,-126,-39
1739481957.4622476,20,-122,42
1739481957.5082476,115,-114,-42
1739481957.5532477,54,-11,-105
1739481957.5992477,58,-66,-53
1739481957.6452477,19,-14,35
1739481957.6912477,-11,36,-5
1739481957.7362475,4,10,-44
1739481957.7822475,-50,-106,-57
1739481957.8282475,28,-83,-72
1739481957.8732476,-4,12,-57
1739481957.9192476,26,19,61
1739481957.9652476,70,-51,-23
1739481958.0112476,-21,-46,-93
1739481958.0562477,-56,-8,-146
1739481958.1022477,56,-37,18
1739481958.1482477,-9,-22,-123
1739481958.1932476,-30,-76,-37
1739481958.2392476,-2,-24,0
1739481958.2852476,-74,84,90
1739481958.3312476,-59,14,-131
1739481958.3762476,1,-40,39
1739481958.4222476,73,-95,-157
1739481958.4682477,20,19,-23
1739481958.5132475,16,27,-80
1739481958.5592475,3,-106,-115
1739481958.6052475,22,-65,-125
1739481958.6512475,-41,6,-93
1739481958.6962476,-11,-57,-128
1739481958.7422476,65,-129,-74
1739481958.7882476,70,-51,-216
1739481958.8332477,75,-5,-82
1739481958.8792477,-21,-47,-71
1739481958.9252477,-52,97,-50
1739481958.9712474,119,-122,42
1739481959.0162475,1,-27,-26
1739481959.0622475,-7,-142,-13
1739481959.1082475,-98,-31,-90
1739481959.1532476,-22,-91,-61
1739481959.1992476,-59,-95,-50
1739481959.2452476,-52,79,-30
1739481959.2912476,-17,-55,29
1739481959.3362474,14,-44,-71
1739481959.3822474,-36,-19,-44
1739481959.4282477,25,-26,-32
1739481959.4732475,-22,58,25
1739481959.5192475,21,-5,-106
1739481959.5652475,-27,-112,-64
1739481959.6112475,-21,-18,9
1739481959.6562476,-19,-97,-59
1739481959.7022476,-13,-30,-31
1739481959.7482476,70,-47,-83
1739481959.7932477,24,12,-23
1739481959.8392477,10,-33,-46
1739481959.8852477,0,15,13
1739481959.9312477,-41,-20,-33
1739481959.9762475,40,-55,-85
1739481960.0222476,22,-39,-28
1739481960.0682476,104,-51,-48
1739481960.1132476,-42,-2,-71
1739481960.1592476,-60,-34,-6
1739481960.2052476,33,-93,-66
1739481960.2512476,-79,-28,-65
1739481960.2962475,-64,41,59
1739481960.3422475,-64,-121,24
1739481960.3882475,-14,-47,-31
1739481960.4332476,37,-62,-99
1739481960.4792476,-93,27,-33
1739481960.5252476,-1,2,113
1739481960.5712476,-70,102,13
1739481960.6162477,36,-187,-2
1739481960.6622477,-44,-38,-4
1739481960.7082477,-6,-138,-73
1739481960.7532475,96,-7,-91
1739481960.7992475,-86,-58,-37
1739481960.8452475,38,-1,1
1739481960.8912475,109,39,40
1739481960.9362476,-63,34,-46
1739481960.9822476,73,31,-5
1739481961.0282476,-27,-20,-68
1739481961.0732474,58,21,36
1739481961.1192474,9,61,-27
1739481961.1652474,94,37,63
1739481961.2112474,-37,52,5
1739481961.2562475,48,79,-72
1739481961.3022475,-31,-110,-36
1739481961.3482475,15,79,8
1739481961.3932476,75,-35,-70
1739481961.4392476,51,55,-2
1739481961.4852476,-35,-4,-12
1739481961.5312476,-129,72,92
1739481961.5762477,12,9,-41
1739481961.6222477,-17,-50,-29
1739481961.6682477,24,45,3
1739481961.7132475,-56,47,65
1739481961.7592475,-34,-9,10
1739481961.8052475,34,-40,-152
1739481961.8512475,-78,-53,22
1739481961.8962476,-19,6,-33
1739481961.9422476,-57,-137,-4
1739481961.9882476,21,-31,-76
1739481962.0332477,-26,-11,46
1739481962.0792477,29,-50,-124
1739481962.1252477,-12,19,-9
1739481962.1712475,1,22,11
1739481962.2162476,29,-52,-37
1739481962.2622476,-54,23,22
1739481962.3082476,3,-30,-53
1739481962.3532476,8,-56,0
1739481962.3992476,39,-136,155
1739481962.4452477,36,-72,45
1739481962.4912477,-32,23,-16
1739481962.5362475,75,-230,-87
1739481962.5822475,-55,-4,-94
1739481962.6282475,-9,96,65
1739481962.6792476,16,132,-90
1739481962.7252476,55,-49,-42
1739481962.7712476,29,43,8
1739481962.8162477,-66,123,-3
1739481962.8622477,0,-78,-16
1739481962.9082477,31,-104,-4
1739481962.9532475,-71,-45,14
1739481962.9992476,33,-34,67
1739481963.0452476,-48,-59,-26
1739481963.0912476,5,85,-41
1739481963.1362476,-66,26,-57
1739481963.1822476,-17,-122,24
1739481963.2282476,-22,-38,-102
1739481963.2732477,-15,-50,-22
1739481963.3192475,-66,-34,-54
1739481963.3652475,36,-21,-82
1739481963.4112475,34,1,50
1739481963.4562476,-13,-16,-57
1739481963.5022476,-6,88,9
1739481963.5482476,-29,-48,-35
1739481963.5932477,-63,48,3
1739481963.6392477,34,-39,4
1739481963.6852477,20,31,-33
1739481963.7312477,27,-74,-14
1739481963.7762475,28,16,34
1739481963.8222475,-1,-82,-128
1739481963.8682475,-20,-37,-1
1739481963.9132476,-33,25,10
1739481963.9592476,-17,-7,-52
1739481964.0052476,2,21,-10
1739481964.0512476,75,11,50
1739481964.0962474,-11,-6,6
1739481964.1422474,-70,-94,14
1739481964.1882474,14,-61,-44
1739481964.2332475,-47,8,-22
1739481964.2792475,-13,42,26
1739481964.3252475,-1,-30,-22
1739481964.3712475,-15,36,-46
1739481964.4162476,-1,-79,-39
1739481964.4622476,-41,-170,-64
1739481964.5082476,29,-29,-33
1739481964.5532477,-39,16,0
1739481964.5992477,32,-145,73
1739481964.6452477,-21,-51,-80
1739481964.6912477,-10,-93,22
1739481964.7362475,-21,-18,14
1739481964.7822475,13,-35,-93
1739481964.8282475,-46,28,29
1739481964.8732476,-30,-68,-17
1739481964.9192476,23,3,-10
1739481964.9652476,-8,-58,-57
1739481965.0112476,-36,-124,-64
1739481965.0562477,82,-43,0
1739481965.1022477,-7,-20,-95
1739481965.1482477,4,58,-101
1739481965.1932476,38,1,4
1739481965.2392476,1,-138,-1
1739481965.2852476,8,-85,-29
1739481965.3312476,0,-28,0
1739481965.3762476,58,-91,41
1739481965.4222476,-24,-34,7
1739481965.4682477,-38,-34,-72
1739481965.5132475,-66,-6,0
1739481965.5592475,-30,-100,-34
1739481965.6052475,-79,0,-9
1739481965.6512475,-30,-76,13
1739481965.6962476,-20,-10,4
1739481965.7422476,17,75,50
1739481965.7882476,-68,-34,-66
1739481965.8332477,45,-131,-58
1739481965.8792477,5,-47,-184
1739481965.9252477,51,-127,-204
1739481965.9712474,44,-67,117
1739481966.0162475,-27,-114,34
1739481966.0622475,11,-11,-20
1739481966.1082475,-9,154,-90
1739481966.1532476,-34,-46,21
1739481966.1992476,-22,-88,22
1739481966.2452476,-6,-58,38
1739481966.2912476,-7,-28,-27
1739481966.3362474,47,-103,18
1739481966.3822474,-39,-62,-43
1739481966.4282477,34,-65,-60
1739481966.4732475,-14,-116,-42
1739481966.5192475,-69,-36,-71
1739481966.5652475,37,-113,19
1739481966.6112475,1,33,-4
1739481966.6562476,49,99,-16
1739481966.7022476,-37,110,-56
1739481966.7482476,-28,-12,4
1739481966.7932477,-2,112,-117
1739481966.8392477,-31,10,-91
1739481966.8852477,20,-25,36
1739481966.9312477,17,-165,-10
1739481966.9762475,64,-7,37
1739481967.0222476,62,35,18
1739481967.0682476,-15,-40,-17
1739481967.1132476,-37,-66,-89
1739481967.1592476,-12,58,-58
1739481967.2052476,-76,-78,-4
1739481967.2512476,-41,-70,14
1739481967.2962475,53,-59,-7
1739481967.3422475,42,0,-154
1739481967.3882475,45,-119,115
1739481967.4332476,-115,-12,130
1739481967.4792476,-35,-44,12
1739481967.5252476,-59,46,22
1739481967.5712476,-30,6,-33
1739481967.6162477,75,-123,56
1739481967.6622477,16,-33,13
1739481967.7082477,24,-95,-7
1739481967.7532475,-41,20,21
1739481967.7992475,-93,26,-41
1739481967.8452475,4,-26,-6
1739481967.8902476,82,45,-42
1739481967.9362476,-32,-198,-83
1739481967.9822476,24,-19,-131
1739481968.0282476,36,95,37
1739481968.0732474,-62,-44,-176
1739481968.1192474,-19,-32,-111
1739481968.1652474,-36,-40,7
1739481968.2102475,87,-59,-43
1739481968.2562475,-11,-120,42
1739481968.3022475,-4,-68,22
1739481968.3482475,-35,-158,-91
1739481968.3932476,-17,-128,20
1739481968.4392476,-55,48,8
1739481968.4852476,67,41,-52
1739481968.5302474,-36,-46,-27
1739481968.5762477,53,0,127
1739481968.6222477,-14,-16,10
1739481968.6682477,30,-5,61
1739481968.7132475,17,-87,-57
1739481968.7592475,42,-63,-27
1739481968.8052475,26,90,-67
1739481968.8502476,-22,11,69
1739481968.8962476,-5,20,23
1739481968.9422476,-49,75,10
1739481968.9882476,48,66,-51
1739481969.0332477,29,34,-13
1739481969.0792477,49,-33,-3
1739481969.1252477,-14,31,-8
1739481969.1702476,59,64,27
1739481969.2162476,-27,-103,43
1739481969.2622476,86,-110,-68
1739481969.3082476,-13,3,22
1739481969.3532476,5,-33,-56
1739481969.3992476,39,-112,-138
1739481969.4452477,24,-24,-124
1739481969.4902475,40,40,-114
1739481969.5362475,103,-78,-123
1739481969.5822475,-56,-75,-142
1739481969.6282475,39,-36,5
1739481969.6732476,-20,-103,-86
1739481969.7182477,-56,71,19
1739481969.7642477,50,10,-39
1739481969.8092475,66,14,20
1739481969.8552475,-4,-67,-162
1739481969.9012475,-54,-35,-87
1739481969.9462476,8,22,17
1739481969.9922476,17,1,-71
1739481970.0382476,-44,-33,-36
1739481970.0842476,-44,-35,-31
1739481970.1292477,-13,13,-23
1739481970.1752477,-4,-137,-67
1739481970.2212474,-1,-38,-48
1739481970.2662475,-46,-61,-28
1739481970.3122475,46,12,4
1739481970.3582475,-3,-95,-31
1739481970.4042475,-8,43,-48
1739481970.4492476,5,-53,33
1739481970.4952476,-6,-21,20
1739481970.5412476,45,-64,-47
1739481970.5862474,-31,-25,-30
1739481970.6322474,64,62,-85
1739481970.6782477,-11,17,-109
1739481970.7242477,8,10,-72
1739481970.7692475,50,36,13
1739481970.8152475,-29,-81,-42
1739481970.8612475,-44,-47,-49
1739481970.9062476,-23,-57,13
1739481970.9522476,-76,-79,-29
1739481970.9982476,38,86,22
1739481971.0442476,-23,-45,-55
1739481971.0892477,-74,-59,-53
1739481971.1352477,-26,99,-4
1739481971.1812477,-13,-45,-66
1739481971.2262475,-12,73,-15
1739481971.2722476,-69,-73,-106
1739481971.3182476,-29,-131,-43
1739481971.3642476,-51,-115,-64
1739481971.4092476,-19,-89,-25
1739481971.4552476,49,0,49
1739481971.5012476,-61,-79,48
1739481971.5462475,-14,-116,-120
1739481971.5922475,-20,-9,-24
1739481971.6382475,-9,-71,-68
1739481971.6842475,23,-20,-9
1739481971.7292476,-95,-113,61
1739481971.7752476,-14,-197,-61
1739481971.8212476,46,-98,-113
1739481971.8662477,23,-164,-62
1739481971.9122477,17,56,41
1739481971.9582477,28,48,-85
1739481972.0042477,20,-62,-76
1739481972.0492475,-34,27,-83
1739481972.0952475,-75,-81,-63
1739481972.1412475,-7,-117,-42
1739481972.1862476,-32,-22,-48
1739481972.2322476,2,-3,35
1739481972.2782476,-16,11,-34
1739481972.3242476,35,-56,-49
1739481972.3692474,21,-52,-127
1739481972.4152474,69,-116,-28
1739481972.4612474,-49,-105,-68
1739481972.5062475,120,-48,0
1739481972.5522475,-16,-103,-39
1739481972.5982475,-14,-107,-27
1739481972.6442475,-31,-95,-87
1739481972.6952477,16,-20,-92
1739481972.7412477,-44,-99,21
1739481972.7862475,-144,-61,-31
1739481972.8322475,-16,-33,-116
1739481972.8782475,-10,-55,-4
1739481972.9242475,22,-90,39
1739481972.9692476,30,-72,-37
1739481973.0152476,46,6,106
1739481973.0612476,11,6,-45
1739481973.1062477,-1,32,67
1739481973.1522477,-83,-83,-40
1739481973.1982474,4,-76,-106
1739481973.2442474,10,-68,-2
1739481973.2892475,-22,-155,24
1739481973.3352475,-75,-45,-56
1739481973.3812475,-11,-21,-21
1739481973.4262476,61,-92,-27
1739481973.4722476,18,-52,-1
1739481973.5182476,5,78,-96
1739481973.5642476,50,-104,-15
1739481973.6092474,76,216,-9
1739481973.6552474,17,-18,-27
1739481973.7012477,8,-10,-96
1739481973.7462475,-19,-57,-83
1739481973.7922475,-96,99,-74
1739481973.8382475,49,-130,-134
1739481973.8842475,50,-160,-76
1739481973.9292476,27,70,-46
1739481973.9752476,-17,-43,2
1739481974.0222476,48,-58,-24
1739481974.0682476,5,-112,55
1739481974.1132476,-111,-99,78
1739481974.1592476,68,86,-16
1739481974.2052476,77,-58,-99
1739481974.2502477,42,-84,-13
1739481974.2962475,-3,-63,-4
1739481974.3422475,16,-18,174
1739481974.3882475,34,4,9
1739481974.4332476,-23,0,-23
1739481974.4792476,-65,-29,148
1739481974.5252476,-37,-21,26
1739481974.5702477,55,16,-3
1739481974.6162477,-38,-23,-120
1739481974.6622477,19,-164,-66
1739481974.7082477,-45,9,-125
1739481974.7532475,-75,87,-30
1739481974.7992475,-6,-91,-95
1739481974.8452475,-9,31,-77
1739481974.8902476,-82,-11,-95
1739481974.9362476,-9,-37,-31
1739481974.9822476,-38,-71,122
1739481975.0282476,-73,41,-16
1739481975.0732474,0,4,-14
1739481975.1192474,0,11,-78
1739481975.1652474,-37,47,-96
1739481975.2102475,16,-20,-112
1739481975.2562475,88,42,54
1739481975.3022475,14,18,-40
1739481975.3482475,-13,-95,18
1739481975.3932476,-1,121,-50
1739481975.4392476,-48,19,-2
1739481975.4852476,-18,-199,-39
1739481975.5302474,-35,-85,-44
1739481975.5762477,50,16,-40
1739481975.6222477,24,-80,0
1739481975.6682477,-82,71,-74
1739481975.7132475,-65,-11,-49
1739481975.7592475,-45,15,-51
1739481975.8052475,62,-18,57
1739481975.8502476,-16,-71,19
1739481975.8962476,26,-96,57
1739481975.9422476,-34,-139,-35
1739481975.9882476,43,68,-21
1739481976.0332477,-24,53,72
1739481976.0792477,-97,-3,-41
1739481976.1252477,91,-24,-116
1739481976.1702476,0,-82,34
1739481976.2162476,-7,-35,27
1739481976.2622476,-1,-61,-87
1739481976.3082476,37,0,-21
1739481976.3532476,18,30,7
1739481976.3992476,-39,-21,21
1739481976.4452477,-33,-19,-25
1739481976.4902475,27,-46,-47
1739481976.5362475,29,-42,-158
1739481976.5822475,-66,-165,-70
1739481976.6282475,-75,15,-91
1739481976.6732476,-3,-17,-80
1739481976.7192476,14,-10,36
1739481976.7652476,-65,-99,-95
1739481976.8102477,85,68,-138
1739481976.8562477,18,-126,-128
1739481976.9022477,-79,-87,-196
1739481976.9482474,-35,45,-45
1739481976.9932475,-20,-35,-77
1739481977.0392475,-42,-27,-109
1739481977.0852475,-64,1,10
1739481977.1302476,-12,21,73
1739481977.1762476,-6,-97,-74
1739481977.2222476,90,64,-151
1739481977.2682476,46,-18,-22
1739481977.3132474,-63,31,-87
1739481977.3592474,23,-136,-39
1739481977.4052474,-80,11,-95
1739481977.4502475,-5,53,-63
1739481977.4962475,-47,-83,-29
1739481977.5422475,-27,31,-66
1739481977.5882475,87,-34,-1
1739481977.6332476,-40,61,-32
1739481977.6792476,5,-184,-27
1739481977.7252476,-35,-75,1
1739481977.7702477,33,68,-38
1739481977.8162477,-3,65,2
1739481977.8622477,19,-160,-62
1739481977.9082477,-19,35,-125
1739481977.9532475,-1,-47,-32
1739481977.9992476,-14,-72,-52
1739481978.0452476,-51,-164,-105
1739481978.0902476,38,27,-44
1739481978.1362476,80,-47,139
1739481978.1822476,-30,150,-16
1739481978.2282476,35,11,-59
1739481978.2732477,40,11,-48
1739481978.3192475,28,-34,-113
1739481978.3652475,-4,-11,-12
1739481978.4102476,-26,19,-27
1739481978.4562476,-5,-85,-75
1739481978.5022476,45,-32,-31
1739481978.5482476,-2,-7,-97
1739481978.5932477,-95,27,102
1739481978.6392477,51,24,80
1739481978.6852477,-33,-77,-78
1739481978.7302475,36,0,-29
1739481978.7762475,-1,-34,53
1739481978.8222475,9,-56,-156
1739481978.8682475,0,-50,-85
1739481978.9132476,-55,-15,27
1739481978.9592476,-25,-171,44
1739481979.0052476,68,46,-60
1739481979.0502477,0,49,-37
1739481979.0962474,28,-119,-31
1739481979.1422474,-16,11,0
1739481979.1882474,71,-50,11
1739481979.2332475,-13,-46,-192
1739481979.2792475,82,9,16
1739481979.3252475,-72,76,49
1739481979.3702476,-47,-33,87
1739481979.4162476,1,-96,-9
1739481979.4622476,-93,-57,-91
1739481979.5082476,7,-44,-20
1739481979.5532477,-11,-49,-50
1739481979.5992477,-46,-7,-129
1739481979.6452477,-76,11,13
1739481979.6902475,75,-32,47
1739481979.7362475,-3,-1,20
1739481979.7822475,37,-4,-88
1739481979.8282475,-83,-32,-167
1739481979.8732476,-23,75,-53
1739481979.9192476,-47,-113,18
1739481979.9652476,-57,-151,17
1739481980.0102477,-53,-49,-123
1739481980.0562477,44,-44,34
1739481980.1022477,24,-154,-2
1739481980.1482477,-88,-93,-49
1739481980.1932476,19,47,-40
1739481980.2392476,-23,-10,-108
1739481980.2852476,13,-73,11
1739481980.3302476,2,53,-108
1739481980.3762476,-13,-54,-94
1739481980.4222476,-38,-132,-38
1739481980.4682477,27,-19,21
1739481980.5132475,-48,-111,-10
1739481980.5592475,45,27,-105
1739481980.6052475,-14,22,0
1739481980.6502476,16,10,-70
1739481980.6962476,-11,43,19
1739481980.7422476,-46,82,-98
1739481980.7882476,-4,-44,-76
1739481980.8332477,-18,-130,-134
1739481980.8792477,-20,-99,16
1739481980.9252477,55,-148,45
1739481980.9702475,-22,-135,-57
1739481981.0162475,28,-26,94
1739481981.0622475,32,-24,-129
1739481981.1082475,47,-34,-27
1739481981.1532476,-4,-8,-15
1739481981.1992476,11,-47,-73
1739481981.2452476,8,122,-39
1739481981.2902474,8,117,32
1739481981.3362474,35,11,25
1739481981.3822474,-16,-42,-53
1739481981.4282477,8,-81,-14
1739481981.4732475,105,-43,-204
1739481981.5192475,-84,-2,-125
1739481981.5652475,43,-48,25
1739481981.6102476,6,-92,-72
1739481981.6562476,-44,12,114
1739481981.7022476,-14,-38,25
1739481981.7482476,-34,-44,-49
1739481981.7932477,44,71,-16
1739481981.8392477,42,-62,-50
1739481981.8852477,6,35,-65
1739481981.9302475,-48,-7,-30
1739481981.9762475,56,53,-164
1739481982.0222476,67,18,-140
1739481982.0682476,-71,-29,-102
1739481982.1132476,-51,-11,-66
1739481982.1592476,-42,11,-70
1739481982.2052476,-61,-113,-49
1739481982.2502477,21,-118,-158
1739481982.2962475,-2,10,72
1739481982.3422475,-5,-10,10
1739481982.3882475,0,28,-99
1739481982.4332476,40,-32,-21
1739481982.4792476,6,-13,43
1739481982.5252476,-84,-39,-44
1739481982.5702477,31,-128,-125
1739481982.6162477,-6,-100,-115
1739481982.6682477,-18,-71,-86
1739481982.7132475,101,8,61
1739481982.7592475,-5,49,36
1739481982.8052475,33,-45,4
1739481982.8502476,79,-31,22
1739481982.8962476,35,-27,-31
1739481982.9422476,31,65,-125
1739481982.9882476,61,-63,107
1739481983.0332477,-78,-64,46
1739481983.0792477,2,-9,-67
1739481983.1252477,-56,-3,-121
1739481983.1702476,-29,-11,-48
1739481983.2162476,-12,-107,21
1739481983.2622476,39,-62,-18
1739481983.3082476,-83,-5,-92
1739481983.3532476,-46,123,9
1739481983.3992476,42,-116,-35
1739481983.4452477,-24,73,65
1739481983.4902475,53,46,-12
1739481983.5362475,26,-105,-101
1739481983.5822475,25,57,-30
1739481983.6282475,-58,4,-52
1739481983.6732476,-20,28,-7
1739481983.7192476,43,-71,-20
1739481983.7652476,-22,41,0
1739481983.8102477,-13,-88,-23
1739481983.8562477,-53,-78,53
1739481983.9022477,-6,-48,-26
1739481983.9482474,-1,13,-151
1739481983.9932475,18,-117,-25
1739481984.0392475,-117,-34,67
1739481984.0852475,-54,12,-7
1739481984.1302476,69,-21,-43
1739481984.1762476,32,21,93
1739481984.2222476,-75,-124,-71
1739481984.2682476,-14,-20,-6
1739481984.3132474,-47,34,-84
1739481984.3592474,10,-103,-14
1739481984.4052474,26,99,-63
1739481984.4502475,-8,-83,-29
1739481984.4962475,-68,-32,-184
1739481984.5422475,-3,-71,-174
1739481984.5882475,4,-7,0
1739481984.6332476,12,-72,55
1739481984.6792476,126,-45,90
1739481984.7252476,-21,-42,-41
1739481984.7702477,106,-41,-49
1739481984.8162477,0,28,-126
1739481984.8622477,-51,73,-92
1739481984.9082477,-29,-99,34
1739481984.9532475,32,56,-31
1739481984.9992476,15,-140,-36
1739481985.0452476,8,2,4
1739481985.0902476,55,-107,-101
1739481985.1362476,64,33,2
1739481985.1812477,26,-85,50
1739481985.2262475,83,-39,-77
1739481985.2722476,-29,64,-48
1739481985.3182476,-37,-128,-9
1739481985.3642476,-7,1,-73
1739481985.4092476,-94,-4,-136
1739481985.4552476,-51,36,-75
1739481985.5012476,-30,-26,-57
1739481985.5462475,-49,-20,-161
1739481985.5922475,-36,14,118
1739481985.6382475,68,-123,61
1739481985.6842475,-14,-88,23
1739481985.7292476,72,-97,-15
1739481985.7752476,-10,-62,35
1739481985.8212476,8,-27,80
1739481985.8662477,39,-37,-96
1739481985.9122477,-32,-104,-106
1739481985.9582477,46,17,24
1739481986.0042477,105,0,39
1739481986.0492475,81,-81,0
1739481986.0952475,-64,4,-86
1739481986.1412475,-30,94,-138
1739481986.1862476,-37,4,-15
1739481986.2322476,-61,-35,97
1739481986.2782476,1,-118,66
1739481986.3242476,-28,43,18
1739481986.3692474,84,20,-23
1739481986.4152474,-65,-89,-136
1739481986.4612474,77,-78,-199
1739481986.5062475,-68,-25,-78
1739481986.5522475,11,-86,41
1739481986.5982475,-43,57,-54
1739481986.6442475,28,-190,-64
1739481986.6892476,21,-80,38
1739481986.7352476,48,-103,71
1739481986.7812476,-53,-68,-39
1739481986.8262477,-59,-5,-146
1739481986.8722477,86,-7,42
1739481986.9182477,-49,42,-140
1739481986.9642477,37,-16,-129
1739481987.0092475,-9,-97,-131
1739481987.0552475,-36,-81,-5
1739481987.1012475,101,8,-135
1739481987.1462476,-5,-105,-18
1739481987.1922476,-6,107,47
1739481987.2382476,13,-78,16
1739481987.2842476,26,26,35
1739481987.3292477,-42,-37,-39
1739481987.3752477,38,12,-49
1739481987.4212475,-8,-25,-84
1739481987.4662476,-13,-43,-53
1739481987.5122476,107,-165,22
1739481987.5582476,-37,-48,-16
1739481987.6042476,41,12,-60
1739481987.6492476,-23,-80,-27
1739481987.6952477,-59,0,-68
1739481987.7412477,-18,-67,-169
1739481987.7862475,-8,-17,-91
1739481987.8322475,49,-39,-43
1739481987.8782475,53,-27,-17
1739481987.9242475,69,-38,19
1739481987.9692476,-6,-62,-24
1739481988.0152476,35,43,40
1739481988.0612476,-11,-117,-108
1739481988.1062477,-27,26,-36
1739481988.1522477,-12,-97,-36
1739481988.1982474,1,26,-15
1739481988.2442474,-17,-60,-50
1739481988.2892475,-50,-82,-148
1739481988.3352475,50,-117,0
1739481988.3812475,-39,12,-47
1739481988.4262476,38,-65,-20
1739481988.4722476,-113,-154,-64
1739481988.5182476,-36,-100,-36
1739481988.5642476,25,-16,39
1739481988.6092474,22,-89,-16
1739481988.6552474,11,13,-50
1739481988.7012477,86,-84,-94
1739481988.7462475,20,80,-18
1739481988.7922475,-38,-73,-17
1739481988.8382475,67,-48,-66
1739481988.8842475,15,80,-116
1739481988.9292476,4,-104,-82
1739481988.9752476,-67,35,-7
1739481989.0212476,-61,-93,74
1739481989.0662477,-75,18,-6
1739481989.1122477,-62,69,103
1739481989.1582477,0,-95,4
1739481989.2042477,8,-3,-10
1739481989.2492476,48,12,-78
1739481989.2952476,-3,-56,84
1739481989.3412476,77,7,-26
1739481989.3862476,-33,-86,-32
1739481989.4322476,10,39,-25
1739481989.4782476,107,6,18
1739481989.5242476,5,-91,73
1739481989.5692475,3,-130,-3
1739481989.6152475,67,-84,83
1739481989.6612475,-30,-31,-70
1739481989.7062476,0,-54,-47
1739481989.7522476,39,-126,81
1739481989.7982476,-36,41,1
1739481989.8442476,12,-36,-9
1739481989.8892477,-88,35,-109
1739481989.9352477,-52,-85,-99
1739481989.9812477,50,-57,-91
1739481990.0262475,-20,27,-17
1739481990.0722475,152,-22,-58
1739481990.1182475,17,-29,-82
1739481990.1642475,-5,-53,-26
1739481990.2092476,-3,-170,28
1739481990.2552476,19,-65,-130
1739481990.3012476,1,-30,-44
1739481990.3462474,5,-18,-35
1739481990.3922474,45,-47,-98
1739481990.4382474,-56,-6,-93
1739481990.4842474,143,-105,-122
1739481990.5292475,-39,-66,-24
1739481990.5752475,24,120,-26
1739481990.6212475,-80,0,5
1739481990.6662476,-30,50,0
1739481990.7122476,-14,0,-48
1739481990.7582476,-41,-44,-63
1739481990.8042476,50,-25,-7
1739481990.8492477,21,125,-9
1739481990.8952477,27,-103,-134
1739481990.9412477,-57,-14,-88
1739481990.9862475,0,71,-74
1739481991.0322475,-5,-66,-36
1739481991.0782475,-27,-16,19
1739481991.1242476,-39,-74,-70
1739481991.1692476,14,25,-74
1739481991.2152476,-43,-4,-2
1739481991.2612476,-26,-74,16
1739481991.3062477,-27,-14,-22
1739481991.3522477,-18,55,-122
1739481991.3982477,18,-61,30
1739481991.4442475,51,-69,-63
1739481991.4892476,-36,-96,105
1739481991.5352476,-71,-38,128
1739481991.5812476,26,93,-51
1739481991.6262476,-7,-34,-71
1739481991.6722476,4,4,-142
1739481991.7182477,-84,36,-123
1739481991.7642477,-1,6,-70
1739481991.8092475,-17,-84,-25
1739481991.8552475,-7,-24,44
1739481991.9012475,60,-103,-105
1739481991.9462476,57,-105,-91
1739481991.9922476,-76,-196,-25
1739481992.0382476,23,27,12
1739481992.0842476,55,-91,-2
1739481992.1292477,-20,-210,-127
1739481992.1752477,-26,-20,-40
1739481992.2212474,-1,-14,-28
1739481992.2662475,-39,8,27
1739481992.3122475,-36,-80,-46
1739481992.3582475,7,77,9
1739481992.4042475,-16,-146,42
1739481992.4492476,-39,34,28
1739481992.4952476,-52,12,-27
1739481992.5412476,-58,-30,-89
1739481992.5862474,-54,-70,19
1739481992.6322474,1,-7,54
1739481992.6842475,9,-41,16
1739481992.7292476,-7,-70,-30
1739481992.7752476,51,0,12
1739481992.8212476,47,-91,-35
1739481992.8662477,-16,40,-49
1739481992.9122477,41,-27,-90
1739481992.9582477,1,-68,27
1739481993.0042477,12,9,-44
1739481993.0492475,-23,-50,-148
1739481993.0952475,41,-57,4
1739481993.1412475,12,-3,-26
1739481993.1862476,-51,-24,3
1739481993.2322476,-4,-76,-6
1739481993.2782476,33,41,-42
1739481993.3242476,8,-9,-106
1739481993.3692474,15,65,-68
1739481993.4152474,53,-105,27
1739481993.4612474,-15,96,-86
1739481993.5062475,-40,-12,-4
1739481993.5522475,-42,12,-2
1739481993.5982475,48,-113,-64
1739481993.6442475,-51,-96,-31
1739481993.6892476,-20,-72,-60
1739481993.7352476,-2,-87,-43
1739481993.7812476,-25,38,2
1739481993.8262477,8,-65,-85
1739481993.8722477,-46,-72,14
1739481993.9182477,-46,0,25
1739481993.9642477,-39,-90,2
1739481994.0092475,15,45,-69
1739481994.0552475,83,9,-43
1739481994.1012475,44,15,20
1739481994.1462476,11,-93,-17
1739481994.1922476,-22,-42,-56
1739481994.2382476,-71,-10,-22
1739481994.2842476,67,-71,-66
1739481994.3292477,-48,-52,-19
1739481994.3752477,70,-71,130
1739481994.4212475,64,81,-102
1739481994.4662476,-24,48,-16
1739481994.5122476,-3,0,-157
1739481994.5582476,46,29,-27
1739481994.6042476,1,-50,-6
1739481994.6492476,20,-9,-17
1739481994.6952477,-28,36,8
1739481994.7412477,-31,2,-45
1739481994.7862475,-45,-124,-27
1739481994.8322475,-51,20,10
1739481994.8782475,-24,4,3
1739481994.9242475,5,-93,-117
1739481994.9692476,8,-25,0
1739481995.0152476,88,3,-112
1739481995.0612476,-36,-122,-5
1739481995.1062477,53,-17,34
1739481995.1522477,-72,8,-3
1739481995.1982474,-13,-122,-63
1739481995.2442474,1,-64,4
1739481995.2892475,25,-153,160
1739481995.3352475,64,-95,12
1739481995.3812475,25,-47,13
1739481995.4262476,-62,-128,71
1739481995.4722476,-18,6,-35
1739481995.5182476,-7,-83,-172
1739481995.5642476,-2,-149,45
1739481995.6092474,-31,14,75
1739481995.6552474,-30,-98,-198
1739481995.7012477,-2,-43,-67
1739481995.7462475,29,-21,-30
1739481995.7922475,59,-55,127
1739481995.8382475,-41,-138,-51
1739481995.8842475,-15,34,-43
1739481995.9292476,23,-68,-15
1739481995.9752476,68,-31,-73
1739481996.0212476,12,-93,-97
1739481996.0662477,34,-41,-52
1739481996.1122477,88,3,-73
1739481996.1582477,-82,-12,44
1739481996.2042477,-85,-22,-132
1739481996.2492476,-13,28,-37
1739481996.2952476,-46,22,-116
1739481996.3412476,-10,22,32
1739481996.3862476,42,25,-111
1739481996.4322476,-1,-56,56
1739481996.4782476,0,-63,-100
1739481996.5242476,31,15,98
1739481996.5692475,-31,128,-138
1739481996.6152475,-4,50,-18
1739481996.6612475,-3,36,29
1739481996.7062476,-45,-14,43
1739481996.7522476,2,-19,16
1739481996.7982476,18,-21,35
1739481996.8442476,-8,-62,-67
1739481996.8892477,0,3,-23
1739481996.9352477,71,5,-30
1739481996.9812477,43,17,-147
1739481997.0262475,-3,19,-97
1739481997.0722475,17,37,16
1739481997.1182475,-91,-50,-100
1739481997.1642475,-22,10,-33
1739481997.2092476,-107,-6,-77
1739481997.2552476,28,-19,-133
1739481997.3012476,17,-41,3
1739481997.3462474,55,-35,-27
1739481997.3922474,3,-77,38
1739481997.4382474,-30,-104,7
1739481997.4842474,73,-93,-144
1739481997.5292475,-6,32,-43
1739481997.5752475,60,-15,-91
1739481997.6212475,-57,-56,-131
1739481997.6662476,-39,6,18
1739481997.7122476,37,25,-15
1739481997.7582476,22,-25,-39
1739481997.8042476,18,-107,-126
1739481997.8492477,-22,-40,-106
1739481997.8952477,1,16,0
1739481997.9412477,50,-59,101
1739481997.9862475,33,-17,-18
1739481998.0322475,-95,-166,-146
1739481998.0782475,97,-17,-3
1739481998.1242476,41,-23,-77
1739481998.1692476,-42,10,-140
1739481998.2152476,11,13,-87
1739481998.2612476,20,-95,-102
1739481998.3062477,31,37,-137
1739481998.3522477,16,-9,-17
1739481998.3982477,13,-121,15
1739481998.4442475,-13,-80,-27
1739481998.4892476,-26,-28,-49
1739481998.5352476,-42,6,-84
1739481998.5812476,63,-5,-97
1739481998.6262476,-20,-26,-54
1739481998.6722476,16,67,21
1739481998.7182477,10,-63,-16
1739481998.7642477,-13,0,-84
1739481998.8092475,-63,40,-49
1739481998.8552475,-5,69,-87
1739481998.9012475,37,-25,-27
1739481998.9462476,-32,-48,-31
1739481998.9922476,11,-79,-26
1739481999.0382476,20,-59,28
1739481999.0842476,-2,14,-63
1739481999.1292477,8,-57,-46
1739481999.1752477,-6,-86,-18
1739481999.2212474,-26,26,-47
1739481999.2662475,-27,-86,75
1739481999.3122475,14,-123,4
1739481999.3582475,20,-25,-77
1739481999.4042475,-32,-90,-21
1739481999.4492476,0,-60,-42
1739481999.4952476,0,-56,-58
1739481999.5412476,1,-130,-53
1739481999.5862474,44,121,11
1739481999.6322474,24,-45,-99
1739481999.6782477,15,-5,-12
1739481999.7242477,-18,-88,-100
1739481999.7692475,13,13,-53
1739481999.8152475,23,-1,-41
1739481999.8612475,-23,-102,-134
1739481999.9062476,30,3,17
1739481999.9522476,41,-37,42
1739481999.9982476,35,33,-46
1739482000.0432477,5,-133,-57
1739482000.0892477,-53,-4,40
1739482000.1352477,14,-69,-101
1739482000.1812477,-39,-44,50
1739482000.2262475,-16,-6,22
1739482000.2722476,-45,-26,-68
1739482000.3182476,36,-125,-41
1739482000.3632476,2,-129,29
1739482000.4092476,23,-51,65
1739482000.4552476,116,-65,-24
1739482000.5012476,143,-17,-66
1739482000.5462475,88,19,-18
1739482000.5922475,16,-85,-7
1739482000.6382475,-18,-18,62
1739482000.6832476,32,53,8
1739482000.7292476,10,-113,106
1739482000.7752476,-40,0,-10
1739482000.8212476,61,53,-8
1739482000.8662477,-34,-86,-91
1739482000.9122477,60,-73,-17
1739482000.9582477,16,-87,22
1739482001.0032475,-32,8,-27
1739482001.0492475,11,-79,-7
1739482001.0952475,32,-63,-45
1739482001.1412475,30,-171,-54
1739482001.1862476,-79,44,-42
1739482001.2322476,-57,-34,25
1739482001.2782476,-73,-26,-13
1739482001.3232474,1,-103,62
1739482001.3692474,32,-13,-8
1739482001.4152474,-77,68,-115
1739482001.4612474,-27,14,4
1739482001.5062475,26,1,-35
1739482001.5522475,4,31,-25
1739482001.5982475,-55,-4,-36
1739482001.6432476,9,-95,-16
1739482001.6892476,-19,40,-126
1739482001.7352476,-34,-2,0
1739482001.7812476,76,-77,-79
1739482001.8262477,-23,-108,-72
1739482001.8722477,-33,-36,-108
1739482001.9182477,45,-47,33
1739482001.9632475,79,31,-110
1739482002.0092475,73,57,72
1739482002.0552475,17,-109,0
1739482002.1012475,-36,-20,50
1739482002.1462476,46,-41,-94
1739482002.1922476,-48,56,-88
1739482002.2382476,-80,96,-68
1739482002.2832477,-34,-140,78
1739482002.3292477,-49,-34,4
1739482002.3752477,-16,-148,95
1739482002.4212475,-53,-74,18
1739482002.4662476,-18,-12,-116
1739482002.5122476,31,-11,98
1739482002.5582476,-47,12,-47
1739482002.6032476,8,-101,-13
1739482002.6492476,-44,68,23
1739482002.7012477,-3,-48,46
1739482002.7462475,0,-10,135
1739482002.7922475,14,3,-23
1739482002.8382475,55,-5,37
1739482002.8832476,-38,28,3
1739482002.9292476,46,-11,-46
1739482002.9752476,-15,-44,-90
1739482003.0212476,1,-4,-62
1739482003.0662477,19,-25,-85
1739482003.1122477,42,-3,0
1739482003.1582477,134,-123,18
1739482003.2032475,-1,27,-85
1739482003.2492476,-44,-108,-44
1739482003.2952476,32,-9,17
1739482003.3412476,103,101,-52
1739482003.3862476,-9,0,-16
1739482003.4322476,-36,-102,-65
1739482003.4782476,-36,-44,47
1739482003.5232477,8,94,-193
1739482003.5692475,80,79,1
1739482003.6152475,23,93,1
1739482003.6612475,5,-52,5
1739482003.7062476,28,-67,-143
1739482003.7522476,20,-41,-126
1739482003.7982476,-87,-112,-80
1739482003.8432477,8,-107,29
1739482003.8892477,-92,24,57
1739482003.9352477,-36,67,-133
1739482003.9812477,55,-25,10
1739482004.0262475,83,-1,-138
1739482004.0722475,-8,100,20
1739482004.1182475,14,-25,89
1739482004.1632476,39,15,-110
1739482004.2092476,-69,-59,108
1739482004.2552476,-37,-103,-1
1739482004.3012476,43,-66,112
1739482004.3462474,9,-8,-55
1739482004.3922474,25,-60,-43
1739482004.4382474,0,-9,14
1739482004.4832475,-53,9,-87
1739482004.5292475,33,78,-155
1739482004.5752475,40,-8,-5
1739482004.6212475,-6,-129,-17
1739482004.6662476,-8,71,-95
1739482004.7122476,-4,-29,-21
1739482004.7582476,-46,-53,-127
1739482004.8032477,74,-12,-10
1739482004.8492477,-88,-87,-45
1739482004.8952477,-77,-13,-45
1739482004.9412477,-47,7,-98
1739482004.9862475,36,-76,29
1739482005.0322475,-8,53,-88
1739482005.0782475,-22,-33,-68
1739482005.1232476,68,-10,38
1739482005.1692476,16,-80,-124
1739482005.2152476,63,58,8
1739482005.2612476,21,-64,-195
1739482005.3062477,11,-23,-51
1739482005.3522477,-12,41,-7
1739482005.3982477,-38,-7,19
1739482005.4432476,-90,1,-92
1739482005.4892476,55,-26,-6
1739482005.5352476,-55,-13,-12
1739482005.5812476,65,-102,-4
1739482005.6262476,3,84,-66
1739482005.6722476,-78,57,-25
1739482005.7182477,-32,89,-23
1739482005.7632475,-46,3,-4
1739482005.8092475,-19,25,-20
1739482005.8552475,22,-8,-43
1739482005.9012475,-33,45,-98
1739482005.9462476,23,-58,50
1739482005.9922476,21,-38,21
1739482006.0382476,-24,-76,25
1739482006.0832477,22,-144,12
1739482006.1292477,24,50,-72
1739482006.1752477,-31,-33,-84
1739482006.2212474,-49,57,41
1739482006.2662475,-32,-87,18
1739482006.3122475,-26,-71,22
1739482006.3582475,-42,-23,-61
1739482006.4032476,-12,-29,-40
1739482006.4492476,33,2,-129
1739482006.4952476,-7,-60,-99
1739482006.5412476,11,-22,131
1739482006.5862474,-72,53,-27
1739482006.6322474,-4,-85,3
1739482006.6782477,12,-114,-61
1739482006.7232475,-10,49,-38
1739482006.7692475,-61,129,0
1739482006.8152475,-50,-43,29
1739482006.8612475,-20,-45,-2
1739482006.9062476,-43,-13,-51
1739482006.9522476,33,-72,-64
1739482006.9982476,33,52,-119
1739482007.0432477,20,-80,-48
1739482007.0892477,-58,-11,-54
1739482007.1352477,62,-86,8
1739482007.1812477,-34,91,92
1739482007.2262475,30,-68,26
1739482007.2722476,-13,-49,-5
1739482007.3182476,88,-72,75
1739482007.3632476,25,52,-11
1739482007.4092476,21,-32,-87
1739482007.4552476,-4,-38,49
1739482007.5012476,-36,-117,-34
1739482007.5462475,-13,29,-43
1739482007.5922475,-53,-49,24
1739482007.6382475,22,35,-79
1739482007.6832476,52,-48,-57
1739482007.7292476,42,-76,34
1739482007.7752476,-76,-61,-78
1739482007.8212476,111,-10,-60
1739482007.8662477,-24,-115,61
1739482007.9122477,27,-52,-32
1739482007.9582477,-55,-33,-47
1739482008.0032475,36,-64,-79
1739482008.0492475,18,64,-88
1739482008.0952475,65,-48,-83
1739482008.1412475,44,-64,27
1739482008.1862476,-13,-45,40
1739482008.2322476,15,124,-29
1739482008.2782476,11,-47,113
1739482008.3232474,-23,95,-92
1739482008.3692474,16,-8,35
1739482008.4152474,-69,-1,-42
1739482008.4612474,14,9,-3
1739482008.5062475,52,-98,30
1739482008.5522475,-27,-26,-66
1739482008.5982475,3,64,34
1739482008.6432476,55,-40,-69
1739482008.6892476,-19,-41,-29
1739482008.7352476,-4,-46,74
1739482008.7812476,-47,-59,-63
1739482008.8262477,47,-136,82
1739482008.8722477,-86,19,-44
1739482008.9182477,0,-68,-49
1739482008.9632475,8,-122,-52
1739482009.0092475,35,-30,-127
1739482009.0552475,-19,147,18
1739482009.1012475,-15,-49,77
1739482009.1462476,-27,-155,-79
1739482009.1922476,1,-86,101
1739482009.2382476,-23,-35,-143
1739482009.2832477,66,-28,-130
1739482009.3292477,-117,-35,-15
1739482009.3752477,23,20,-69
1739482009.4212475,88,12,-110
1739482009.4662476,102,12,36
1739482009.5122476,20,-32,-35
1739482009.5582476,3,1,-104
1739482009.6032476,57,-4,-36
1739482009.6492476,-9,24,-50
1739482009.6952477,0,-1,-79
1739482009.7412477,16,-16,23
1739482009.7862475,-7,-33,49
1739482009.8322475,-19,-81,-80
1739482009.8782475,5,-96,44
1739482009.9232476,-9,-33,36
1739482009.9692476,7,82,-55
1739482010.0152476,-27,-21,-32
1739482010.0612476,-18,91,26
1739482010.1062477,30,-36,59
1739482010.1522477,-26,-59,-69
1739482010.1982474,-3,57,-35
1739482010.2432475,-22,1,-43
1739482010.2892475,15,-8,122
1739482010.3352475,-93,0,-23
1739482010.3812475,-14,-73,-21
1739482010.4262476,49,-8,-71
1739482010.4722476,-41,15,-2
1739482010.5182476,84,64,-104
1739482010.5632474,-20,15,39
1739482010.6092474,-20,-129,-35
1739482010.6552474,-15,0,-80
1739482010.7012477,19,-70,-102
1739482010.7462475,20,14,25
1739482010.7922475,-38,-49,-38
1739482010.8382475,67,-46,-13
1739482010.8832476,-39,-59,66
1739482010.9292476,-13,9,15
1739482010.9752476,-6,-23,-40
1739482011.0212476,-67,79,-110
1739482011.0662477,-4,-66,-1
1739482011.1122477,55,-124,-7
1739482011.1582477,-45,-101,-38
1739482011.2032475,19,-12,-110
1739482011.2492476,30,-22,-84
1739482011.2942476,-86,67,-37
1739482011.3392477,-27,25,4
1739482011.3852477,-56,43,-64
1739482011.4312477,-3,-51,3
1739482011.4772477,-39,-35,5
1739482011.5222476,-9,-55,-61
1739482011.5682476,35,-74,26
1739482011.6142476,-14,41,8
1739482011.6592476,-36,47,-102
1739482011.7052476,11,-6,-75
1739482011.7512476,6,-128,-61
1739482011.7972476,14,-60,-41
1739482011.8422475,-22,-107,-129
1739482011.8882475,38,40,46
1739482011.9342475,21,-66,-41
1739482011.9792476,74,-24,-104
1739482012.0252476,30,-46,77
1739482012.0712476,19,-31,-51
1739482012.1172476,14,22,1
1739482012.1622477,-49,-103,20
1739482012.2082477,-57,61,7
1739482012.2542477,21,-58,-8
1739482012.2992475,-51,-55,-45
1739482012.3452475,41,-38,-27
1739482012.3912475,-4,-69,8
1739482012.4372475,-18,35,-50
1739482012.4822476,65,-26,-19
1739482012.5282476,-35,-115,-9
1739482012.5742476,8,-90,70
1739482012.6192474,-26,-111,-29
1739482012.6652474,-10,-11,15
1739482012.7172475,-41,-83,-50
1739482012.7622476,-26,69,-126
1739482012.8082476,80,-28,81
1739482012.8542476,54,-26,-55
1739482012.8992476,54,-74,-8
1739482012.9452477,9,-20,-58
1739482012.9912477,-53,-111,106
1739482013.0382476,0,1,19
1739482013.0832477,38,42,50
1739482013.1292477,0,46,-64
1739482013.1752477,97,-68,-68
1739482013.2212474,-27,-99,-89
1739482013.2662475,68,-26,15
1739482013.3122475,-50,-1,-17
1739482013.3582475,50,-168,-49
1739482013.4032476,51,-44,60
1739482013.4492476,10,-20,87
1739482013.4952476,-70,-57,70
1739482013.5412476,23,-36,-37
1739482013.5862474,-47,0,125
1739482013.6322474,40,-118,-87
1739482013.6782477,-102,-113,-151
1739482013.7232475,55,26,28
1739482013.7692475,27,-12,-79
1739482013.8152475,-22,36,-21
1739482013.8612475,11,16,-63
1739482013.9062476,48,-36,-16
1739482013.9522476,29,-132,-79
1739482013.9982476,62,-36,84
1739482014.0432477,-50,-75,-4
1739482014.0892477,-65,-63,-54
1739482014.1352477,-15,85,-33
1739482014.1812477,56,-2,-155
1739482014.2262475,-3,-67,-7
1739482014.2722476,8,-85,-27
1739482014.3182476,-4,15,-35
1739482014.3632476,52,-86,93
1739482014.4092476,18,26,-89
1739482014.4552476,-97,-57,35
1739482014.5012476,-2,-51,-113
1739482014.5462475,20,-2,57
1739482014.5922475,59,-20,9
1739482014.6382475,6,-65,-100
1739482014.6832476,2,-44,-98
1739482014.7292476,67,-46,-100
1739482014.7752476,-131,-43,-53
1739482014.8212476,-67,-29,-72
1739482014.8662477,34,-78,-85
1739482014.9122477,21,59,7
1739482014.9582477,-9,-69,-103
1739482015.0032475,-20,15,53
1739482015.0492475,-14,-41,50
1739482015.0952475,-18,-17,-3
1739482015.1412475,-22,7,-125
1739482015.1862476,57,-70,9
1739482015.2322476,-30,-113,11
1739482015.2782476,47,-22,-99
1739482015.3232474,5,-9,-80
1739482015.3692474,-28,72,119
1739482015.4152474,33,-107,-67
1739482015.4612474,-18,57,10
1739482015.5062475,53,106,-10
1739482015.5522475,25,-2,-40
1739482015.5982475,14,-62,27
1739482015.6432476,-26,-67,-35
1739482015.6892476,3,16,-42
1739482015.7352476,-13,-35,-67
1739482015.7812476,34,-170,-67
1739482015.8262477,57,-98,-15
1739482015.8722477,125,8,-110
1739482015.9182477,-44,-25,112
1739482015.9632475,-96,-1,-49
1739482016.0092475,-64,-161,-93
1739482016.0552475,-1,-64,-10
1739482016.1012475,30,106,-11
1739482016.1462476,-57,-39,-90
1739482016.1922476,41,-78,-50
1739482016.2382476,23,-54,-35
1739482016.2832477,2,-2,-29
1739482016.3292477,38,-8,0
1739482016.3752477,-58,-137,9
1739482016.4212475,6,17,16
1739482016.4662476,52,-24,-117
1739482016.5122476,46,-14,-167
1739482016.5582476,-2,47,37
1739482016.6032476,-13,-23,14
1739482016.6492476,17,-48,-22
1739482016.6952477,-36,-7,101
1739482016.7412477,-47,-69,-35
1739482016.7862475,-1,52,-68
1739482016.8322475,37,-54,-46
1739482016.8782475,-25,-59,60
1739482016.9232476,-34,-87,-117
1739482016.9692476,-12,115,-17
1739482017.0152476,-64,-77,74
1739482017.0612476,-54,-157,18
1739482017.1062477,-83,-87,-72
1739482017.1522477,21,-48,76
1739482017.1982474,-41,-77,17
1739482017.2432475,-1,-103,-29
1739482017.2892475,78,-8,-90
1739482017.3352475,-39,11,34
1739482017.3812475,-60,71,-83
1739482017.4262476,46,-140,11
1739482017.4722476,-106,-119,-29
1739482017.5182476,23,16,31
1739482017.5632474,2,-83,-74
1739482017.6092474,76,97,25
1739482017.6552474,-18,85,-67
1739482017.7012477,-41,-27,-22
1739482017.7462475,21,-128,-1
1739482017.7922475,33,50,-43
1739482017.8382475,10,60,-31
1739482017.8832476,23,-158,21
1739482017.9292476,-31,-93,-104
1739482017.9752476,21,88,64
1739482018.0212476,58,-98,-58
1739482018.0662477,30,4,-154
1739482018.1122477,-27,-7,45
1739482018.1582477,3,-49,54
1739482018.2032475,-61,-105,-93
1739482018.2492476,12,-12,39
1739482018.2952476,0,-59,-112
1739482018.3412476,-113,75,-36
1739482018.3862476,-2,-75,-43
1739482018.4322476,10,-16,-42
1739482018.4782476,26,14,-58
1739482018.5232477,28,-6,-13
1739482018.5692475,62,-56,-41
1739482018.6152475,-8,-18,-31
1739482018.6612475,95,10,-47
1739482018.7062476,24,40,69
1739482018.7522476,-70,-1,-30
1739482018.7982476,38,74,58
1739482018.8432477,-46,49,-180
1739482018.8892477,-36,15,14
1739482018.9352477,-1,-62,14
1739482018.9812477,-42,45,-43
1739482019.0262475,29,-84,0
1739482019.0722475,16,74,-87
1739482019.1182475,25,-42,-15
1739482019.1632476,-72,-33,33
1739482019.2092476,2,-129,-38
1739482019.2552476,-18,-199,-2
1739482019.3012476,61,36,-21
1739482019.3462474,53,0,-43
1739482019.3922474,61,72,9
1739482019.4382474,53,4,-71
1739482019.4832475,27,20,-47
1739482019.5292475,46,-52,-136
1739482019.5752475,51,-66,19
1739482019.6212475,31,-24,-77
1739482019.6662476,7,-1,-19
1739482019.7122476,12,72,-81
1739482019.7582476,8,-82,0
1739482019.8032477,-62,-69,66
1739482019.8492477,40,18,56
1739482019.8952477,-32,49,-9
1739482019.9412477,55,92,-135
1739482019.9862475,20,-54,23
1739482020.0322475,41,-36,-39
1739482020.0782475,-4,-99,96
1739482020.1232476,12,-44,43
1739482020.1692476,14,0,18
1739482020.2152476,-32,39,-80
1739482020.2612476,18,-56,-106
1739482020.3062477,43,-114,12
1739482020.3522477,1,34,-2
1739482020.3982477,22,64,-52
1739482020.4432476,-7,-87,53
1739482020.4892476,12,-18,25
1739482020.5352476,16,-36,41
1739482020.5812476,-80,-53,-135
1739482020.6262476,-24,17,41
1739482020.6722476,-58,-41,-157
1739482020.7182477,-76,-71,0
1739482020.7632475,-43,-77,45
1739482020.8092475,28,0,-81
1739482020.8552475,-27,-81,-33
1739482020.9012475,12,20,-51
1739482020.9462476,27,30,-102
1739482020.9922476,-60,23,-76
1739482021.0382476,-2,-139,10
1739482021.0832477,-4,-93,-40
1739482021.1292477,-17,-67,-74
1739482021.1752477,9,-92,-49
1739482021.2212474,57,-4,-54
1739482021.2662475,36,-120,-90
1739482021.3122475,-101,-67,-84
1739482021.3582475,4,-6,-5
1739482021.4032476,50,-38,-32
1739482021.4492476,-54,-55,93
1739482021.4952476,24,-66,-32
1739482021.5412476,-31,21,-91
1739482021.5862474,16,-6,-49
1739482021.6322474,64,38,131
1739482021.6782477,1,-74,-44
1739482021.7232475,-64,37,-85
1739482021.7692475,41,-100,56
1739482021.8152475,56,18,-62
1739482021.8612475,-78,3,-27
1739482021.9062476,-5,-128,-24
1739482021.9522476,-11,1,28
1739482021.9982476,27,-44,-148
1739482022.0432477,-6,-11,-34
1739482022.0892477,62,-118,-119
1739482022.1352477,-64,-67,19
1739482022.1812477,71,-100,53
1739482022.2262475,47,-16,0
1739482022.2722476,-93,-57,66
1739482022.3182476,-27,35,63
1739482022.3632476,57,16,-113
1739482022.4092476,-52,-31,-14
1739482022.4552476,-36,-127,-188
1739482022.5012476,55,-22,3
1739482022.5462475,57,26,12
1739482022.5922475,-52,-55,38
1739482022.6382475,8,48,-25
1739482022.6832476,-25,41,-94
1739482022.7352476,3,-143,49
1739482022.7812476,-36,-7,-72
1739482022.8262477,12,28,-4
1739482022.8722477,-10,-7,-26
1739482022.9182477,46,-166,11
1739482022.9632475,-10,9,-16
1739482023.0092475,69,108,-6
1739482023.0552475,-12,-14,-96
1739482023.1012475,-39,53,-46
1739482023.1462476,-69,-27,-148
1739482023.1922476,10,-18,-13
1739482023.2382476,-39,81,0
1739482023.2832477,-5,-39,-141
1739482023.3292477,-62,101,-18
1739482023.3752477,10,-87,-88
1739482023.4212475,-31,115,71
1739482023.4662476,83,-42,-68
1739482023.5122476,14,-91,-98
1739482023.5582476,-37,-135,32
1739482023.6032476,-42,-123,-62
1739482023.6492476,-16,-45,-14
1739482023.6952477,-75,31,-70
1739482023.7412477,89,-56,-51
1739482023.7862475,-58,-103,-32
1739482023.8322475,-6,-71,13
1739482023.8782475,-7,-11,11
1739482023.9232476,11,-76,-69
1739482023.9692476,-42,13,-137
1739482024.0152476,46,-52,-4
1739482024.0612476,-6,15,-134
1739482024.1062477,0,51,-124
1739482024.1522477,75,-78,-83
1739482024.1982474,92,-20,8
1739482024.2432475,43,-164,-105
1739482024.2892475,0,-4,-153
1739482024.3352475,5,-68,82
1739482024.3812475,-5,-101,44
1739482024.4262476,-33,-106,-60
1739482024.4722476,107,-42,-97
1739482024.5182476,83,-52,3
1739482024.5632474,72,58,-20
1739482024.6092474,34,44,52
1739482024.6552474,92,22,-35
1739482024.7012477,-25,25,111
1739482024.7462475,25,-34,32
1739482024.7922475,-14,-37,-38
1739482024.8382475,19,23,-25
1739482024.8832476,-54,-93,-60
1739482024.9292476,48,-36,-76
1739482024.9752476,-19,-17,-106
1739482025.0212476,53,-12,6
1739482025.0662477,34,-80,-96
1739482025.1122477,-24,-126,11
1739482025.1582477,49,-65,-29
1739482025.2032475,-7,-6,4
1739482025.2492476,26,119,-3
1739482025.2952476,57,89,-36
1739482025.3412476,-36,-84,37
1739482025.3862476,-52,-74,-23
1739482025.4322476,-74,72,-159
1739482025.4782476,-8,-116,23
1739482025.5232477,-51,-22,24
1739482025.5692475,-49,-7,-39
1739482025.6152475,-66,-163,-32
1739482025.6612475,26,-104,-7
1739482025.7062476,-27,-75,56
1739482025.7522476,-19,-23,96
1739482025.7982476,27,-100,-5
1739482025.8432477,-36,-35,-96
1739482025.8892477,-5,-58,-45
1739482025.9352477,-50,41,32
1739482025.9812477,24,-46,8
1739482026.0262475,-15,-45,68
1739482026.0722475,34,18,-17
1739482026.1182475,-35,-33,101
1739482026.1632476,13,59,41
1739482026.2092476,36,-24,75
1739482026.2552476,46,-52,27
1739482026.3012476,0,31,-7
1739482026.3462474,11,54,-7
1739482026.3922474,-2,15,-13
1739482026.4382474,-20,37,-112
1739482026.4832475,21,-57,-29
1739482026.5292475,-47,33,-48
1739482026.5752475,24,-11,-95
1739482026.6212475,9,-7,21
1739482026.6662476,76,0,-87
1739482026.7122476,39,-47,-110
1739482026.7572474,-37,-116,-8
1739482026.8022475,41,-45,-19
1739482026.8482475,66,-11,14
1739482026.8942475,-5,77,-27
1739482026.9392476,-82,-45,-30
1739482026.9852476,-9,13,-40
1739482027.0312476,3,52,76
1739482027.0772476,-75,-111,-87
1739482027.1222477,-14,-15,-46
1739482027.1682477,-61,-103,-69
1739482027.2142477,15,92,13
1739482027.2592475,-32,46,98
1739482027.3052475,78,-19,79
1739482027.3512475,-70,44,-84
1739482027.3972476,71,-23,-71
1739482027.4422476,-11,-21,-82
1739482027.4882476,38,-19,-149
1739482027.5342476,9,-53,-39
1739482027.5792477,-55,89,-44
1739482027.6252477,5,-29,15
1739482027.6712475,-2,-3,60
1739482027.7172475,3,-36,-95
1739482027.7622476,-1,30,-8
1739482027.8082476,-5,-39,-101
1739482027.8542476,107,-118,-37
1739482027.8992476,59,-18,-103
1739482027.9452477,48,-8,-14
1739482027.9912477,-79,47,-118
1739482028.0372477,35,-25,-33
1739482028.0822475,-99,-90,-28
1739482028.1282475,-57,-24,-51
1739482028.1742475,-82,26,-45
1739482028.2192476,-10,60,-15
1739482028.2652476,5,17,-17
1739482028.3112476,10,10,-133
1739482028.3572476,-18,-73,-87
1739482028.4022477,-3,149,-2
1739482028.4482474,38,-36,-196
1739482028.4942474,58,-112,-54
1739482028.5392475,-50,-13,15
1739482028.5852475,-108,-45,-24
1739482028.6312475,-33,11,8
1739482028.6772475,-8,-14,-72
1739482028.7222476,-101,-64,17
1739482028.7682476,72,-57,9
1739482028.8142476,-34,27,10
1739482028.8592474,-9,56,18
1739482028.9052474,-62,-85,22
1739482028.9512477,-49,9,-247
1739482028.9972477,-58,-21,-76
1739482029.0422475,-41,73,-21
1739482029.0882475,35,-78,-142
1739482029.1342475,91,-63,128
1739482029.1792476,7,-114,-57
1739482029.2252476,68,-57,-39
1739482029.2712476,89,-87,11
1739482029.3172476,10,-37,-8
1739482029.3622477,-28,-14,-19
1739482029.4082477,-72,-22,63
1739482029.4542477,21,-69,-147
1739482029.4992476,16,-76,23
1739482029.5452476,34,-21,47
1739482029.5912476,3,-19,-85
1739482029.6372476,23,-125,-44
1739482029.6822476,3,-95,-132
1739482029.7282476,31,51,-161
1739482029.7742476,-47,-29,-51
1739482029.8192475,-18,-28,43
1739482029.8652475,-94,-9,46
1739482029.9112475,-58,-59,-1
1739482029.9572475,-4,-50,37
1739482030.0022476,34,-110,-2
1739482030.0482476,-52,-29,23
1739482030.0942476,1,-104,1
1739482030.1392477,39,-80,25
1739482030.1852477,-4,-45,-3
1739482030.2312477,-7,-85,29
1739482030.2772477,33,-8,-48
1739482030.3222475,-82,57,-28
1739482030.3682475,30,-64,-32
1739482030.4142475,36,-66,-50
1739482030.4592476,-9,-23,-155
1739482030.5052476,-27,7,6
1739482030.5512476,-33,-9,25
1739482030.5972476,-49,-141,-83
1739482030.6422474,45,-55,-1
1739482030.6882474,5,-159,-84
1739482030.7342474,33,-122,-83
1739482030.7792475,-46,-95,6
1739482030.8252475,8,-62,-100
1739482030.8712475,-23,103,-99
1739482030.9172475,-49,47,-16
1739482030.9622476,-42,53,-57
1739482031.0082476,0,-66,-52
1739482031.0542476,-11,-65,18
1739482031.0992477,41,-193,-45
1739482031.1452477,-41,-60,-32
1739482031.1912477,62,-15,-62
1739482031.2372477,-38,-34,-19
1739482031.2822475,28,-89,-93
1739482031.3282475,27,-45,-110
1739482031.3742476,-3,-28,-38
1739482031.4192476,12,11,-48
1739482031.4652476,0,-96,-67
1739482031.5112476,11,35,-113
1739482031.5562477,-68,-82,-42
1739482031.6022477,30,56,-63
1739482031.6482477,-37,-78,67
1739482031.6942475,4,-73,-11
1739482031.7392476,-39,-62,-178
1739482031.7852476,25,-169,79
1739482031.8312476,81,35,-62
1739482031.8772476,9,-34,-59
1739482031.9222476,0,-112,-118
1739482031.9682477,-11,90,29
1739482032.0142477,-3,-45,-12
1739482032.0592475,23,-67,90
1739482032.1052475,15,-43,-88
1739482032.1512475,38,9,-74
1739482032.1972475,96,-111,-10
1739482032.2422476,-32,-60,50
1739482032.2882476,81,-101,-18
1739482032.3342476,59,-61,-28
1739482032.3792477,11,48,-47
1739482032.4252477,13,0,12
1739482032.4712474,56,-57,-96
1739482032.5162475,20,18,27
1739482032.5622475,-26,-46,-119
1739482032.6082475,31,-164,21
1739482032.6542475,-72,81,-65
1739482032.7052476,-27,-3,85
1739482032.7512476,20,-105,-14
1739482032.7962475,-18,11,100
1739482032.8422475,-15,-53,-140
1739482032.8882475,-56,-7,63
1739482032.9342475,14,-89,-35
1739482032.9792476,-68,-30,-100
1739482033.0252476,28,-35,-50
1739482033.0712476,11,-136,30
1739482033.1162477,16,-65,-35
1739482033.1622477,21,-17,-26
1739482033.2082477,89,19,-52
1739482033.2542477,81,-139,83
1739482033.2992475,-3,-14,-33
1739482033.3452475,-2,-83,30
1739482033.3912475,-16,64,-48
1739482033.4362476,-9,-24,38
1739482033.4822476,35,-87,-81
1739482033.5282476,-26,-68,-15
1739482033.5742476,-97,36,40
1739482033.6192474,54,9,1
1739482033.6652474,-32,0,-50
1739482033.7112474,37,23,-90
1739482033.7562475,53,23,6
1739482033.8022475,-28,112,-46
1739482033.8482475,29,-111,-74
1739482033.8942475,128,-101,-1
1739482033.9392476,13,39,-54
1739482033.9852476,-77,-88,-89
1739482034.0312476,-63,-52,54
1739482034.0762477,-44,-170,-55
1739482034.1222477,-63,12,-4
1739482034.1682477,33,-15,-134
1739482034.2142477,-2,-76,44
1739482034.2592475,-73,-22,47
1739482034.3052475,2,-102,86
1739482034.3512475,-99,-80,-132
1739482034.3962476,8,19,-18
1739482034.4422476,9,-55,30
1739482034.4882476,-60,-85,-82
1739482034.5342476,50,-66,-83
1739482034.5792477,75,-94,-108
1739482034.6252477,-19,16,-11
1739482034.6712475,36,50,62
1739482034.7162476,-44,-25,-66
1739482034.7622476,-67,-65,-6
1739482034.8082476,-38,0,-198
1739482034.8542476,-9,-21,-64
1739482034.8992476,85,32,-82
1739482034.9452477,41,94,-118
1739482034.9912477,44,104,-125
1739482035.0362475,-25,-81,59
1739482035.0822475,-26,5,-23
1739482035.1282475,56,-30,1
1739482035.1742475,-20,21,-37
1739482035.2192476,-14,-46,9
1739482035.2652476,70,22,59
1739482035.3112476,3,-110,0
1739482035.3562477,4,-10,-58
1739482035.4022477,7,0,-36
1739482035.4482474,55,-14,-26
1739482035.4942474,-55,21,-123
1739482035.5392475,1,-34,-1
1739482035.5852475,-87,13,9
1739482035.6312475,37,-76,-2
1739482035.6762476,-32,10,11
1739482035.7222476,-26,-103,-16
1739482035.7682476,-12,-70,37
1739482035.8142476,-21,-55,18
1739482035.8592474,-9,-134,-110
1739482035.9052474,-1,87,-89
1739482035.9512477,36,59,0
1739482035.9962475,21,-23,21
1739482036.0422475,-41,-68,-42
1739482036.0882475,104,101,56
1739482036.1342475,-54,-70,32
1739482036.1792476,-37,10,-31
1739482036.2252476,-87,-68,-104
1739482036.2712476,77,-57,6
1739482036.3162477,63,-69,-113
1739482036.3622477,-26,2,81
1739482036.4082477,19,-93,-88
1739482036.4542477,62,-69,0
1739482036.4992476,39,-9,-123
1739482036.5452476,11,-49,-53
1739482036.5912476,-21,-26,122
1739482036.6362476,118,120,107
1739482036.6822476,21,-84,-57
1739482036.7282476,-9,5,-6
1739482036.7742476,27,8,-109
1739482036.8192475,35,56,-6
1739482036.8652475,-5,-16,76
1739482036.9112475,-63,0,-110
1739482036.9562476,-16,101,49
1739482037.0022476,-27,43,34
1739482037.0482476,-46,-84,17
1739482037.0942476,76,-23,10
1739482037.1392477,42,20,-60
1739482037.1852477,-6,-91,-158
1739482037.2312477,-43,-39,-94
1739482037.2762475,28,-24,-58
1739482037.3222475,-12,-77,-28
1739482037.3682475,-12,-96,39
1739482037.4142475,-63,3,50
1739482037.4592476,-18,32,-68
1739482037.5052476,-91,43,122
1739482037.5512476,-26,-68,-14
1739482037.5962474,35,41,71
1739482037.6422474,20,105,-61
1739482037.6882474,3,95,-26
1739482037.7342474,-53,-108,-23
1739482037.7792475,-91,21,-36
1739482037.8252475,6,-18,-105
1739482037.8712475,46,7,-113
1739482037.9162476,-11,-16,-46
1739482037.9622476,68,-137,-49
1739482038.0082476,-12,44,103
1739482038.0542476,3,-64,-44
1739482038.0992477,-10,-38,76
1739482038.1452477,0,-23,-118
1739482038.1912477,-28,-6,62
1739482038.2362475,-16,27,-1
1739482038.2822475,1,-111,21
1739482038.3282475,-98,-17,-62
1739482038.3742476,25,32,-25
1739482038.4192476,-53,-14,-27
1739482038.4652476,-25,6,-84
1739482038.5112476,-15,65,161
1739482038.5562477,-23,-12,-90
1739482038.6022477,-5,-109,-59
1739482038.6482477,0,-47,-46
1739482038.6942475,71,-139,4
1739482038.7392476,-16,11,-67
1739482038.7852476,0,-57,-31
1739482038.8312476,51,17,-56
1739482038.8762476,-19,-128,-68
1739482038.9222476,-18,74,-49
1739482038.9682477,12,-36,-132
1739482039.0142477,-40,-190,75
1739482039.0592475,7,-106,-61
1739482039.1052475,-19,-21,-54
1739482039.1512475,50,-59,-126
1739482039.1962476,46,-23,11
1739482039.2422476,-17,-11,-69
1739482039.2882476,15,-128,-12
1739482039.3342476,-11,-41,-66
1739482039.3792477,17,-17,140
1739482039.4252477,-1,47,8
1739482039.4712474,-93,-114,24
1739482039.5162475,16,-58,-57
1739482039.5622475,-71,-84,39
1739482039.6082475,49,-11,-91
1739482039.6542475,19,-28,-70
1739482039.6992476,35,-73,-33
1739482039.7452476,-28,-2,-12
1739482039.7912476,17,-41,82
1739482039.8362474,2,15,-12
1739482039.8822474,32,-128,101
1739482039.9282477,-16,-109,26
1739482039.9742477,-4,-94,40
1739482040.0192475,-10,-30,139
1739482040.0652475,-59,19,52
1739482040.1112475,-12,-51,-110
1739482040.1562476,-73,-3,-5
1739482040.2022476,68,70,43
1739482040.2482476,-15,4,-32
1739482040.2942476,-31,-74,-13
1739482040.3392477,-142,-54,-46
1739482040.3852477,-15,12,43
1739482040.4312477,-35,-46,-186
1739482040.4762475,40,59,-39
1739482040.5222476,16,43,-257
1739482040.5682476,5,-14,-126
1739482040.6142476,27,19,-38
1739482040.6592476,-1,-2,-9
1739482040.7052476,-34,-66,-54
1739482040.7512476,-59,-70,-46
1739482040.7962475,8,-96,-34
1739482040.8422475,-42,-44,3
1739482040.8882475,64,-84,-115
1739482040.9342475,28,-32,37
1739482040.9792476,-18,7,-6
1739482041.0252476,13,-66,-69
1739482041.0712476,12,41,-53
1739482041.1162477,-41,-105,29
1739482041.1622477,0,-62,66
1739482041.2082477,18,-46,19
1739482041.2542477,-80,-123,37
1739482041.2992475,-67,27,-112
1739482041.3452475,25,0,-18
1739482041.3912475,40,-108,-113
1739482041.4362476,-104,-37,-46
1739482041.4822476,35,-136,-145
1739482041.5282476,-77,-31,1
1739482041.5742476,-12,-78,-46
1739482041.6192474,12,-92,0
1739482041.6652474,11,8,-71
1739482041.7112474,-12,-23,-28
1739482041.7562475,-49,-31,13
1739482041.8022475,-14,-9,-21
1739482041.8482475,-5,16,-44
1739482041.8942475,4,-49,7
1739482041.9392476,-37,-112,-61
1739482041.9852476,21,-67,12
1739482042.0312476,-57,-44,-127
1739482042.0762477,2,-70,-19
1739482042.1222477,-42,-132,-32
1739482042.1682477,22,-8,-9
1739482042.2142477,-35,13,-38
1739482042.2592475,-42,89,23
1739482042.3052475,-63,88,-55
1739482042.3512475,28,-55,13
1739482042.3962476,77,63,-40
1739482042.4422476,70,-23,55
1739482042.4882476,21,7,-134
1739482042.5342476,14,-21,-116
1739482042.5792477,3,-7,-127
1739482042.6252477,-21,36,-23
1739482042.6712475,7,99,22
1739482042.7222476,-9,14,26
1739482042.7682476,-46,-70,-17
1739482042.8142476,125,-81,-39
1739482042.8592474,7,37,-6
1739482042.9052474,-57,-26,-3
1739482042.9512477,-48,38,41
1739482042.9962475,56,-41,-45
1739482043.0422475,-57,-54,24
1739482043.0882475,24,-31,-105
1739482043.1342475,12,-47,51
1739482043.1792476,5,-14,22
1739482043.2252476,0,-150,71
1739482043.2712476,-36,26,-125
1739482043.3162477,-33,-66,44
1739482043.3622477,-6,-34,-49
1739482043.4082477,33,-99,-71
1739482043.4542477,-28,-40,-29
1739482043.4992476,-65,-58,4
1739482043.5452476,-9,59,-2
1739482043.5912476,-15,24,43
1739482043.6362476,-14,-94,-39
1739482043.6822476,38,57,97
1739482043.7282476,60,41,-13
1739482043.7742476,-18,14,-160
1739482043.8192475,84,-1,-23
1739482043.8652475,-67,-80,15
1739482043.9112475,-101,50,91
1739482043.9562476,9,6,27
1739482044.0022476,73,21,-152
1739482044.0482476,-2,149,1
1739482044.0942476,39,-48,85
1739482044.1392477,25,-28,-33
1739482044.1852477,63,69,-55
1739482044.2312477,65,-1,75
1739482044.2762475,-47,64,-99
1739482044.3222475,63,17,-59
1739482044.3682475,13,-17,17
1739482044.4142475,-97,-100,74
1739482044.4592476,-32,-100,105
1739482044.5052476,-50,-122,-33
1739482044.5512476,13,0,-13
1739482044.5962474,-6,40,-77
1739482044.6422474,-11,-88,-14
1739482044.6882474,-32,10,-117
1739482044.7342474,22,-120,-149
1739482044.7792475,-17,-27,101
1739482044.8252475,-3,-122,41
1739482044.8712475,29,15,-17
1739482044.9162476,-2,71,-88
1739482044.9622476,-50,-96,-124
1739482045.0082476,-30,-114,-5
1739482045.0542476,-68,-82,36
1739482045.0992477,9,57,20
1739482045.1452477,-56,-112,1
1739482045.1912477,-65,60,82
1739482045.2362475,-18,53,22
1739482045.2822475,101,-59,-46
1739482045.3282475,-56,-66,-193
1739482045.3742476,-79,2,-66
1739482045.4192476,23,-13,-57
1739482045.4652476,1,-39,3
1739482045.5112476,-12,-142,-104
1739482045.5562477,14,-106,-30
1739482045.6022477,48,64,13
1739482045.6482477,-10,-81,-124
1739482045.6942475,-42,22,39
1739482045.7392476,-6,69,45
1739482045.7852476,24,-37,-4
1739482045.8312476,-36,-22,-64
1739482045.8762476,36,-97,5
1739482045.9222476,92,17,-30
1739482045.9682477,-82,6,23
1739482046.0142477,-41,14,36
1739482046.0592475,25,-73,-64
1739482046.1052475,13,-32,-42
1739482046.1512475,-17,5,-119
1739482046.1962476,50,-46,-53
1739482046.2422476,1,-96,69
1739482046.2882476,-5,-56,-42
1739482046.3342476,33,31,-72
1739482046.3792477,6,40,-36
1739482046.4252477,26,40,-68
1739482046.4712474,-126,-68,-33
1739482046.5162475,-20,-112,-14
1739482046.5622475,-26,41,6
1739482046.6082475,17,6,-82
1739482046.6542475,41,-149,-47
1739482046.6992476,50,-26,-98
1739482046.7452476,26,-240,-44
1739482046.7912476,75,109,-72
1739482046.8362474,16,-77,97
1739482046.8822474,49,-77,-106
1739482046.9282477,-73,46,-122
1739482046.9742477,-128,48,58
1739482047.0192475,9,-49,-55
1739482047.0652475,55,-9,62
1739482047.1112475,53,-91,49
1739482047.1562476,-67,2,-56
1739482047.2022476,20,-4,-30
1739482047.2482476,-65,-46,-74
1739482047.2942476,-1,-2,-52
1739482047.3392477,110,81,29
1739482047.3852477,-12,6,-130
1739482047.4312477,87,-111,-17
1739482047.4762475,27,-71,-43
1739482047.5222476,-16,-46,-178
1739482047.5682476,46,-125,-36
1739482047.6142476,-14,118,2
1739482047.6592476,-2,-123,73
1739482047.7052476,10,29,-142
1739482047.7512476,-48,12,13
1739482047.7962475,-7,32,-22
1739482047.8422475,-121,-88,-109
1739482047.8882475,37,-69,-82
1739482047.9342475,59,-83,9
1739482047.9792476,83,9,-32
1739482048.0252476,-17,136,25
1739482048.0712476,-35,-52,-26
1739482048.1162477,-50,-76,-56
1739482048.1622477,-14,-142,-38
1739482048.2082477,0,11,-20
1739482048.2542477,-39,76,-65
1739482048.2992475,28,23,-45
1739482048.3452475,8,73,-129
1739482048.3912475,-12,53,0
1739482048.4362476,26,79,6
1739482048.4822476,48,66,-84
1739482048.5282476,-6,-30,-96
1739482048.5742476,17,55,-17
1739482048.6192474,-6,-156,-42
1739482048.6652474,-55,27,32
1739482048.7112474,-37,5,-21
1739482048.7562475,-29,71,-18
1739482048.8022475,-48,-41,-20
1739482048.8482475,10,-90,-123
1739482048.8942475,26,-120,-127
1739482048.9392476,-55,22,-116
1739482048.9852476,-29,40,-41
1739482049.0312476,18,1,22
1739482049.0762477,-39,58,-152
1739482049.1222477,8,7,-87
1739482049.1682477,19,-89,-68
1739482049.2142477,21,-65,24
1739482049.2592475,-25,-118,24
1739482049.3052475,20,89,-90
1739482049.3512475,14,-57,-26
1739482049.3962476,46,-59,-76
1739482049.4422476,-93,-118,-39
1739482049.4882476,-71,-70,200
1739482049.5342476,17,-25,-28
1739482049.5792477,-43,-46,12
1739482049.6252477,33,41,9
1739482049.6712475,-107,-80,46
1739482049.7162476,27,11,21
1739482049.7622476,29,37,-45
1739482049.8082476,-42,-34,25
1739482049.8542476,16,-58,56
1739482049.8992476,-47,-52,-38
1739482049.9452477,61,59,-74
1739482049.9912477,-11,-7,3
1739482050.0362475,-5,-60,7
1739482050.0822475,-14,58,82
1739482050.1282475,-70,-80,-31
1739482050.1742475,38,-78,-51
1739482050.2192476,40,44,-152
1739482050.2652476,32,-47,17
1739482050.3112476,-31,-16,-37
1739482050.3562477,12,85,-72
1739482050.4022477,-18,3,60
1739482050.4482474,50,-16,-25
1739482050.4942474,-6,-23,-154
1739482050.5392475,33,52,-9
1739482050.5852475,66,-66,-77
1739482050.6312475,5,17,42
1739482050.6762476,-10,42,16
1739482050.7222476,102,-49,-48
1739482050.7682476,16,-43,33
1739482050.8142476,3,-51,72
1739482050.8592474,40,-36,43
1739482050.9052474,3,7,-117
1739482050.9512477,-49,1,13
1739482050.9962475,38,34,-37
1739482051.0422475,-45,-67,-19
1739482051.0882475,96,77,27
1739482051.1342475,15,-72,-34
1739482051.1792476,10,-70,-135
1739482051.2252476,-52,-59,15
1739482051.2712476,0,-16,41
1739482051.3162477,-53,-12,-126
1739482051.3622477,-48,-46,57
1739482051.4082477,-1,-38,-82
1739482051.4542477,-19,-14,60
1739482051.4992476,16,-101,-8
1739482051.5452476,34,-89,-16
1739482051.5912476,7,57,2
1739482051.6362476,31,-80,-44
1739482051.6822476,-29,-120,-68
1739482051.7282476,-49,60,1
1739482051.7742476,15,0,32
1739482051.8192475,8,-40,45
1739482051.8652475,22,-17,-24
1739482051.9112475,9,17,36
1739482051.9562476,-87,-36,41
1739482052.0022476,-52,68,-58
1739482052.0482476,-17,-62,-43
1739482052.0942476,17,1,-54
1739482052.1392477,18,26,0
1739482052.1852477,17,0,-7
1739482052.2312477,84,-161,-23
1739482052.2762475,91,33,-9
1739482052.3222475,33,63,-79
1739482052.3672476,-61,-134,-17
1739482052.4122477,53,-1,-52
1739482052.4582477,-24,-44,48
1739482052.5042477,22,51,-52
1739482052.5502477,-55,-20,-67
1739482052.5952475,20,-55,-2
1739482052.6412475,10,-43,-34
1739482052.6872475,1,-54,-28
1739482052.7382476,-58,-100,51
1739482052.7842476,-22,-90,40
1739482052.8302476,35,5,-16
1739482052.8752477,42,-53,-64
1739482052.9212475,-14,-32,-80
1739482052.9672475,-4,28,-49
1739482053.0122476,-17,40,-70
1739482053.0582476,-74,18,-22
1739482053.1042476,23,7,-1
1739482053.1502476,52,-9,32
1739482053.1952477,37,95,-120
1739482053.2412477,81,-81,-136
1739482053.2872477,-42,-14,-27
1739482053.3322475,29,-131,-88
1739482053.3782475,17,-47,18
1739482053.4242475,11,-21,-47
1739482053.4702475,-35,-120,-15
1739482053.5152476,-14,-120,-21
1739482053.5612476,-51,-40,-5
1739482053.6072476,-43,-54,-44
1739482053.6522477,-28,-62,-107
1739482053.6982474,39,-141,-153
1739482053.7442474,34,17,-28
1739482053.7902474,-36,-54,56
1739482053.8352475,-23,84,15
1739482053.8812475,-18,50,-110
1739482053.9272475,1,-115,106
1739482053.9722476,38,-97,-84
1739482054.0182476,-4,-86,-13
1739482054.0642476,-25,-74,-28
1739482054.1102476,2,23,-28
1739482054.1552474,-19,-74,-111
1739482054.2012477,-25,0,-178
1739482054.2472477,-50,-14,-74
1739482054.2922475,-79,-24,28
1739482054.3382475,44,-11,-16
1739482054.3842475,7,-157,34
1739482054.4302475,45,-1,-36
1739482054.4752476,-65,-54,-32
1739482054.5212476,72,-67,9
1739482054.5672476,11,-2,-33
1739482054.6122477,-14,-30,-96
1739482054.6582477,-21,-6,-60
1739482054.7042477,7,-45,82
1739482054.7502477,-19,116,-97
1739482054.7952476,-21,6,-76
1739482054.8412476,48,173,12
1739482054.8872476,-34,52,-57
1739482054.9322476,-64,-62,-53
1739482054.9782476,24,-59,-70
1739482055.0242476,-44,32,-91
1739482055.0702477,30,33,-90
1739482055.1152475,-16,-8,1
1739482055.1612475,-3,-152,-122
1739482055.2072475,6,-32,-146
1739482055.2522476,-88,-20,-86
1739482055.2982476,11,-123,-49
1739482055.3442476,-28,-116,-71
1739482055.3902476,-5,-11,-50
1739482055.4352477,-2,17,-69
1739482055.4812477,-10,4,-2
1739482055.5272477,58,-31,-62
1739482055.5722475,48,-11,-55
1739482055.6182475,-59,-132,-19
1739482055.6642475,10,-75,-8
1739482055.7102475,-1,-131,-56
1739482055.7552476,0,-102,-2
1739482055.8012476,21,-67,37
1739482055.8472476,5,-97,50
1739482055.8922474,11,-41,-56
1739482055.9382474,25,-91,-94
1739482055.9842474,63,19,-183
1739482056.0302474,41,27,-87
1739482056.0752475,-48,-78,30
1739482056.1212475,0,-53,-13
1739482056.1672475,-65,-66,24
1739482056.2122476,25,43,-55
1739482056.2582476,32,-89,-37
1739482056.3042476,49,-73,-9
1739482056.3502476,-29,12,-100
1739482056.3952477,31,-13,-116
1739482056.4412477,47,-53,48
1739482056.4872477,-37,-90,59
1739482056.5322475,-54,62,-57
1739482056.5782475,26,11,-61
1739482056.6252477,108,-89,-84
1739482056.6712475,45,-105,2
1739482056.7162476,-9,-2,-47
1739482056.7622476,19,1,-64
1739482056.8082476,-19,-102,2
1739482056.8542476,-51,-10,-19
1739482056.8992476,24,-145,-49
1739482056.9452477,-11,-44,-47
1739482056.9912477,-41,-28,21
1739482057.0362475,6,-55,11
1739482057.0822475,15,-14,-9
1739482057.1282475,-26,-112,7
1739482057.1742475,107,49,33
1739482057.2192476,15,-21,-18
1739482057.2652476,124,-29,-99
1739482057.3112476,48,-123,-80
1739482057.3562477,-15,-20,-17
1739482057.4022477,47,13,20
1739482057.4482474,-1,-27,33
1739482057.4942474,1,-90,24
1739482057.5392475,15,73,-150
1739482057.5852475,-45,-58,4
1739482057.6312475,-4,-93,73
1739482057.6762476,4,44,-48
1739482057.7222476,15,-117,-2
1739482057.7682476,-39,-38,-131
1739482057.8142476,65,-89,29
1739482057.8592474,-65,-56,46
1739482057.9052474,-11,-78,12
1739482057.9512477,1,-88,-47
1739482057.9962475,10,43,-99
1739482058.0422475,115,95,-52
1739482058.0882475,-14,-55,46
1739482058.1342475,66,-229,-27
1739482058.1792476,54,-5,-38
1739482058.2252476,-25,-58,23
1739482058.2712476,-4,-38,-119
1739482058.3162477,-86,-14,-7
1739482058.3622477,74,5,-21
1739482058.4082477,7,-93,56
1739482058.4542477,-4,-62,-40
1739482058.4992476,46,-15,23
1739482058.5452476,0,-14,-5
1739482058.5912476,-50,-68,-53
1739482058.6362476,103,0,-25
1739482058.6822476,-37,-148,-10
1739482058.7282476,15,-33,15
1739482058.7742476,36,-17,-2
1739482058.8192475,-42,98,-71
1739482058.8652475,54,-155,24
1739482058.9112475,-52,-92,-66
1739482058.9562476,59,75,5
1739482059.0022476,135,-141,-61
1739482059.0482476,-31,-18,22
1739482059.0942476,54,55,-45
1739482059.1392477,3,0,41
1739482059.1852477,-64,4,-34
1739482059.2312477,3,0,-34
1739482059.2762475,-30,-59,-19
1739482059.3222475,25,13,-122
1739482059.3682475,23,-63,-73
1739482059.4142475,108,83,-110
1739482059.4592476,51,3,-107
1739482059.5052476,12,-39,1
1739482059.5512476,67,-17,-109
1739482059.5962474,-38,-14,49
1739482059.6422474,-38,-30,0
1739482059.6882474,-98,60,-4
1739482059.7342474,-67,-54,-6
1739482059.7792475,-45,36,-1
1739482059.8252475,23,-93,-26
1739482059.8712475,-1,36,-24
1739482059.9162476,11,-45,-67
1739482059.9622476,-35,-102,-20
1739482060.0082476,28,17,-150
1739482060.0542476,28,0,-62
1739482060.0992477,-22,-122,-64
1739482060.1452477,40,-173,0
1739482060.1912477,-46,12,85
1739482060.2362475,43,119,-63
1739482060.2822475,-4,123,48
1739482060.3282475,0,16,-8
1739482060.3742476,-74,-6,-51
1739482060.4192476,-102,-20,83
1739482060.4652476,-15,73,91
1739482060.5112476,21,-99,29
1739482060.5562477,17,-17,0
1739482060.6022477,-7,18,-18
1739482060.6482477,0,-32,-22
1739482060.6942475,-25,-72,19
1739482060.7392476,-30,14,-64
1739482060.7852476,3,-86,-37
1739482060.8312476,-136,12,63
1739482060.8762476,-14,-124,-42
1739482060.9222476,33,-43,17
1739482060.9682477,29,-86,-137
1739482061.0142477,1,10,-33
1739482061.0592475,-5,86,-22
1739482061.1052475,53,-109,65
1739482061.1512475,-24,-94,79
1739482061.1962476,-90,-24,36
1739482061.2422476,-12,-64,-38
1739482061.2882476,-20,-32,-28
1739482061.3342476,43,-28,11
1739482061.3792477,-3,-71,-51
1739482061.4252477,30,-128,-73
1739482061.4712474,-41,-129,-33
1739482061.5162475,21,-44,39
1739482061.5622475,27,-44,-78
1739482061.6082475,-97,5,-18
1739482061.6542475,2,-133,-140
1739482061.6992476,17,50,-18
1739482061.7452476,99,-44,35
1739482061.7912476,-58,-89,-117
1739482061.8362474,9,-40,26
1739482061.8822474,-8,-69,56
1739482061.9282477,44,-118,-140
1739482061.9742477,-55,-141,-120
1739482062.0192475,-66,7,-27
1739482062.0652475,18,8,-7
1739482062.1112475,-64,-11,-164
1739482062.1562476,9,-60,-18
1739482062.2022476,40,-68,-24
1739482062.2482476,-29,-105,-77
1739482062.2942476,42,-72,-39
1739482062.3392477,-79,-7,-101
1739482062.3852477,49,94,-96
1739482062.4312477,47,-22,-126
1739482062.4762475,3,-12,-62
1739482062.5222476,-79,-31,-7
1739482062.5682476,10,-58,27
1739482062.6142476,36,50,-135
1739482062.6592476,98,52,1
1739482062.7052476,-85,61,-55
1739482062.7562475,-9,-113,-74
1739482062.8022475,-26,-69,25
1739482062.8482475,75,22,85
1739482062.8942475,40,-68,20
1739482062.9392476,-1,20,-97
1739482062.9852476,34,-30,30
1739482063.0312476,23,-102,31
1739482063.0762477,-5,53,-119
1739482063.1222477,-21,-41,-114
1739482063.1682477,-20,-77,-148
1739482063.2142477,-13,-27,55
1739482063.2592475,-1,-13,-146
1739482063.3052475,-19,-117,-54
1739482063.3512475,-22,-11,-83
1739482063.3962476,65,-28,71
1739482063.4422476,82,-12,-85
1739482063.4882476,-80,-45,-15
1739482063.5342476,25,-32,-2
1739482063.5792477,23,44,2
1739482063.6252477,-56,-15,-12
1739482063.6712475,35,-10,-67
1739482063.7162476,-18,-175,-61
1739482063.7622476,68,36,-114
1739482063.8082476,6,-114,90
1739482063.8542476,-52,-53,-76
1739482063.8992476,27,-22,-13
1739482063.9452477,-55,-141,-48
1739482063.9912477,17,30,36
1739482064.0362475,-92,-35,-34
1739482064.0822475,46,8,2
1739482064.1282475,33,14,-19
1739482064.1742475,55,-122,-42
1739482064.2192476,-68,-101,-43
1739482064.2652476,-25,-23,-85
1739482064.3112476,62,-62,-68
1739482064.3562477,2,33,-49
1739482064.4022477,-1,-96,-13
1739482064.4482474,53,10,-90
1739482064.4942474,40,-64,-149
1739482064.5392475,-6,59,-94
1739482064.5852475,-28,5,51
1739482064.6312475,-80,-85,15
1739482064.6762476,-52,5,-42
1739482064.7222476,-30,-141,-19
1739482064.7682476,-66,1,-97
1739482064.8132474,18,106,2
1739482064.8592474,108,-88,-74
1739482064.9052474,-4,-85,15
1739482064.9512477,-49,-17,-10
1739482064.9962475,-16,-81,-69
1739482065.0422475,-9,-79,-2
1739482065.0882475,0,15,37
1739482065.1332476,-21,53,-131
1739482065.1792476,12,-54,-46
1739482065.2252476,-20,23,39
1739482065.2712476,-30,-99,-47
1739482065.3162477,-4,-93,-134
1739482065.3622477,38,-2,15
1739482065.4082477,56,70,16
1739482065.4532475,1,-111,-102
1739482065.4992476,31,-82,71
1739482065.5452476,-36,11,-9
1739482065.5912476,9,0,-46
1739482065.6362476,-52,-37,-40
1739482065.6822476,36,44,65
1739482065.7282476,-29,-33,-46
1739482065.7732477,26,-112,-64
1739482065.8192475,-57,15,4
1739482065.8652475,25,50,0
1739482065.9112475,28,8,-13
1739482065.9562476,18,28,3
1739482066.0022476,-38,-31,-143
1739482066.0482476,5,-10,13
1739482066.0932477,22,-54,24
1739482066.1392477,-3,13,-77
1739482066.1852477,-1,-85,-73
1739482066.2312477,-2,37,-53
1739482066.2762475,113,-84,-54
1739482066.3222475,5,17,68
1739482066.3682475,8,32,19
1739482066.4132476,81,36,3
1739482066.4592476,-66,-61,-49
1739482066.5052476,-19,-5,-15
1739482066.5512476,3,-8,15
1739482066.5962474,3,-94,-31
1739482066.6422474,-24,-23,-38
1739482066.6882474,14,10,-6
1739482066.7332475,-11,-35,-83
1739482066.7792475,-33,-83,77
1739482066.8252475,-50,-53,9
1739482066.8712475,-102,5,-52
1739482066.9162476,70,-76,-31
1739482066.9622476,-18,-21,-112
1739482067.0082476,-5,7,-25
1739482067.0532477,33,-12,-86
1739482067.0992477,38,-68,-62
1739482067.1452477,-45,-19,-104
1739482067.1912477,13,-20,-107
1739482067.2362475,-40,-1,-87
1739482067.2822475,-22,-7,-3
1739482067.3282475,11,-106,-85
1739482067.3732476,-39,-51,-152
1739482067.4192476,-16,-29,77
1739482067.4652476,-69,65,8
1739482067.5112476,7,-97,-10
1739482067.5562477,-39,-53,76
1739482067.6022477,83,-82,30
1739482067.6482477,-7,-131,-43
1739482067.6932476,28,14,-52
1739482067.7392476,-21,19,85
1739482067.7852476,-62,-95,76
1739482067.8292477,43,-16,-12
1739482067.8752477,-28,1,89
1739482067.9212475,-23,-107,-59
1739482067.9672475,-3,-145,-21
1739482068.0122476,34,-52,-89
1739482068.0582476,0,37,135
1739482068.1042476,-24,-87,-49
1739482068.1492476,-25,-11,-107
1739482068.1952477,1,-12,-69
1739482068.2412477,-38,-83,-82
1739482068.2872477,-5,-55,-81
1739482068.3322475,24,-60,-21
1739482068.3782475,76,36,-14
1739482068.4242475,37,-24,-14
1739482068.4692476,-41,-21,43
1739482068.5152476,71,-4,-38
1739482068.5612476,8,32,-41
1739482068.6072476,12,-18,-59
1739482068.6522477,6,-14,60
1739482068.6982474,-31,-13,-69
1739482068.7442474,74,20,-77
1739482068.7892475,35,-18,27
1739482068.8352475,-5,-137,-26
1739482068.8812475,68,110,-58
1739482068.9272475,-12,45,39
1739482068.9722476,-15,-87,-62
1739482069.0182476,-5,-69,-99
1739482069.0642476,32,-26,-121
1739482069.1092474,-91,31,-110
1739482069.1552474,60,4,134
1739482069.2012477,53,12,-8
1739482069.2472477,63,-42,-65
1739482069.2922475,-50,-95,10
1739482069.3382475,47,18,-41
1739482069.3842475,-23,-31,-16
1739482069.4292476,10,-63,-9
1739482069.4752476,17,-92,17
1739482069.5212476,90,-92,-65
1739482069.5672476,7,-154,-56
1739482069.6122477,18,-52,-17
1739482069.6582477,-61,-105,34
1739482069.7042477,-62,-25,20
1739482069.7492476,23,-44,89
1739482069.7952476,6,25,-233
1739482069.8412476,-25,-47,-78
1739482069.8872476,-12,21,3
1739482069.9322476,-60,-21,-41
1739482069.9782476,30,46,-4
1739482070.0242476,8,-55,-82
1739482070.0692475,106,-78,66
1739482070.1152475,50,-110,-82
1739482070.1612475,9,10,-28
1739482070.2072475,0,35,-78
1739482070.2522476,22,100,-53
1739482070.2982476,-11,15,14
1739482070.3442476,112,4,-93
1739482070.3892477,-49,21,-11
1739482070.4352477,-18,-99,-40
1739482070.4812477,16,-80,-47
1739482070.5272477,0,-31,-1
1739482070.5722475,-38,-41,-43
1739482070.6182475,24,-70,-139
1739482070.6642475,86,0,4
1739482070.7092476,84,80,-37
1739482070.7552476,-3,93,-76
1739482070.8012476,19,-80,-97
1739482070.8472476,16,-52,7
1739482070.8922474,78,-70,-27
1739482070.9382474,19,-14,-36
1739482070.9842474,0,-13,37
1739482071.0292475,32,-104,13
1739482071.0752475,22,-41,-15
1739482071.1212475,72,-146,-76
1739482071.1672475,34,6,-57
1739482071.2122476,-12,-103,-41
1739482071.2582476,15,-92,13
1739482071.3042476,-127,-21,-107
1739482071.3492477,18,132,-2
1739482071.3952477,-20,-29,-100
1739482071.4412477,44,-28,2
1739482071.4872477,-31,-3,54
1739482071.5322475,6,27,29
1739482071.5782475,17,-78,44
1739482071.6242476,7,-38,41
1739482071.6692476,-3,-39,-57
1739482071.7152476,-17,-9,-9
1739482071.7612476,7,36,59
1739482071.8072476,46,-70,-49
1739482071.8522477,-44,-175,5
1739482071.8982477,60,-64,-125
1739482071.9442475,-49,-15,-56
1739482071.9892476,-2,-65,3
1739482072.0352476,66,-164,-127
1739482072.0812476,28,-40,71
1739482072.1272476,48,-16,8
1739482072.1722476,24,-112,-8
1739482072.2182477,0,75,-113
1739482072.2642477,-55,-109,39
1739482072.3092475,47,-176,-175
1739482072.3552475,-30,-87,-37
1739482072.4012475,-37,-125,32
1739482072.4472475,-30,19,-82
1739482072.4922476,-71,61,26
1739482072.5382476,-71,19,-54
1739482072.5842476,15,-10,-104
1739482072.6292477,36,-34,-91
1739482072.6752477,-20,77,-10
1739482072.7212474,-6,-43,-119
1739482072.7722476,44,-24,-60
1739482072.8182476,-76,-37,-53
1739482072.8642476,-2,-57,-20
1739482072.9092476,-7,-19,87
1739482072.9552476,26,-16,-1
1739482073.0012476,42,36,41
1739482073.0472476,-48,111,19
1739482073.0922475,37,-38,-1
1739482073.1382475,7,-51,-21
1739482073.1842475,1,-107,-5
1739482073.2292476,-10,-115,-10
1739482073.2752476,83,-68,-6
1739482073.3212476,22,-80,-216
1739482073.3672476,-15,-11,-56
1739482073.4122477,23,-28,76
1739482073.4582477,-33,-157,3
1739482073.5042477,2,-44,-14
1739482073.5492475,-22,-3,-121
1739482073.5952475,2,-82,-80
1739482073.6412475,9,-212,6
1739482073.6872475,-56,-15,-28
1739482073.7322476,-24,1,43
1739482073.7782476,-77,-145,-140
1739482073.8242476,-4,15,104
1739482073.8692474,-46,-43,-35
1739482073.9152474,24,-31,-8
1739482073.9612474,-32,-101,31
1739482074.0072474,-9,-31,60
1739482074.0522475,-3,19,-62
1739482074.0982475,1,-43,132
1739482074.1442475,-6,-177,-72
1739482074.1892476,64,-52,11
1739482074.2352476,60,-82,-31
1739482074.2812476,59,-76,-140
1739482074.3272476,-27,27,-145
1739482074.3722477,-62,-27,-118
1739482074.4182477,15,55,-134
1739482074.4642477,-80,-7,0
1739482074.5092475,-11,49,-70
1739482074.5552475,-40,70,-44
1739482074.6012475,21,-62,71
1739482074.6472476,-41,-39,-112
1739482074.6922476,-41,-43,-59
1739482074.7382476,-21,-57,28
1739482074.7842476,-24,-103,34
1739482074.8292477,-31,-75,-67
1739482074.8752477,-18,-13,-53
1739482074.9212475,18,-41,35
1739482074.9672475,-40,92,-28
1739482075.0122476,-38,-202,56
1739482075.0582476,65,5,7
1739482075.1042476,-30,-82,-35
1739482075.1492476,-25,-37,-30
1739482075.1952477,32,10,64
1739482075.2412477,10,-112,-71
1739482075.2872477,80,34,-113
1739482075.3322475,56,-32,-100
1739482075.3782475,-54,-79,-123
1739482075.4242475,6,46,-79
1739482075.4692476,11,-46,33
1739482075.5152476,33,-132,-72
1739482075.5612476,-30,-23,-21
1739482075.6072476,103,-30,48
1739482075.6522477,-26,117,-153
1739482075.6982474,7,-33,109
1739482075.7442474,-44,-27,-161
1739482075.7892475,19,8,-18
1739482075.8352475,-25,-86,4
1739482075.8812475,-96,-31,37
1739482075.9272475,-74,-39,-86
1739482075.9722476,10,22,-116
1739482076.0182476,98,-68,-64
1739482076.0642476,19,-62,-9
1739482076.1092474,12,16,36
1739482076.1552474,50,22,-64
1739482076.2012477,54,60,-87
1739482076.2472477,21,18,-123
1739482076.2922475,-7,31,-22
1739482076.3382475,29,34,45
1739482076.3842475,32,-98,-15
1739482076.4292476,-40,-5,-13
1739482076.4752476,-5,-29,-34
1739482076.5212476,72,39,-49
1739482076.5672476,-3,51,107
1739482076.6122477,30,-79,-73
1739482076.6582477,-42,-20,-136
1739482076.7042477,16,-39,-12
1739482076.7492476,-89,-124,79
1739482076.7952476,-22,-96,30
1739482076.8412476,-42,-60,-52
1739482076.8872476,4,-16,3
1739482076.9322476,12,-25,-83
1739482076.9782476,64,-35,-51
1739482077.0242476,6,-76,53
1739482077.0692475,-46,-39,-39
1739482077.1152475,35,62,0
1739482077.1612475,-10,-200,39
1739482077.2072475,74,-69,-10
1739482077.2522476,85,23,37
1739482077.2982476,35,-23,9
1739482077.3442476,-83,12,-103
1739482077.3892477,36,-131,-66
1739482077.4352477,-51,-22,-61
1739482077.4812477,23,-33,-6
1739482077.5272477,52,-25,-160
1739482077.5722475,0,-142,52
1739482077.6182475,-53,36,3
1739482077.6642475,8,-19,-55
1739482077.7092476,-44,-35,21
1739482077.7552476,45,-60,-28
1739482077.8012476,71,71,61
1739482077.8472476,-10,-131,-33
1739482077.8922474,-24,86,-9
1739482077.9382474,66,-63,1
1739482077.9842474,-37,50,19
1739482078.0292475,27,15,-54
1739482078.0752475,76,-101,-22
1739482078.1212475,36,55,-73
1739482078.1672475,58,-45,-61
1739482078.2122476,50,-57,-125
1739482078.2582476,31,0,0
1739482078.3042476,17,-44,-166
1739482078.3492477,23,-67,-11
1739482078.3952477,58,-50,-70
1739482078.4412477,23,-55,9
1739482078.4872477,-21,-25,-79
1739482078.5322475,-21,-4,-10
1739482078.5782475,57,-13,21
1739482078.6242476,-9,-45,42
1739482078.6692476,30,93,-30
1739482078.7152476,19,-95,-69
1739482078.7612476,42,1,-102
1739482078.8072476,35,-9,-33
1739482078.8522477,-5,45,123
1739482078.8982477,42,-69,-95
1739482078.9442475,-44,32,-48
1739482078.9892476,23,73,-129
1739482079.0352476,34,121,-86
1739482079.0812476,-122,-110,-47
1739482079.1272476,-38,-40,100
1739482079.1722476,-103,-53,-22
1739482079.2182477,-44,37,-108
1739482079.2642477,2,-51,-155
1739482079.3092475,-56,55,-93
1739482079.3552475,-91,-25,61
1739482079.4012475,-47,-15,-154
1739482079.4472475,-77,-81,39
1739482079.4922476,75,-22,9
1739482079.5382476,25,-4,-38
1739482079.5842476,-76,-109,18
1739482079.6292477,-71,27,0
1739482079.6752477,14,-70,-117
1739482079.7212474,-16,-113,-24
1739482079.7672474,-5,-37,0
1739482079.8122475,5,-82,-88
1739482079.8582475,-43,67,-33
1739482079.9042475,-7,-102,-80
1739482079.9492476,-19,-87,0
1739482079.9952476,-9,-72,-107
1739482080.0412476,-17,-17,48
1739482080.0872476,-63,-61,-87
1739482080.1322474,-28,1,-35
1739482080.1782477,34,12,62
1739482080.2242477,-24,-11,-91
1739482080.2692475,24,-46,-99
1739482080.3152475,134,-42,-92
1739482080.3612475,-1,-73,-32
1739482080.4072475,48,-38,-44
1739482080.4522476,-4,-16,-109
1739482080.4982476,-6,-40,-132
1739482080.5442476,-15,-82,-41
1739482080.5892477,25,63,-6
1739482080.6352477,-60,-50,-43
1739482080.6812477,31,-105,-35
1739482080.7272477,42,-127,25
1739482080.7722476,43,-81,-153
1739482080.8182476,-38,45,45
1739482080.8642476,38,-34,8
1739482080.9092476,-18,31,-41
1739482080.9552476,-10,-140,-40
1739482081.0012476,61,-113,59
1739482081.0472476,-7,-86,26
1739482081.0922475,-57,-18,-10
1739482081.1382475,59,-21,-14
1739482081.1842475,61,-83,-32
1739482081.2292476,-36,-172,-26
1739482081.2752476,-17,-12,-79
1739482081.3212476,87,95,30
1739482081.3672476,-23,122,87
1739482081.4122477,31,94,-2
1739482081.4582477,4,-30,-55
1739482081.5042477,-23,80,-68
1739482081.5492475,-6,-115,-63
1739482081.5952475,69,-18,42
1739482081.6412475,0,5,70
1739482081.6872475,52,-78,-110
1739482081.7322476,-41,-55,-57
1739482081.7782476,62,36,43
1739482081.8242476,-40,-135,-42
1739482081.8692474,-5,-95,18
1739482081.9152474,-2,-6,-110
1739482081.9612474,47,-78,28
1739482082.0072474,-36,-77,76
1739482082.0522475,-105,-25,45
1739482082.0982475,14,12,-68
1739482082.1442475,-7,-62,-18
1739482082.1892476,-41,-9,-103
1739482082.2352476,33,-20,-71
1739482082.2812476,-59,-27,69
1739482082.3272476,-58,-108,-12
1739482082.3722477,57,-7,-93
1739482082.4182477,62,-49,-53
1739482082.4642477,-17,46,43
1739482082.5092475,-8,0,-51
1739482082.5552475,-21,16,-83
1739482082.6012475,1,15,-50
1739482082.6472476,-47,-105,-120
1739482082.6922476,-58,-46,-32
1739482082.7442474,5,-15,-194
1739482082.7892475,-43,6,-76
1739482082.8352475,35,-57,-19
1739482082.8812475,11,-27,-37
1739482082.9272475,-27,62,0
1739482082.9722476,42,77,-9
1739482083.0182476,-16,-76,-140
1739482083.0642476,-65,24,-11
1739482083.1092474,-41,-170,-28
1739482083.1552474,-1,-28,59
1739482083.2012477,73,63,-184
1739482083.2472477,-17,-38,-119
1739482083.2922475,32,-9,-90
1739482083.3382475,46,19,101
1739482083.3842475,4,19,-63
1739482083.4292476,23,-13,7
1739482083.4752476,10,-66,-40
1739482083.5212476,-5,-110,-141
1739482083.5672476,32,10,103
1739482083.6122477,38,23,-92
1739482083.6582477,-64,-74,-75
1739482083.7042477,19,-83,21
1739482083.7492476,61,-71,-142
1739482083.7952476,67,-56,12
1739482083.8412476,-9,-89,-90
1739482083.8872476,10,-44,-19
1739482083.9322476,-12,-125,-37
1739482083.9782476,3,-38,-12
1739482084.0242476,40,51,-88
1739482084.0692475,25,11,-84
1739482084.1152475,-63,-92,-109
1739482084.1612475,-62,143,-70
1739482084.2072475,7,-124,26
1739482084.2522476,29,-127,-119
1739482084.2982476,-41,24,-74
1739482084.3442476,16,-25,-12
1739482084.3892477,-40,-44,-13
1739482084.4352477,30,-47,103
1739482084.4812477,68,-9,34
1739482084.5272477,-13,-2,-54
1739482084.5722475,-47,-56,-84
1739482084.6182475,21,-133,-45
1739482084.6642475,-117,-100,-32
1739482084.7092476,-26,-50,-36
1739482084.7552476,10,-26,-201
1739482084.8012476,-44,-61,-28
1739482084.8472476,-1,-41,9
1739482084.8922474,-5,-29,-92
1739482084.9382474,-13,89,4
1739482084.9842474,14,44,7
1739482085.0292475,0,-150,-182
1739482085.0752475,-4,-126,-52
1739482085.1212475,-82,67,86
1739482085.1672475,58,18,-50
1739482085.2122476,-48,131,15
1739482085.2582476,-28,-17,98
1739482085.3042476,49,34,2
1739482085.3492477,-55,19,70
1739482085.3952477,-80,-81,47
1739482085.4412477,52,-48,-18
1739482085.4872477,-13,47,-77
1739482085.5322475,15,-30,-42
1739482085.5782475,40,-42,21
1739482085.6242476,36,-104,2
1739482085.6692476,24,20,-63
1739482085.7152476,73,-70,33
1739482085.7612476,28,37,-45
1739482085.8072476,-30,-5,19
1739482085.8522477,-62,17,-87
1739482085.8982477,0,51,35
1739482085.9442475,-6,-141,-40
1739482085.9892476,-60,17,55
1739482086.0352476,-19,-41,-22
1739482086.0812476,0,-62,5
1739482086.1272476,-19,-61,-66
1739482086.1722476,-35,-17,-22
1739482086.2182477,24,-192,-4
1739482086.2642477,20,24,-83
1739482086.3092475,-21,105,-3
1739482086.3552475,3,-70,-13
1739482086.4012475,-43,-89,-27
1739482086.4472475,43,-43,-46
1739482086.4922476,-3,-48,-80
1739482086.5382476,2,-49,55
1739482086.5842476,53,1,50
1739482086.6292477,23,-31,27
1739482086.6752477,-12,-48,-1
1739482086.7212474,-17,-24,-102
1739482086.7672474,78,-91,-117
1739482086.8122475,-23,-64,14
1739482086.8582475,42,-77,15
1739482086.9042475,0,17,-92
1739482086.9492476,15,-19,41
1739482086.9952476,9,31,33
1739482087.0412476,-100,-186,-89
1739482087.0872476,22,-49,-38
1739482087.1322474,-2,-87,-27
1739482087.1782477,77,-68,43
1739482087.2242477,11,32,-29
1739482087.2692475,79,-40,-44
1739482087.3152475,-8,-17,-142
1739482087.3612475,-1,-12,71
1739482087.4072475,-28,41,-99
1739482087.4522476,41,46,-32
1739482087.4982476,10,-222,-12
1739482087.5442476,23,-34,39
1739482087.5892477,-28,-15,-72
1739482087.6352477,30,-144,-5
1739482087.6812477,-15,3,6
1739482087.7272477,19,64,-43
1739482087.7722476,-78,-63,-40
1739482087.8182476,-30,18,-56
1739482087.8642476,-162,11,-148
1739482087.9092476,-41,-67,-31
1739482087.9552476,49,-39,-144
1739482088.0012476,-86,-50,-138
1739482088.0472476,-14,22,36
1739482088.0922475,-79,-82,-71
1739482088.1382475,-54,-165,-13
1739482088.1842475,-27,-38,37
1739482088.2292476,-5,-20,16
1739482088.2752476,-84,126,67
1739482088.3212476,27,31,-116
1739482088.3672476,-43,-48,130
1739482088.4122477,-21,-54,-147
1739482088.4582477,-46,-26,104
1739482088.5042477,-54,4,-41
1739482088.5492475,23,-2,-77
1739482088.5952475,-48,-50,98
1739482088.6412475,-13,30,5
1739482088.6872475,18,53,62
1739482088.7322476,3,-14,-1
1739482088.7782476,57,-105,7
1739482088.8242476,-53,-8,-19
1739482088.8692474,-27,-59,-141
1739482088.9152474,-12,-4,-85
1739482088.9612474,62,-27,-114
1739482089.0072474,-58,7,-2
1739482089.0522475,-22,11,16
1739482089.0982475,37,-30,-168
1739482089.1442475,61,-110,-148
1739482089.1892476,2,-24,-88
1739482089.2352476,12,-14,61
1739482089.2812476,-68,59,23
1739482089.3272476,-21,-13,-121
1739482089.3722477,-3,-45,-9
1739482089.4182477,-21,97,-109
1739482089.4642477,98,-22,-28
1739482089.5092475,9,-10,-24
1739482089.5552475,-66,-60,-86
1739482089.6012475,69,-83,-20
1739482089.6472476,19,-12,-65
1739482089.6922476,73,-74,28
1739482089.7382476,-36,-35,-36
1739482089.7842476,68,-174,-16
1739482089.8292477,-44,-28,10
1739482089.8752477,35,-18,0
1739482089.9212475,16,-83,63
1739482089.9672475,6,119,-41
1739482090.0122476,21,-58,-80
1739482090.0582476,-3,0,-12
1739482090.1042476,-5,85,-118
1739482090.1492476,78,-32,16
1739482090.1952477,-64,-57,-60
1739482090.2412477,-45,-103,44
1739482090.2872477,0,72,-29
1739482090.3322475,24,14,17
1739482090.3782475,72,7,-67
1739482090.4242475,-25,-54,57
1739482090.4692476,132,103,-34
1739482090.5152476,6,-18,-45
1739482090.5612476,21,-128,-234
1739482090.6072476,39,28,-40
1739482090.6522477,38,16,70
1739482090.6982474,-74,-161,-148
1739482090.7442474,8,-72,52
1739482090.7892475,-43,-63,-15
1739482090.8352475,69,-44,22
1739482090.8812475,11,-80,30
1739482090.9272475,38,14,-72
1739482090.9722476,-35,45,62
1739482091.0182476,-30,-27,-14
1739482091.0642476,-46,-47,-39
1739482091.1092474,-55,-54,-135
1739482091.1552474,-58,-75,-147
1739482091.2012477,-9,-76,21
1739482091.2472477,-20,-156,-61
1739482091.2922475,7,-10,74
1739482091.3382475,23,3,-15
1739482091.3842475,50,23,-127
1739482091.4292476,4,-104,12
1739482091.4752476,24,-196,-165
1739482091.5212476,-72,52,-78
1739482091.5672476,25,-69,-66
1739482091.6122477,106,-77,19
1739482091.6582477,-39,-87,-74
1739482091.7042477,19,-6,45
1739482091.7492476,11,-88,71
1739482091.7952476,-19,-113,-57
1739482091.8412476,44,28,-12
1739482091.8872476,51,-96,89
1739482091.9322476,-46,65,40
1739482091.9782476,26,-42,-84
1739482092.0242476,73,-82,-110
1739482092.0692475,9,63,0
1739482092.1152475,6,6,-63
1739482092.1612475,-77,-136,32
1739482092.2072475,-41,32,-8
1739482092.2522476,-51,-52,-23
1739482092.2982476,-26,-56,-85
1739482092.3442476,40,-15,-102
1739482092.3892477,7,3,105
1739482092.4352477,-30,-62,-108
1739482092.4812477,35,30,94
1739482092.5272477,-27,-25,13
1739482092.5722475,5,-3,16
1739482092.6182475,9,-11,-92
1739482092.6642475,-18,-88,-9
1739482092.7092476,-42,-94,-56
1739482092.7612476,-19,-101,57
1739482092.8072476,-40,-18,-2
1739482092.8522477,-35,-66,-15
1739482092.8982477,-19,36,-53
1739482092.9442475,41,-69,-51
1739482092.9892476,51,-83,57
1739482093.0352476,-52,-28,-36
1739482093.0812476,-76,-37,-113
1739482093.1272476,71,-12,-99
1739482093.1722476,63,-36,-41
1739482093.2182477,-33,-27,10
1739482093.2642477,77,16,-145
1739482093.3092475,-19,45,-24
1739482093.3552475,9,105,-119
1739482093.4012475,-16,-29,-169
1739482093.4472475,-38,-47,-92
1739482093.4922476,1,-190,-1
1739482093.5382476,35,34,-54
1739482093.5842476,20,-29,8
1739482093.6292477,52,-37,-63
1739482093.6752477,-137,-52,33
1739482093.7212474,-78,-48,-22
1739482093.7672474,16,-11,54
1739482093.8122475,43,39,-183
1739482093.8582475,-32,-10,-11
1739482093.9042475,-53,8,-20
1739482093.9492476,-48,22,-57
1739482093.9952476,-50,-59,-26
1739482094.0412476,8,-39,-47
1739482094.0872476,-53,-99,-47
1739482094.1322474,26,25,-60
1739482094.1782477,17,-35,-87
1739482094.2242477,19,-29,77
1739482094.2692475,-27,38,-106
1739482094.3152475,-48,35,0
1739482094.3612475,-32,94,6
1739482094.4072475,62,-88,43
1739482094.4522476,83,66,-80
1739482094.4982476,12,20,-148
1739482094.5442476,-27,-17,8
1739482094.5892477,48,52,-10
1739482094.6352477,-21,-162,79
1739482094.6812477,-36,-20,-70
1739482094.7272477,-32,-15,-72
1739482094.7722476,119,93,25
1739482094.8182476,27,67,46
1739482094.8642476,9,-196,-19
1739482094.9092476,-13,-2,58
1739482094.9552476,-52,12,-108
1739482095.0012476,-52,-30,24
1739482095.0472476,98,30,-81
1739482095.0922475,8,-43,-10
1739482095.1382475,17,-6,-10
1739482095.1842475,-15,-75,-109
1739482095.2292476,-51,-19,-42
1739482095.2752476,1,-135,-88
1739482095.3212476,-24,-73,-114
1739482095.3672476,52,-19,63
1739482095.4122477,-79,-136,-210
1739482095.4582477,7,-94,-34
1739482095.5042477,-12,-59,-201
1739482095.5492475,-26,-59,-133
1739482095.5952475,12,-29,-45
1739482095.6412475,65,60,-61
1739482095.6872475,47,-34,-89
1739482095.7322476,39,27,-72
1739482095.7782476,-25,-96,-71
1739482095.8242476,32,-84,-43
1739482095.8692474,-13,-60,-33
1739482095.9152474,-10,-11,-50
1739482095.9612474,36,5,13
1739482096.0072474,-14,37,-30
1739482096.0522475,-51,-87,-128
1739482096.0982475,-10,-28,-24
1739482096.1442475,18,-1,-20
1739482096.1892476,6,-91,-173
1739482096.2352476,30,-89,-13
1739482096.2812476,-76,0,9
1739482096.3272476,-9,-140,-3
1739482096.3722477,-3,0,-59
1739482096.4182477,54,-3,-98
1739482096.4642477,-42,-6,-47
1739482096.5092475,63,-75,-72
1739482096.5552475,-26,-67,103
1739482096.6012475,39,32,64
1739482096.6472476,37,-62,31
1739482096.6922476,-4,-130,-182
1739482096.7382476,61,-61,5
1739482096.7842476,-24,-10,55
1739482096.8292477,22,87,-10
1739482096.8752477,8,53,-40
1739482096.9212475,-37,-160,-139
1739482096.9662476,64,31,40
1739482097.0122476,6,-65,-57
1739482097.0582476,4,-126,-34
1739482097.1042476,44,97,-94
1739482097.1492476,17,-13,-108
1739482097.1952477,79,-91,-29
1739482097.2412477,61,-11,57
1739482097.2862475,-65,-28,-101
1739482097.3322475,59,-95,22
1739482097.3782475,11,-13,-22
1739482097.4242475,-103,-120,64
1739482097.4692476,17,27,-17
1739482097.5152476,-39,-2,120
1739482097.5612476,-11,48,-54
1739482097.6062477,17,-25,-80
1739482097.6522477,0,-25,-81
1739482097.6982474,-55,50,43
1739482097.7442474,-49,0,47
1739482097.7892475,-12,-40,35
1739482097.8352475,-8,-156,17
1739482097.8812475,-3,-20,-27
1739482097.9262476,-29,62,-168
1739482097.9722476,-71,-52,-65
1739482098.0182476,48,-55,-62
1739482098.0642476,-84,-100,7
1739482098.1092474,53,-7,-30
1739482098.1552474,-35,-42,-30
1739482098.2012477,-12,-6,-26
1739482098.2462475,-32,-38,-16
1739482098.2922475,-18,-176,-60
1739482098.3382475,-73,82,50
1739482098.3842475,-77,-2,-62
1739482098.4292476,2,41,-75
1739482098.4752476,-14,-48,-90
1739482098.5212476,-47,48,-142
1739482098.5662477,0,-45,-88
1739482098.6122477,-65,-2,-15
1739482098.6582477,5,-99,-2
1739482098.7042477,-26,-36,-74
1739482098.7492476,8,-237,12
1739482098.7952476,16,-95,13
1739482098.8412476,21,-35,-55
1739482098.8862476,-15,34,-52
1739482098.9322476,-41,-28,-21
1739482098.9782476,3,111,0
1739482099.0242476,67,15,46
1739482099.0692475,2,10,55
1739482099.1152475,0,-65,45
1739482099.1612475,0,-69,-17
1739482099.2062476,-61,0,-83
1739482099.2522476,-27,-100,51
1739482099.2982476,27,-93,-30
1739482099.3442476,0,-76,-54
1739482099.3892477,-13,108,-24
1739482099.4352477,-43,16,40
1739482099.4812477,16,-53,-23
1739482099.5262475,19,-87,13
1739482099.5722475,75,-19,45
1739482099.6182475,-22,-20,-23
1739482099.6642475,41,-179,-97
1739482099.7092476,27,29,-5
1739482099.7552476,-16,42,-52
1739482099.8012476,-3,141,-4
1739482099.8462474,0,-40,27
1739482099.8922474,-78,-38,-104
1739482099.9382474,15,-47,-117
1739482099.9842474,-36,92,-15
1739482100.0292475,21,-29,-2
1739482100.0752475,-25,-66,-12
1739482100.1212475,-80,46,-19
1739482100.1662476,-37,46,29
1739482100.2122476,0,-20,-59
1739482100.2582476,60,-157,48
1739482100.3042476,-51,-98,-35
1739482100.3492477,-20,-18,45
1739482100.3952477,-35,-132,40
1739482100.4412477,19,-69,-103
1739482100.4862475,-7,6,-24
1739482100.5322475,-7,-99,-38
1739482100.5782475,51,-113,-2
1739482100.6242476,-6,-80,109
1739482100.6692476,34,-27,-104
1739482100.7152476,-54,-56,22
1739482100.7612476,3,-83,-12
1739482100.8062477,30,-109,-14
1739482100.8522477,26,75,-53
1739482100.8982477,46,19,-39
1739482100.9442475,-20,40,-55
1739482100.9892476,-28,74,-30
1739482101.0352476,11,-106,-117
1739482101.0812476,7,-43,-35
1739482101.1262476,47,-85,-58
1739482101.1722476,37,7,-52
1739482101.2182477,-56,40,-48
1739482101.2642477,-25,44,16
1739482101.3092475,14,-103,-54
1739482101.3552475,27,-53,5
1739482101.4012475,12,-25,99
1739482101.4462476,-124,12,8
1739482101.4922476,-66,2,-112
1739482101.5382476,2,-51,10
1739482101.5842476,9,-57,-81
1739482101.6292477,46,-7,103
1739482101.6752477,-38,16,17
1739482101.7212474,-14,-44,13
1739482101.7662475,-27,-40,27
1739482101.8122475,8,49,-120
1739482101.8582475,-40,-46,49
1739482101.9042475,24,81,-39
1739482101.9492476,17,-179,22
1739482101.9952476,-13,-12,-52
1739482102.0412476,12,39,-44
1739482102.0862474,21,-17,45
1739482102.1322474,1,41,66
1739482102.1782477,23,13,116
1739482102.2242477,-10,-102,-32
1739482102.2692475,-20,60,-26
1739482102.3152475,20,-67,62
1739482102.3612475,-23,-6,79
1739482102.4062476,-27,20,-43
1739482102.4522476,14,-97,-46
1739482102.4982476,24,-45,-162
1739482102.5442476,33,7,-80
1739482102.5892477,-11,32,-30
1739482102.6352477,-34,56,90
1739482102.6812477,-25,-96,-96
1739482102.7262475,-2,-89,-121
1739482102.7782476,81,-19,114
1739482102.8242476,16,-87,21
1739482102.8692474,-58,0,-93
1739482102.9152474,24,25,87
1739482102.9612474,-56,-124,-9
1739482103.0062475,21,-61,-61
1739482103.0522475,-20,-38,-122
1739482103.0982475,40,-71,-88
1739482103.1442475,14,-115,130
1739482103.1892476,45,-91,-57
1739482103.2352476,48,29,-139
1739482103.2812476,-15,90,-59
1739482103.3262477,-6,84,-84
1739482103.3722477,14,-95,-206
1739482103.4182477,22,-56,-7
1739482103.4642477,-30,-42,-22
1739482103.5092475,4,-13,-57
1739482103.5552475,30,-27,-26
1739482103.6012475,1,141,-69
1739482103.6462476,41,-51,-132
1739482103.6922476,29,-61,60
1739482103.7382476,-63,-12,41
1739482103.7842476,-6,128,-53
1739482103.8292477,48,-131,-45
1739482103.8752477,-47,6,-137
1739482103.9212475,-18,-38,-87
1739482103.9662476,57,-97,-34
1739482104.0122476,59,-31,-154
1739482104.0582476,-9,-2,-9
1739482104.1042476,74,7,-94
1739482104.1492476,53,-115,111
1739482104.1952477,90,-83,-45
1739482104.2412477,49,-59,-68
1739482104.2862475,19,-51,-96
1739482104.3322475,-33,-112,-77
1739482104.3782475,-2,-44,15
1739482104.4242475,-12,-138,30
1739482104.4692476,21,-63,6
1739482104.5152476,12,41,-60
1739482104.5612476,-32,86,13
1739482104.6062477,-46,-64,-50
1739482104.6522477,55,-9,-111
1739482104.6982474,-17,-68,-41
1739482104.7442474,-19,34,48
1739482104.7892475,6,-29,0
1739482104.8352475,74,-55,-86
1739482104.8812475,-57,-14,-42
1739482104.9262476,-66,-94,-111
1739482104.9722476,-60,14,-44
1739482105.0182476,-47,-60,-81
1739482105.0642476,-11,-128,64
1739482105.1092474,-21,-58,-65
1739482105.1552474,38,-13,-38
1739482105.2012477,6,31,-24
1739482105.2462475,10,-63,-15
1739482105.2922475,-15,-32,51
1739482105.3382475,-8,30,-28
1739482105.3842475,-3,4,-46
1739482105.4292476,-56,-8,-56
1739482105.4752476,-36,-8,-59
1739482105.5212476,-12,-88,-62
1739482105.5662477,0,-19,-74
1739482105.6122477,-27,-76,10
1739482105.6582477,1,7,-63
1739482105.7042477,-103,-200,35
1739482105.7492476,18,57,3
1739482105.7952476,-4,-60,-160
1739482105.8412476,-91,-54,9
1739482105.8862476,7,-59,-50
1739482105.9322476,15,51,-59
1739482105.9782476,63,0,67
1739482106.0242476,101,-131,-135
1739482106.0692475,0,-57,-50
1739482106.1152475,104,-15,58
1739482106.1612475,-115,112,-129
1739482106.2062476,15,35,-91
1739482106.2522476,14,-33,-74
1739482106.2982476,23,-25,-50
1739482106.3442476,30,-25,-7
1739482106.3892477,-16,28,52
1739482106.4352477,-46,-44,4
1739482106.4812477,8,9,-100
1739482106.5262475,90,-55,135
1739482106.5722475,-45,-136,-38
1739482106.6182475,95,-135,67
1739482106.6642475,-8,-20,-2
1739482106.7092476,6,-101,106
1739482106.7552476,-36,-116,-51
1739482106.8012476,46,-171,67
1739482106.8462474,-24,16,-89
1739482106.8922474,-32,-52,-126
1739482106.9382474,-54,32,74
1739482106.9842474,-27,2,-41
1739482107.0292475,19,-61,-84
1739482107.0752475,-24,-70,-34
1739482107.1212475,32,-75,-144
1739482107.1662476,-96,-92,-72
1739482107.2122476,-14,26,89
1739482107.2582476,-1,-23,57
1739482107.3042476,44,-25,-72
1739482107.3492477,6,7,-90
1739482107.3952477,10,-29,17
1739482107.4412477,32,-111,-124
1739482107.4862475,48,1,-47
1739482107.5322475,-7,-17,0
1739482107.5782475,-62,107,-57
1739482107.6242476,0,30,68
1739482107.6692476,63,22,-32
1739482107.7152476,91,-132,40
1739482107.7612476,5,2,6
1739482107.8062477,-41,41,29
1739482107.8522477,19,38,-80
1739482107.8982477,-59,43,-21
1739482107.9442475,-27,-199,0
1739482107.9892476,14,-36,11
1739482108.0352476,-32,-51,-159
1739482108.0812476,130,-42,-177
1739482108.1262476,-108,9,28
1739482108.1722476,73,20,-81
1739482108.2182477,-32,-55,-33
1739482108.2642477,-39,-53,13
1739482108.3092475,-32,-121,-60
1739482108.3552475,-16,-33,-71
1739482108.4012475,-45,-69,-110
1739482108.4462476,14,44,-41
1739482108.4922476,-27,-39,-133
1739482108.5382476,61,8,-83
1739482108.5842476,5,-78,-114
1739482108.6292477,43,58,-29
1739482108.6752477,94,-60,-28
1739482108.7212474,-55,-115,86
1739482108.7662475,8,-27,21
1739482108.8122475,-42,-29,57
1739482108.8572476,25,-60,-100
1739482108.9022477,65,-43,56
1739482108.9482474,19,34,17
1739482108.9942474,21,-60,-2
1739482109.0402474,-103,-117,-22
1739482109.0852475,31,-29,12
1739482109.1312475,-7,-103,67
1739482109.1772475,-32,-49,13
1739482109.2222476,14,77,-70
1739482109.2682476,-37,-33,9
1739482109.3142476,16,-100,90
1739482109.3602476,11,-66,-118
1739482109.4052474,-20,-79,-86
1739482109.4512477,-22,-139,-97
1739482109.4972477,22,-222,61
1739482109.5422475,-6,-109,11
1739482109.5882475,59,-44,56
1739482109.6342475,1,-4,-14
1739482109.6802475,-88,-49,-25
1739482109.7252476,24,-8,-93
1739482109.7712476,70,34,28
1739482109.8172476,-30,-115,-32
1739482109.8622477,51,-62,0
1739482109.9082477,-43,11,21
1739482109.9542477,0,0,-33
1739482110.0002477,-29,-133,104
1739482110.0452476,12,-56,-92
1739482110.0912476,-4,47,-35
1739482110.1372476,11,-6,-54
1739482110.1822476,11,-24,24
1739482110.2282476,62,134,-109
1739482110.2742476,4,-60,-141
1739482110.3202477,28,6,-92
1739482110.3652475,-4,-74,22
1739482110.4112475,-11,7,-9
1739482110.4572475,79,34,-85
1739482110.5022476,15,89,-208
1739482110.5482476,-3,-105,-80
1739482110.5942476,26,-18,-68
1739482110.6402476,-85,-39,-75
1739482110.6852477,-40,-49,-67
1739482110.7312477,-25,-45,-52
1739482110.7772477,9,-4,-176
1739482110.8222475,59,-112,44
1739482110.8682475,56,-64,95
1739482110.9142475,17,-100,-25
1739482110.9602475,23,50,-17
1739482111.0052476,62,-76,63
1739482111.0512476,-38,-113,-118
1739482111.0972476,-51,-29,-90
1739482111.1422474,-16,-37,-31
1739482111.1882474,19,-24,-68
1739482111.2342474,42,-68,-122
1739482111.2802474,-33,41,-16
1739482111.3252475,34,62,-28
1739482111.3712475,-38,-181,-21
1739482111.4172475,28,-90,-28
1739482111.4622476,4,-60,-36
1739482111.5082476,53,52,-46
1739482111.5542476,-67,-119,-25
1739482111.6002476,-67,-97,-25
1739482111.6452477,11,-110,-128
1739482111.6912477,-6,-1,-31
1739482111.7372477,-5,39,-93
1739482111.7822475,-38,93,-19
1739482111.8282475,71,-12,-152
1739482111.8742476,18,-98,-56
1739482111.9202476,9,70,-24
1739482111.9652476,44,-4,80
1739482112.0112476,79,26,24
1739482112.0572476,67,32,-110
1739482112.1022477,-47,0,-20
1739482112.1482477,-41,-155,-125
1739482112.1942475,59,-52,-17
1739482112.2402475,4,-56,-39
1739482112.2852476,4,-114,-51
1739482112.3312476,20,-44,-29
1739482112.3772476,3,-84,-161
1739482112.4222476,-93,-19,-135
1739482112.4682477,-48,59,-142
1739482112.5142477,0,-13,60
1739482112.5602477,-27,-129,29
1739482112.6052475,26,-64,52
1739482112.6512475,-3,53,-99
1739482112.6972475,73,-8,-76
1739482112.7422476,-20,-3,-42
1739482112.7942476,-6,-119,-49
1739482112.8402476,-89,-97,49
1739482112.8852477,-23,-39,-112
1739482112.9312477,40,-44,-105
1739482112.9772477,-52,27,-39
1739482113.0222476,0,28,-7
1739482113.0682476,-38,-27,-35
1739482113.1142476,-18,-39,-93
1739482113.1602476,10,6,0
1739482113.2052476,-54,-79,-23
1739482113.2512476,55,-70,-41
1739482113.2972476,33,-110,66
1739482113.3422475,43,64,-40
1739482113.3882475,-32,-153,-154
1739482113.4342475,-49,27,24
1739482113.4802475,43,34,-136
1739482113.5252476,-5,-38,11
1739482113.5712476,18,-14,-99
1739482113.6172476,68,-138,-2
1739482113.6622477,-100,-131,-24
1739482113.7082477,2,-29,14
1739482113.7542477,-68,-163,-81
1739482113.8002477,-125,-107,-60
1739482113.8452475,-9,40,36
1739482113.8912475,-24,-90,2
1739482113.9372475,6,10,-81
1739482113.9822476,-45,25,-109
1739482114.0282476,-81,-61,-34
1739482114.0742476,-68,-109,59
1739482114.1202476,-26,-41,-26
1739482114.1652474,-50,-15,-38
1739482114.2102475,34,-72,47
1739482114.2562475,-48,-193,-51
1739482114.3012476,-45,-53,-58
1739482114.3472476,37,-44,-87
1739482114.3932476,-22,-117,43
1739482114.4382474,-53,-17,49
1739482114.4842474,-67,53,-24
1739482114.5302474,-13,-85,-68
1739482114.5762477,4,38,104
1739482114.6212475,13,22,-81
1739482114.6672475,84,26,38
1739482114.7132475,20,16,-45
1739482114.7582476,-83,43,-49
1739482114.8042476,-17,-77,-15
1739482114.8502476,-48,-47,-121
1739482114.8962476,-79,-5,-20
1739482114.9412477,18,14,-65
1739482114.9872477,35,-34,-91
1739482115.0332477,44,32,-91
1739482115.0782475,-54,25,11
1739482115.1242476,-66,33,-5
1739482115.1702476,-10,-85,13
1739482115.2162476,-4,-100,53
1739482115.2612476,32,-20,-69
1739482115.3072476,-48,9,10
1739482115.3532476,7,-98,-104
1739482115.3982477,5,55,-42
1739482115.4442475,-63,-127,134
1739482115.4902475,82,42,-102
1739482115.5362475,28,-266,107
1739482115.5812476,-53,67,-4
1739482115.6272476,35,-94,5
1739482115.6732476,27,-68,4
1739482115.7182477,15,-187,-225
1739482115.7642477,-41,-59,-35
1739482115.8102477,28,-60,67
1739482115.8562477,-19,-1,-44
1739482115.9012475,43,-74,-76
1739482115.9472475,79,-82,21
1739482115.9932475,14,-140,-24
1739482116.0382476,7,-68,77
1739482116.0842476,2,-1,40
1739482116.1302476,-75,-45,94
1739482116.1762476,-69,-107,24
1739482116.2212474,65,40,-161
1739482116.2672474,-11,-70,110
1739482116.3132474,89,82,-3
1739482116.3582475,-34,-127,-89
1739482116.4042475,19,24,-78
1739482116.4502475,-14,30,59
1739482116.4962475,48,-16,-15
1739482116.5412476,51,-76,69
1739482116.5872476,8,-68,-91
1739482116.6332476,25,-131,-221
1739482116.6782477,55,-84,-38
1739482116.7242477,-7,15,-64
1739482116.7702477,40,-28,-68
1739482116.8162477,38,-114,-73
1739482116.8612475,14,30,-65
1739482116.9072475,37,-136,-83
1739482116.9532475,0,-72,-52
1739482116.9982476,-41,-91,-164
1739482117.0442476,-83,-83,42
1739482117.0902476,50,-122,-120
1739482117.1362476,-91,101,-15
1739482117.1812477,59,22,-132
1739482117.2272477,24,96,-181
1739482117.2732477,23,14,44
1739482117.3182476,-31,-3,-102
1739482117.3642476,-23,-117,-89
1739482117.4102476,2,-116,-50
1739482117.4562476,60,-108,-2
1739482117.5012476,9,86,52
1739482117.5472476,65,-20,-47
1739482117.5932477,-12,-9,10
1739482117.6382475,15,-102,-68
1739482117.6842475,-15,-66,-48
1739482117.7302475,15,11,-57
1739482117.7762475,41,2,-61
1739482117.8212476,2,44,-4
1739482117.8672476,16,-158,-67
1739482117.9132476,-47,73,6
1739482117.9582477,29,-46,-57
1739482118.0042477,46,-76,-27
1739482118.0502477,59,28,-96
1739482118.0962474,80,6,-103
1739482118.1412475,88,16,73
1739482118.1872475,3,-50,101
1739482118.2332475,39,-84,-11
1739482118.2782476,-4,-32,44
1739482118.3242476,0,-93,8
1739482118.3702476,-18,-106,-9
1739482118.4162476,12,-88,6
1739482118.4612474,25,40,61
1739482118.5072474,32,-16,-169
1739482118.5532477,46,-6,-63
1739482118.5982475,54,0,-77
1739482118.6442475,-95,-41,-98
1739482118.6902475,-7,84,-34
1739482118.7362475,35,50,97
1739482118.7812476,9,-183,28
1739482118.8272476,-30,14,-93
1739482118.8732476,-58,-59,-10
1739482118.9182477,-16,-88,31
1739482118.9642477,-43,-75,66
1739482119.0102477,57,-132,16
1739482119.0562477,23,-139,51
1739482119.1012475,-37,-41,-81
1739482119.1472476,-30,19,-40
1739482119.1932476,-5,-105,-55
1739482119.2382476,28,-65,-36
1739482119.2842476,-18,-67,-24
1739482119.3302476,5,58,-115
1739482119.3762476,-4,-19,16
1739482119.4212475,33,-22,55
1739482119.4672475,22,-170,-32
1739482119.5132475,10,-196,64
1739482119.5582476,98,22,-69
1739482119.6042476,23,124,-50
1739482119.6502476,66,-120,55
1739482119.6962476,-11,-69,-137
1739482119.7412477,22,-44,11
1739482119.7872477,64,-96,30
1739482119.8332477,67,-58,-34
1739482119.8782475,37,-14,-206
1739482119.9242475,5,21,-12
1739482119.9702475,-15,53,-108
1739482120.0162475,-7,3,-53
1739482120.0612476,-59,19,-27
1739482120.1072476,-28,13,-55
1739482120.1532476,34,40,-55
1739482120.1982474,-26,-17,-67
1739482120.2442474,-45,-71,-2
1739482120.2902474,-92,37,-84
1739482120.3362474,-63,25,-95
1739482120.3812475,47,-72,-104
1739482120.4272475,72,-128,15
1739482120.4732475,-10,-121,-18
1739482120.5182476,-4,-52,-113
1739482120.5642476,-65,33,-83
1739482120.6102476,77,-64,-147
1739482120.6562476,-14,3,4
1739482120.7012477,21,-32,-113
1739482120.7472477,-27,-95,-50
1739482120.7932477,-10,-129,69
1739482120.8382475,64,-174,51
1739482120.8842475,-14,-13,38
1739482120.9302475,7,-36,-89
1739482120.9762475,-5,-112,-108
1739482121.0212476,-48,-165,-15
1739482121.0672476,-69,-61,0
1739482121.1132476,20,-190,-83
1739482121.1582477,-16,-27,-33
1739482121.2042477,38,-48,-158
1739482121.2502477,27,52,-40
1739482121.2962475,-42,11,-48
1739482121.3412476,-28,-1,40
1739482121.3872476,-58,-99,-18
1739482121.4332476,-25,-3,-10
1739482121.4782476,-72,-81,-100
1739482121.5242476,71,8,-16
1739482121.5702477,39,-74,7
1739482121.6162477,-20,-59,-151
1739482121.6612475,-28,-107,-157
1739482121.7072475,-15,-9,-52
1739482121.7532475,4,30,-36
1739482121.7982476,-75,5,-89
1739482121.8442476,-44,-29,-131
1739482121.8902476,-4,-58,-100
1739482121.9362476,73,-68,-107
1739482121.9812477,100,12,-86
1739482122.0272477,40,14,34
1739482122.0732474,-24,-53,-55
1739482122.1182475,-116,-48,-23
1739482122.1642475,-39,-58,-143
1739482122.2102475,9,-13,-8
1739482122.2562475,21,-81,-107
1739482122.3012476,-3,-140,-43
1739482122.3472476,-17,6,11
1739482122.3932476,61,-5,-46
1739482122.4382474,69,-18,55
1739482122.4842474,22,-88,-41
1739482122.5302474,-39,-79,13
1739482122.5762477,3,-3,-152
1739482122.6212475,39,36,-30
1739482122.6672475,61,-120,35
1739482122.7132475,-34,131,-66
1739482122.7582476,48,-20,-21
1739482122.8102477,30,-82,-34
1739482122.8562477,39,-28,34
1739482122.9012475,-101,-4,-41
1739482122.9472475,13,-45,116
1739482122.9932475,23,75,58
1739482123.0382476,109,104,-21
1739482123.0842476,-57,-42,2
1739482123.1302476,10,-35,-32
1739482123.1762476,-8,92,-29
1739482123.2212474,-79,-127,-46
1739482123.2672474,-15,-15,25
1739482123.3132474,-30,-19,-15
1739482123.3582475,-32,-13,120
1739482123.4042475,31,-125,-34
1739482123.4502475,34,-61,-54
1739482123.4962475,66,-92,-6
1739482123.5412476,-51,-53,-5
1739482123.5872476,-76,-43,-40
1739482123.6332476,-38,9,-36
1739482123.6782477,-28,-75,-75
1739482123.7242477,-41,51,-54
1739482123.7702477,-24,-61,-19
1739482123.8162477,-3,-53,32
1739482123.8612475,51,15,182
1739482123.9072475,85,-11,-131
1739482123.9532475,17,-111,-41
1739482123.9982476,17,-45,-38
1739482124.0442476,-32,120,-19
1739482124.0902476,-45,64,-83
1739482124.1362476,40,-35,63
1739482124.1812477,17,-47,27
1739482124.2272477,-35,-94,0
1739482124.2732477,28,-145,-71
1739482124.3182476,57,-85,31
1739482124.3642476,-26,-129,-59
1739482124.4102476,-28,-99,-17
1739482124.4562476,29,-97,158
1739482124.5012476,-29,13,-80
1739482124.5472476,-85,-37,-73
1739482124.5932477,29,38,-15
1739482124.6382475,35,-186,7
1739482124.6842475,8,32,-113
1739482124.7302475,-60,7,-50
1739482124.7762475,25,-74,3
1739482124.8212476,-48,-48,-95
1739482124.8672476,-59,-6,-134
1739482124.9132476,22,-7,48
1739482124.9582477,-14,-22,-1
1739482125.0042477,8,73,-40
1739482125.0502477,-24,-56,5
1739482125.0962474,-8,-93,-15
1739482125.1412475,-83,51,-8
1739482125.1872475,41,-131,33
1739482125.2332475,77,-55,-11
1739482125.2782476,-86,-91,39
1739482125.3242476,15,103,-76
1739482125.3702476,-14,-47,69
1739482125.4162476,7,12,-73
1739482125.4612474,-2,33,103
1739482125.5072474,-27,53,-68
1739482125.5532477,52,-45,41
1739482125.5982475,16,-33,0
1739482125.6442475,-75,42,-46
1739482125.6902475,4,-41,-15
1739482125.7362475,62,-84,-76
1739482125.7812476,-39,4,-56
1739482125.8272476,-9,61,-17
1739482125.8732476,-23,-8,-54
1739482125.9182477,0,-15,-9
1739482125.9642477,15,19,-10
1739482126.0102477,-12,-2,-50
1739482126.0562477,-8,-32,-19
1739482126.1012475,39,-103,-52
1739482126.1472476,-6,-35,-120
1739482126.1932476,-43,34,-119
1739482126.2382476,49,-161,-11
1739482126.2842476,-71,34,-114
1739482126.3302476,32,62,-70
1739482126.3762476,-1,-30,-62
1739482126.4212475,33,-44,-75
1739482126.4672475,-66,41,139
1739482126.5132475,25,-53,80
1739482126.5582476,52,-25,28
1739482126.6042476,8,-33,80
1739482126.6502476,46,23,-5
1739482126.6962476,-2,2,-54
1739482126.7412477,-56,-30,-88
1739482126.7872477,-31,-22,-87
1739482126.8332477,-100,-104,-1
1739482126.8782475,85,-41,-27
1739482126.9242475,-92,64,-9
1739482126.9702475,46,-109,43
1739482127.0162475,-25,-32,44
1739482127.0612476,14,-95,-1
1739482127.1072476,-21,30,-166
1739482127.1532476,36,36,-104
1739482127.1982474,-33,115,-77
1739482127.2442474,-35,-45,-5
1739482127.2902474,20,-103,23
1739482127.3362474,12,-164,28
1739482127.3812475,-16,-89,24
1739482127.4272475,22,-44,23
1739482127.4732475,-62,-17,42
1739482127.5182476,17,-124,-85
1739482127.5642476,9,12,-3
1739482127.6102476,-45,-11,-19
1739482127.6562476,56,8,21
1739482127.7012477,3,0,-123
1739482127.7472477,18,-10,-24
1739482127.7932477,2,-48,125
1739482127.8382475,2,-108,29
1739482127.8842475,-6,74,5
1739482127.9302475,19,-41,-33
1739482127.9762475,8,-31,-71
1739482128.0212476,-45,91,-56
1739482128.0672476,74,102,18
1739482128.1132476,-40,-143,-57
1739482128.1582477,-25,9,-156
1739482128.2042477,-39,-33,-41
1739482128.2502477,75,-50,-128
1739482128.2962475,-19,-117,43
1739482128.3412476,-24,49,-9
1739482128.3872476,27,26,-48
1739482128.4332476,32,-66,35
1739482128.4782476,-8,-169,61
1739482128.5242476,9,-82,-52
1739482128.5702477,-47,7,88
1739482128.6162477,51,-36,-19
1739482128.6612475,-105,-108,-45
1739482128.7072475,75,-25,4
1739482128.7532475,-30,-22,-133
1739482128.7982476,-30,54,31
1739482128.8442476,6,-68,-20
1739482128.8902476,27,101,-105
1739482128.9352477,-24,-101,-92
1739482128.9812477,43,-99,-3
1739482129.0272477,-44,25,-67
1739482129.0732474,-36,19,25
1739482129.1182475,31,-63,-33
1739482129.1642475,6,-132,-74
1739482129.2102475,-58,-33,1
1739482129.2552476,-80,18,-15
1739482129.3012476,-24,-22,-92
1739482129.3472476,-28,-72,-94
1739482129.3932476,-2,-112,15
1739482129.4382474,5,-91,30
1739482129.4842474,-1,78,-44
1739482129.5302474,-11,-7,-57
1739482129.5752475,-62,-62,-161
1739482129.6212475,5,48,-80
1739482129.6672475,-21,-36,-48
1739482129.7132475,-36,-10,150
1739482129.7582476,-3,-79,-114
1739482129.8042476,0,-69,63
1739482129.8502476,-117,-134,-54
1739482129.8952477,64,27,-156
1739482129.9412477,33,11,27
1739482129.9872477,-36,-98,-26
1739482130.0332477,52,3,46
1739482130.0782475,38,42,-108
1739482130.1242476,9,9,-47
1739482130.1702476,70,-59,-149
1739482130.2152476,-28,0,-58
1739482130.2612476,-26,19,-53
1739482130.3072476,-24,-3,-114
1739482130.3532476,-10,-38,-92
1739482130.3982477,48,-46,-5
1739482130.4442475,-83,-41,-40
1739482130.4902475,-30,-85,78
1739482130.5352476,-5,-118,-29
1739482130.5812476,17,-36,-119
1739482130.6272476,20,-149,-21
1739482130.6732476,91,21,20
1739482130.7182477,-37,-2,-23
1739482130.7642477,-46,104,-38
1739482130.8102477,-9,-44,41
1739482130.8552475,-10,18,26
1739482130.9012475,84,-53,-11
1739482130.9472475,-39,-176,4
1739482130.9932475,-6,-76,4
1739482131.0382476,2,-138,-69
1739482131.0842476,-83,-92,47
1739482131.1302476,50,-17,-109
1739482131.1752477,-18,-67,-42
1739482131.2212474,-8,-70,80
1739482131.2672474,-41,60,-52
1739482131.3132474,-39,-32,96
1739482131.3582475,42,-59,49
1739482131.4042475,-90,18,59
1739482131.4502475,15,-11,24
1739482131.4952476,-61,-94,5
1739482131.5412476,65,0,53
1739482131.5872476,-13,-74,-46
1739482131.6332476,-9,-40,-154
1739482131.6782477,-26,66,71
1739482131.7242477,-29,-72,78
1739482131.7702477,-32,116,-101
1739482131.8152475,5,-106,13
1739482131.8612475,-34,-2,5
1739482131.9072475,98,-135,34
1739482131.9532475,44,0,-102
1739482131.9982476,2,63,16
1739482132.0442476,29,-55,23
1739482132.0902476,0,-167,-94
1739482132.1352477,-16,108,27
1739482132.1812477,49,-101,-3
1739482132.2272477,-80,0,-124
1739482132.2732477,75,-97,-68
1739482132.3182476,-39,-78,-63
1739482132.3642476,1,-66,29
1739482132.4102476,0,-36,-71
1739482132.4552476,21,61,-35
1739482132.5012476,42,-78,95
1739482132.5472476,52,-39,-91
1739482132.5932477,-49,38,-22
1739482132.6382475,35,-134,-76
1739482132.6842475,45,-35,-8
1739482132.7302475,24,-129,97
1739482132.7812476,-32,-11,-38
1739482132.8272476,125,-106,58
1739482132.8732476,11,-90,-82
1739482132.9182477,-46,-133,-55
1739482132.9642477,-20,-52,29
1739482133.0102477,20,42,-55
1739482133.0552475,40,-44,-18
1739482133.1012475,-13,27,-122
1739482133.1472476,-12,52,-131
1739482133.1932476,-7,-129,-23
1739482133.2382476,34,-110,-129
1739482133.2842476,-32,16,-3
1739482133.3302476,-18,1,-23
1739482133.3752477,64,-85,-68
1739482133.4212475,-4,-89,-74
1739482133.4672475,-35,-13,-41
1739482133.5132475,-22,3,16
1739482133.5582476,-109,36,-7
1739482133.6042476,-25,-114,-167
1739482133.6502476,-17,-24,-140
1739482133.6952477,18,-61,23
1739482133.7412477,-3,-18,-15
1739482133.7872477,-32,28,-107
1739482133.8332477,-24,22,36
1739482133.8782475,-82,-58,-13
1739482133.9242475,-10,15,-14
1739482133.9702475,-10,92,-12
1739482134.0152476,77,26,-25
1739482134.0612476,42,-94,4
1739482134.1072476,38,-36,-35
1739482134.1532476,8,-3,-101
1739482134.1982474,0,-119,-53
1739482134.2442474,23,-54,-120
1739482134.2902474,-14,-28,-130
1739482134.3352475,34,-144,-46
1739482134.3812475,44,-7,-43
1739482134.4272475,-112,-10,34
1739482134.4732475,-31,2,-74
1739482134.5182476,10,-75,-51
1739482134.5642476,-37,42,-40
1739482134.6102476,1,19,-11
1739482134.6552474,23,-99,-46
1739482134.7012477,2,-49,-32
1739482134.7472477,-68,-30,-44
1739482134.7932477,-17,-40,-24
1739482134.8382475,11,-149,-136
1739482134.8842475,49,-17,25
1739482134.9302475,63,1,87
1739482134.9752476,-8,-74,44
1739482135.0212476,37,-96,-23
1739482135.0672476,-22,-52,-9
1739482135.1132476,12,21,8
1739482135.1582477,34,-51,30
1739482135.2042477,-49,-33,-18
1739482135.2502477,-46,63,43
1739482135.2952476,-43,-33,-84
1739482135.3412476,-56,52,-106
1739482135.3872476,-46,-48,-81
1739482135.4332476,88,129,-87
1739482135.4782476,35,-121,26
1739482135.5242476,-42,18,-54
1739482135.5702477,43,33,-103
1739482135.6152475,-19,-24,-37
1739482135.6612475,-67,2,-8
1739482135.7072475,-32,-10,-84
1739482135.7532475,-59,62,-6
1739482135.7982476,-81,-90,10
1739482135.8442476,34,23,-50
1739482135.8902476,11,3,-97
1739482135.9352477,8,-15,-77
1739482135.9812477,50,-103,-86
1739482136.0272477,-75,46,96
1739482136.0732474,22,-65,-59
1739482136.1182475,-64,-54,-6
1739482136.1642475,52,-9,-95
1739482136.2102475,22,-7,-30
1739482136.2552476,-93,-14,-17
1739482136.3012476,-36,-76,-24
1739482136.3472476,58,-35,43
1739482136.3932476,-22,-10,-92
1739482136.4382474,-15,34,-87
1739482136.4842474,18,-93,-187
1739482136.5302474,43,-29,44
1739482136.5752475,-1,0,-46
1739482136.6212475,30,20,-115
1739482136.6672475,-74,101,-29
1739482136.7132475,-24,24,69
1739482136.7582476,-22,9,95
1739482136.8042476,8,-93,16
1739482136.8502476,22,38,-25
1739482136.8952477,39,-49,-5
1739482136.9412477,11,24,-31
1739482136.9872477,1,-79,26
1739482137.0332477,-79,-7,-19
1739482137.0782475,27,-134,-5
1739482137.1242476,11,-47,7
1739482137.1702476,5,-118,3
1739482137.2152476,5,38,-29
1739482137.2612476,-22,-85,-2
1739482137.3072476,15,32,-31
1739482137.3532476,48,84,-85
1739482137.3982477,26,54,-10
1739482137.4442475,25,14,-42
1739482137.4902475,30,-48,144
1739482137.5352476,66,-4,-58
1739482137.5812476,33,88,56
1739482137.6272476,-38,-87,-24
1739482137.6732476,40,6,3
1739482137.7182477,70,42,-94
1739482137.7642477,-28,-25,-29
1739482137.8102477,15,-108,-98
1739482137.8552475,37,-30,-3
1739482137.9012475,-19,62,-162
1739482137.9472475,30,-21,-10
1739482137.9932475,-95,-14,52
1739482138.0382476,53,5,41
1739482138.0842476,31,-33,82
1739482138.1302476,10,85,-70
1739482138.1752477,60,-123,-10
1739482138.2212474,-82,-83,39
1739482138.2672474,-22,-4,7
1739482138.3132474,-32,-10,44
1739482138.3582475,-1,-55,-66
1739482138.4042475,11,7,14
1739482138.4502475,38,-115,-92
1739482138.4952476,7,-32,-8
1739482138.5412476,-76,0,-123
1739482138.5872476,19,-41,-4
1739482138.6332476,-25,-24,5
1739482138.6782477,-41,-76,-96
1739482138.7242477,-101,-46,-10
1739482138.7702477,14,77,6
1739482138.8152475,-43,-34,-30
1739482138.8612475,-71,-50,-116
1739482138.9072475,44,-75,19
1739482138.9532475,-3,-72,1
1739482138.9982476,49,-35,88
1739482139.0442476,29,-5,103
1739482139.0902476,-36,-30,-74
1739482139.1352477,24,-5,-119
1739482139.1812477,-61,42,-120
1739482139.2272477,6,39,50
1739482139.2732477,55,-33,-77
1739482139.3182476,10,22,-54
1739482139.3642476,79,-91,-56
1739482139.4102476,11,-42,24
1739482139.4552476,7,-61,3
1739482139.5012476,-49,-56,-29
1739482139.5472476,54,-79,67
1739482139.5932477,64,-43,-33
1739482139.6382475,51,53,51
1739482139.6842475,-36,66,71
1739482139.7302475,26,119,-89
1739482139.7752476,18,-151,1
1739482139.8212476,-14,61,-30
1739482139.8672476,36,-1,0
1739482139.9132476,16,-15,-127
1739482139.9582477,-17,-124,10
1739482140.0042477,16,-37,-46
1739482140.0502477,44,-29,66
1739482140.0952475,-24,56,-62
1739482140.1412475,-38,-124,33
1739482140.1872475,18,-109,24
1739482140.2332475,40,-7,-52
1739482140.2782476,55,-71,-94
1739482140.3232474,70,93,-78
1739482140.3692474,-15,8,22
1739482140.4142475,59,-23,10
1739482140.4602475,27,-95,-40
1739482140.5062475,49,-95,-159
1739482140.5512476,-106,34,12
1739482140.5972476,34,-41,42
1739482140.6432476,70,43,-157
1739482140.6892476,50,-25,-93
1739482140.7342474,13,-109,-117
1739482140.7802474,-52,0,44
1739482140.8262477,-9,21,-14
1739482140.8712475,-82,6,-122
1739482140.9172475,67,-81,0
1739482140.9632475,-21,-8,0
1739482141.0092475,66,5,53
1739482141.0542476,-24,-36,-6
1739482141.1002476,78,19,38
1739482141.1462476,22,43,2
1739482141.1912477,-17,53,-9
1739482141.2372477,26,89,-78
1739482141.2832477,-50,-96,7
1739482141.3292477,52,-159,-58
1739482141.3742476,0,-14,-91
1739482141.4202476,-66,-42,-1
1739482141.4662476,-16,20,122
1739482141.5112476,-58,-56,-113
1739482141.5572476,-93,-34,-174
1739482141.6032476,0,-66,-52
1739482141.6492476,-34,-78,43
1739482141.6942475,34,-111,-99
1739482141.7402475,-11,0,-107
1739482141.7862475,26,121,-38
1739482141.8312476,-51,-72,-16
1739482141.8772476,-63,54,11
1739482141.9232476,43,-5,-26
1739482141.9692476,-59,-92,-53
1739482142.0142477,5,-137,-131
1739482142.0602477,24,8,66
1739482142.1062477,119,65,-10
1739482142.1512475,10,-3,-248
1739482142.1972475,-60,-104,-118
1739482142.2432475,-40,-50,-46
1739482142.2892475,21,21,-37
1739482142.3342476,0,-45,22
1739482142.3802476,7,71,24
1739482142.4262476,71,-107,-155
1739482142.4712474,25,9,-9
1739482142.5172474,-8,-82,-77
1739482142.5632474,-34,-82,-59
1739482142.6092474,-12,-104,40
1739482142.6542475,12,-27,-80
1739482142.7002475,-13,-106,-51
1739482142.7462475,67,-33,23
1739482142.7972476,66,73,7
1739482142.8432477,-60,-52,-30
1739482142.8892477,20,61,-11
1739482142.9342475,29,-53,23
1739482142.9802475,36,45,-63
1739482143.0262475,61,9,-30
1739482143.0732474,72,-101,-130
1739482143.1182475,10,-150,70
1739482143.1642475,0,5,-135
1739482143.2102475,28,61,-44
1739482143.2552476,26,-43,54
1739482143.3012476,28,15,-9
1739482143.3472476,-13,5,-100
1739482143.3932476,16,-133,-25
1739482143.4382474,101,-109,-18
1739482143.4842474,39,-83,-73
1739482143.5302474,-72,-66,-36
1739482143.5752475,10,0,-148
1739482143.6212475,-40,-96,-18
1739482143.6672475,-68,-8,63
1739482143.7132475,62,-41,-32
1739482143.7582476,-9,62,33
1739482143.8042476,-26,54,-29
1739482143.8502476,9,-103,45
1739482143.8952477,28,-22,-74
1739482143.9412477,30,-135,-72
1739482143.9872477,70,35,-81
1739482144.0332477,-24,-122,-127
1739482144.0782475,61,-3,-70
1739482144.1242476,-26,-40,-35
1739482144.1702476,-48,-78,4
1739482144.2152476,-23,15,-48
1739482144.2612476,51,65,-101
1739482144.3072476,38,-29,-80
1739482144.3532476,36,-133,-62
1739482144.3982477,71,-25,3
1739482144.4442475,-20,-106,19
1739482144.4902475,0,-25,-63
1739482144.5352476,-29,-88,34
1739482144.5812476,-27,-96,-17
1739482144.6272476,10,33,-129
1739482144.6732476,-14,-30,51
1739482144.7182477,130,25,-94
1739482144.7642477,58,61,-22
1739482144.8102477,64,-43,-136
1739482144.8552475,9,-41,-13
1739482144.9012475,24,-117,-13
1739482144.9472475,-28,-26,-54
1739482144.9932475,7,-111,-130
1739482145.0382476,89,-27,-42
1739482145.0842476,50,75,-133
1739482145.1302476,82,-186,-77
1739482145.1752477,-74,-63,17
1739482145.2212474,82,-75,-219
1739482145.2672474,-14,13,-93
1739482145.3132474,-46,1,-46
1739482145.3582475,-34,-95,15
1739482145.4042475,-54,-39,-5
1739482145.4502475,16,14,49
1739482145.4952476,18,-50,-102
1739482145.5412476,8,-86,61
1739482145.5872476,-4,77,-30
1739482145.6332476,28,84,-115
1739482145.6782477,17,12,-33
1739482145.7242477,11,9,11
1739482145.7702477,16,-36,-77
1739482145.8152475,-2,-58,-126
1739482145.8612475,-34,57,5
1739482145.9072475,-64,-93,-64
1739482145.9532475,-18,-121,-65
1739482145.9982476,23,0,-20
1739482146.0442476,-15,-89,-34
1739482146.0902476,-45,-17,-24
1739482146.1352477,-51,-63,24
1739482146.1812477,21,36,-129
1739482146.2272477,-61,-55,-20
1739482146.2732477,3,-23,19
1739482146.3182476,44,50,-9
1739482146.3642476,10,-124,64
1739482146.4102476,-25,123,30
1739482146.4552476,-16,-159,50
1739482146.5012476,-98,-81,-219
1739482146.5472476,29,-86,24
1739482146.5932477,-13,-29,9
1739482146.6382475,45,-12,-6
1739482146.6842475,-83,51,-65
1739482146.7302475,67,10,-52
1739482146.7752476,-10,-13,0
1739482146.8212476,62,-70,80
1739482146.8672476,-5,-13,-63
1739482146.9132476,-133,15,-74
1739482146.9582477,-57,57,-60
1739482147.0042477,-13,17,-18
1739482147.0502477,-7,-73,-52
1739482147.0952475,-25,-54,20
1739482147.1412475,-83,-17,-77
1739482147.1872475,19,-100,37
1739482147.2332475,-10,-25,54
1739482147.2782476,48,-84,53
1739482147.3242476,18,-29,-116
1739482147.3702476,-36,17,-75
1739482147.4152474,-33,-24,0
1739482147.4612474,-39,3,39
1739482147.5072474,-37,33,-120
1739482147.5532477,-11,-85,-91
1739482147.5982475,72,-16,48
1739482147.6442475,31,-47,-33
1739482147.6902475,-44,25,-4
1739482147.7352476,-18,17,-31
1739482147.7812476,-80,-69,-92
1739482147.8272476,-92,-63,-59
1739482147.8732476,10,-12,47
1739482147.9182477,-18,11,78
1739482147.9642477,52,-150,24
1739482148.0102477,-31,-15,-27
1739482148.0552475,11,-52,-127
1739482148.1012475,-19,-71,-85
1739482148.1472476,-27,-127,-3
1739482148.1932476,-60,-37,-90
1739482148.2382476,-10,-116,-107
1739482148.2842476,-68,21,38
1739482148.3302476,-29,-5,0
1739482148.3752477,-46,-67,-24
1739482148.4212475,25,-40,35
1739482148.4672475,-30,-47,-72
1739482148.5132475,-2,9,-173
1739482148.5582476,-15,-103,-79
1739482148.6042476,18,18,75
1739482148.6502476,-35,-119,-112
1739482148.6952477,-55,-9,-69
1739482148.7412477,60,-56,-77
1739482148.7872477,23,8,-52
1739482148.8332477,10,-34,51
1739482148.8782475,74,36,-113
1739482148.9242475,9,30,-9
1739482148.9702475,73,-58,-24
1739482149.0152476,-50,1,-3
1739482149.0612476,-10,-23,19
1739482149.1072476,11,-34,-81
1739482149.1532476,48,82,109
1739482149.1982474,3,34,-104
1739482149.2442474,-9,-37,-4
1739482149.2902474,34,-48,21
1739482149.3352475,3,20,-33
1739482149.3812475,16,-40,-46
1739482149.4272475,23,-70,-83
1739482149.4732475,16,102,17
1739482149.5182476,12,-35,-26
1739482149.5642476,-10,-39,15
1739482149.6102476,-92,119,-104
1739482149.6552474,-22,115,41
1739482149.7012477,23,-58,-12
1739482149.7472477,-45,5,-50
1739482149.7932477,-60,-5,-39
1739482149.8382475,-54,-115,-19
1739482149.8842475,-20,-69,10
1739482149.9302475,-25,-9,-13
1739482149.9752476,-51,-1,-21
1739482150.0212476,-29,-45,-196
1739482150.0672476,10,84,28
1739482150.1132476,52,-50,6
1739482150.1582477,-18,21,-109
1739482150.2042477,-23,-61,48
1739482150.2502477,75,-38,-65
1739482150.2952476,-89,-21,-123
1739482150.3412476,-13,-69,-125
1739482150.3872476,48,64,-38
1739482150.4332476,-3,-41,-35
1739482150.4782476,10,-56,-52
1739482150.5242476,10,112,-47
1739482150.5702477,13,-62,-107
1739482150.6152475,1,-32,-58
1739482150.6612475,-46,-155,-68
1739482150.7072475,-40,-51,-63
1739482150.7532475,0,-67,-13
1739482150.7982476,-22,61,-97
1739482150.8442476,-22,-31,-49
1739482150.8902476,-66,-27,6
1739482150.9352477,-2,-90,83
1739482150.9812477,15,0,52
1739482151.0272477,-13,-83,0
1739482151.0732474,-31,-3,-36
1739482151.1182475,11,60,-45
1739482151.1642475,-91,3,14
1739482151.2102475,21,34,-95
1739482151.2552476,53,-202,-11
1739482151.3012476,-91,-37,-115
1739482151.3472476,-29,73,29
1739482151.3932476,-51,55,48
1739482151.4382474,-43,-13,-64
1739482151.4842474,26,-120,-90
1739482151.5302474,-32,-89,-66
1739482151.5752475,-50,-119,-62
1739482151.6212475,24,-70,-43
1739482151.6672475,28,-182,-217
1739482151.7132475,-4,-61,-37
1739482151.7582476,5,-6,59
1739482151.8042476,-53,-53,44
1739482151.8502476,-80,17,60
1739482151.8952477,36,-218,-82
1739482151.9412477,46,-54,41
1739482151.9872477,-15,-1,-22
1739482152.0332477,-45,29,-77
1739482152.0782475,44,-64,-24
1739482152.1242476,-43,-63,-33
1739482152.1702476,31,-230,-84
1739482152.2152476,70,-66,-45
1739482152.2612476,67,-32,-127
1739482152.3072476,36,-30,-72
1739482152.3532476,7,-4,-18
1739482152.3982477,-15,-19,-95
1739482152.4442475,25,-38,-41
1739482152.4902475,-19,0,-178
1739482152.5352476,65,36,-86
1739482152.5812476,-72,-79,-60
1739482152.6272476,-37,-23,-3
1739482152.6732476,71,-118,-28
1739482152.7182477,-54,17,-18
1739482152.7642477,16,-2,41
1739482152.8152475,-4,35,31
1739482152.8612475,35,64,-128
1739482152.9072475,88,-94,-58
1739482152.9532475,-57,-17,-36
1739482152.9982476,52,-120,110
1739482153.0442476,-43,-15,4
1739482153.0902476,-29,-3,-115
1739482153.1352477,53,-82,38
1739482153.1812477,42,-104,-73
1739482153.2272477,41,-108,-49
1739482153.2732477,-24,9,17
1739482153.3182476,19,96,23
1739482153.3642476,24,34,-30
1739482153.4102476,-30,-67,-11
1739482153.4552476,29,-40,25
1739482153.5012476,7,32,45
1739482153.5472476,-14,-55,-100
1739482153.5932477,0,28,-95
1739482153.6382475,70,12,25
1739482153.6842475,-6,-41,-49
1739482153.7302475,-86,-47,40
1739482153.7752476,10,-16,-161
1739482153.8212476,-32,-197,-106
1739482153.8672476,-9,-61,158
1739482153.9132476,-8,-77,18
1739482153.9582477,42,-28,-19
1739482154.0042477,47,-84,-2
1739482154.0502477,-47,-51,-1
1739482154.0952475,0,-63,-41
1739482154.1412475,42,-72,31
1739482154.1872475,56,82,-4
1739482154.2332475,-60,105,-65
1739482154.2782476,-17,-49,-22
1739482154.3242476,-59,-33,13
1739482154.3702476,51,40,116
1739482154.4152474,-28,-79,32
1739482154.4612474,33,-60,-39
1739482154.5072474,18,-66,2
1739482154.5532477,26,-64,61
1739482154.5982475,-28,-57,-37
1739482154.6442475,-77,25,99
1739482154.6902475,6,-115,1
1739482154.7352476,28,-104,-51
1739482154.7812476,-53,-117,28
1739482154.8272476,-31,-102,-41
1739482154.8732476,0,-80,-1
1739482154.9182477,-53,5,-59
1739482154.9642477,-31,-9,-130
1739482155.0102477,1,23,-12
1739482155.0552475,-56,-51,-23
1739482155.1012475,31,-64,3
1739482155.1472476,8,-88,-69
1739482155.1932476,65,-26,-57
1739482155.2382476,-64,7,59
1739482155.2842476,-63,-37,7
1739482155.3302476,-55,-17,-18
1739482155.3752477,-75,-47,-15
1739482155.4212475,33,28,56
1739482155.4672475,-9,-19,107
1739482155.5132475,-18,-49,-1
1739482155.5582476,27,30,-79
1739482155.6042476,108,-64,68
1739482155.6502476,57,40,-132
1739482155.6952477,0,-109,-78
1739482155.7412477,-27,-59,1
1739482155.7862475,-85,-131,39
1739482155.8312476,-71,-35,-82
1739482155.8772476,-26,109,-13
1739482155.9232476,53,-78,32
1739482155.9692476,-66,-71,-72
1739482156.0142477,15,-147,69
1739482156.0602477,43,-30,-117
1739482156.1062477,-50,-83,-26
1739482156.1512475,-31,-31,-17
1739482156.1972475,22,-68,0
1739482156.2432475,23,-14,-91
1739482156.2892475,-99,45,55
1739482156.3342476,41,-50,-108
1739482156.3802476,-29,-95,-79
1739482156.4262476,49,-52,-30
1739482156.4712474,0,-1,83
1739482156.5172474,-4,-78,-35
1739482156.5632474,-62,-77,-27
1739482156.6092474,21,-40,-46
1739482156.6542475,4,0,-128
1739482156.7002475,-27,-59,-85
1739482156.7462475,74,-4,67
1739482156.7912476,31,18,-100
1739482156.8372476,43,-68,-68
1739482156.8832476,22,-16,-42
1739482156.9292476,-39,-103,-14
1739482156.9742477,50,-124,-22
1739482157.0202477,118,28,-49
1739482157.0662477,-62,-31,-27
1739482157.1112475,1,-36,30
1739482157.1572475,-44,-55,103
1739482157.2032475,-13,-11,-42
1739482157.2492476,-39,-35,-121
1739482157.2942476,-82,-79,-39
1739482157.3402476,22,14,-46
1739482157.3862476,-43,-143,-25
1739482157.4312477,58,-66,63
1739482157.4772477,-17,-57,30
1739482157.5232477,0,7,8
1739482157.5692475,43,-34,-67
1739482157.6142476,-29,-1,-100
1739482157.6602476,-30,-13,-48
1739482157.7062476,-30,-59,-143
1739482157.7512476,44,0,51
1739482157.7972476,88,6,31
1739482157.8432477,37,10,51
1739482157.8892477,48,-264,9
1739482157.9342475,0,-69,60
1739482157.9802475,-146,25,-122
1739482158.0262475,-57,-31,-135
1739482158.0712476,25,-210,2
1739482158.1172476,-41,-77,6
1739482158.1632476,8,-56,12
1739482158.2092476,2,-147,-119
1739482158.2542477,108,-66,-101
1739482158.3002477,47,-54,-17
1739482158.3462474,12,-114,9
1739482158.3912475,-41,-31,-95
1739482158.4372475,174,-58,33
1739482158.4832475,-55,-155,83
1739482158.5292475,13,-26,-54
1739482158.5742476,-57,-41,-53
1739482158.6202476,-28,-75,-123
1739482158.6662476,-51,-45,-104
1739482158.7112474,-11,-9,-97
1739482158.7572474,33,10,127
1739482158.8032477,133,80,-130
1739482158.8492477,-68,-85,21
1739482158.8942475,-4,0,-41
1739482158.9402475,46,-60,23
1739482158.9862475,72,40,72
1739482159.0312476,-59,35,-4
1739482159.0772476,-9,13,12
1739482159.1232476,-13,-109,-66
1739482159.1692476,28,68,40
1739482159.2142477,16,-44,-12
1739482159.2602477,0,43,-103
1739482159.3062477,47,-158,-23
1739482159.3512475,7,-10,21
1739482159.3972476,0,71,44
1739482159.4432476,11,-2,-15
1739482159.4892476,-24,123,-98
1739482159.5342476,10,-18,61
1739482159.5802476,-9,-5,-2
1739482159.6262476,-17,11,-68
1739482159.6712475,-12,-61,-5
1739482159.7172475,51,50,-24
1739482159.7632475,-3,47,-102
1739482159.8092475,-13,-9,147
1739482159.8542476,68,6,-77
1739482159.9002476,32,46,83
1739482159.9462476,-84,115,-194
1739482159.9912477,-75,-33,27
1739482160.0372477,29,-52,12
1739482160.0832477,61,-22,13
1739482160.1292477,36,-88,-4
1739482160.1742475,19,26,2
1739482160.2202475,56,-46,8
1739482160.2662475,46,8,-21
1739482160.3112476,42,0,0
1739482160.3572476,9,46,-14
1739482160.4032476,-6,-29,5
1739482160.4492476,-30,9,16
1739482160.4942474,10,-44,-83
1739482160.5402474,-71,-77,-26
1739482160.5862474,-57,29,74
1739482160.6312475,50,-62,-33
1739482160.6772475,22,-62,38
1739482160.7232475,19,-22,66
1739482160.7692475,2,-48,43
1739482160.8142476,-12,-87,-141
1739482160.8602476,11,12,-76
1739482160.9062476,-10,-55,-13
1739482160.9512477,-34,-137,-55
1739482160.9972477,-16,-159,-70
1739482161.0432477,103,-52,-16
1739482161.0892477,-10,-53,-16
1739482161.1342475,-36,-85,20
1739482161.1802475,72,-6,-40
1739482161.2262475,-46,-45,-41
1739482161.2712476,57,-24,-120
1739482161.3172476,-18,-103,-97
1739482161.3632476,-113,-81,-15
1739482161.4082477,-52,-13,-40
1739482161.4542477,-23,-101,10
1739482161.5002477,48,54,-81
1739482161.5462475,-11,97,67
1739482161.5912476,19,32,-214
1739482161.6372476,-2,-53,-38
1739482161.6832476,-20,-81,-65
1739482161.7282476,5,0,27
1739482161.7742476,-20,-31,-40
1739482161.8202477,-18,-21,-92
1739482161.8662477,71,22,74
1739482161.9112475,-44,9,-85
1739482161.9572475,-135,-41,-53
1739482162.0032475,0,29,-72
1739482162.0482476,71,-39,-37
1739482162.0942476,45,-33,-34
1739482162.1402476,-65,28,-49
1739482162.1862476,48,-87,85
1739482162.2312477,-6,-104,-36
1739482162.2772477,81,-81,-97
1739482162.3232474,0,-116,-17
1739482162.3682475,54,0,-122
1739482162.4142475,-46,3,37
1739482162.4602475,7,126,31
1739482162.5062475,-5,-3,-22
1739482162.5512476,-90,-69,29
1739482162.5972476,-27,-107,-26
1739482162.6432476,111,-68,16
1739482162.6882474,44,40,-100
1739482162.7342474,19,-16,-65
1739482162.7802474,21,-71,-2
1739482162.8312476,-55,66,-23
1739482162.8772476,-44,-34,85
1739482162.9232476,-57,42,76
1739482162.9682477,16,-29,-6
1739482163.0142477,-42,-54,-23
1739482163.0602477,58,-69,-156
1739482163.1062477,42,-101,73
1739482163.1512475,20,77,-108
1739482163.1972475,4,-69,-55
1739482163.2432475,61,-53,-16
1739482163.2882476,-8,-10,-51
1739482163.3342476,-44,-53,56
1739482163.3802476,-45,-35,-1
1739482163.4262476,-22,25,-176
1739482163.4712474,0,-42,-74
1739482163.5172474,-29,-90,31
1739482163.5632474,22,-9,35
1739482163.6082475,13,-87,-13
1739482163.6542475,7,103,-67
1739482163.7002475,-146,100,-12
1739482163.7462475,21,-101,-60
1739482163.7912476,33,26,-67
1739482163.8372476,64,-86,-78
1739482163.8832476,-33,63,-134
1739482163.9282477,-14,0,78
1739482163.9742477,32,-6,-130
1739482164.0202477,-11,-113,15
1739482164.0662477,-75,-71,8
1739482164.1112475,23,49,-74
1739482164.1572475,-69,-76,-162
1739482164.2032475,-8,-54,-110
1739482164.2482476,-8,-112,19
1739482164.2942476,62,-41,39
1739482164.3402476,-69,-6,61
1739482164.3862476,-14,-24,7
1739482164.4312477,-4,-98,-188
1739482164.4772477,-3,19,58
1739482164.5232477,0,-70,40
1739482164.5682476,24,-146,-2
1739482164.6142476,-30,-115,-33
1739482164.6602476,-40,-3,19
1739482164.7062476,6,-45,-7
1739482164.7512476,-19,3,-94
1739482164.7972476,-2,-18,-72
1739482164.8432477,-26,35,-23
1739482164.8882475,64,40,-17
1739482164.9342475,-31,1,6
1739482164.9802475,-38,125,-19
1739482165.0262475,-31,-69,23
1739482165.0712476,88,46,73
1739482165.1172476,27,-5,-19
1739482165.1632476,-7,-100,-66
1739482165.2082477,0,-23,26
1739482165.2542477,3,-18,17
1739482165.3002477,99,-3,-24
1739482165.3462474,8,-66,-82
1739482165.3912475,17,-14,-25
1739482165.4372475,-27,-36,-83
1739482165.4832475,-49,-52,-54
1739482165.5282476,-49,-32,2
1739482165.5742476,52,-123,37
1739482165.6202476,56,40,-31
1739482165.6662476,0,-73,9
1739482165.7112474,-91,-123,-103
1739482165.7572474,0,12,-65
1739482165.8032477,38,118,-7
1739482165.8482475,40,-88,7
1739482165.8942475,100,72,-18
1739482165.9402475,-3,51,102
1739482165.9862475,-8,-29,-10
1739482166.0312476,40,-31,13
1739482166.0772476,57,-29,5
1739482166.1232476,58,-15,91
1739482166.1682477,-25,-95,-30
1739482166.2142477,-47,-43,53
1739482166.2602477,59,-36,-103
1739482166.3062477,2,36,-66
1739482166.3512475,-2,125,-96
1739482166.3972476,31,24,44
1739482166.4432476,-9,-6,57
1739482166.4882476,36,-26,-39
1739482166.5342476,-37,55,-166
1739482166.5802476,37,0,-63
1739482166.6262476,-48,-53,-45
1739482166.6712475,7,-76,70
1739482166.7172475,-27,6,-12
1739482166.7632475,64,-62,-62
1739482166.8082476,-28,13,-11
1739482166.8542476,25,-132,-60
1739482166.9002476,14,102,-54
1739482166.9462476,33,33,-77
1739482166.9912477,-2,-8,10
1739482167.0372477,71,-58,26
1739482167.0832477,71,-194,-63
1739482167.1282475,-48,-61,-44
1739482167.1742475,-5,46,-13
1739482167.2202475,16,14,-55
1739482167.2662475,-58,-47,0
1739482167.3112476,-36,-119,-126
1739482167.3572476,-92,-37,-8
1739482167.4032476,-16,-240,-82
1739482167.4482474,103,-12,116
1739482167.4942474,-70,57,-46
1739482167.5402474,5,-13,19
1739482167.5862474,-27,-47,42
1739482167.6312475,4,-17,3
1739482167.6772475,-13,-69,-99
1739482167.7232475,-20,-32,61
1739482167.7682476,57,-56,51
1739482167.8142476,-35,-75,13
1739482167.8602476,-13,29,-47
1739482167.9062476,-4,45,19
1739482167.9512477,1,34,-5
1739482167.9972477,-31,-96,-90
1739482168.0432477,24,-100,0
1739482168.0882475,9,-116,-38
1739482168.1342475,49,-16,-50
1739482168.1802475,-22,-41,-70
1739482168.2262475,-37,-14,11
1739482168.2712476,48,-38,-20
1739482168.3172476,-28,-60,-27
1739482168.3632476,-81,-162,-138
1739482168.4082477,20,67,35
1739482168.4542477,17,76,-69
1739482168.5002477,37,51,-55
1739482168.5462475,68,-37,-54
1739482168.5912476,62,-41,60
1739482168.6372476,-29,-98,34
1739482168.6832476,-72,2,-98
1739482168.7282476,7,-100,-27
1739482168.7742476,37,-152,-73
1739482168.8202477,-33,-16,110
1739482168.8662477,25,8,-158
1739482168.9112475,-48,63,-41
1739482168.9572475,-22,16,2
1739482169.0032475,31,-122,-85
1739482169.0482476,0,-70,13
1739482169.0942476,-51,-39,8
1739482169.1402476,-59,-143,18
1739482169.1862476,-76,-115,-8
1739482169.2312477,-2,28,124
1739482169.2772477,52,-81,0
1739482169.3232474,18,-49,-57
1739482169.3682475,44,-75,-8
1739482169.4142475,-32,82,-18
1739482169.4602475,-7,-49,-39
1739482169.5062475,92,-51,-116
1739482169.5512476,54,42,61
1739482169.5972476,-63,-98,-14
1739482169.6432476,-93,-85,7
1739482169.6882474,-30,-2,-46
1739482169.7342474,36,-6,-79
1739482169.7802474,-8,97,57
1739482169.8262477,51,-24,60
1739482169.8712475,-61,-83,-51
1739482169.9172475,4,-9,18
1739482169.9632475,-7,-70,-172
1739482170.0082476,-69,-89,56
1739482170.0542476,-82,-104,56
1739482170.1002476,-12,-22,-54
1739482170.1462476,-40,-90,58
1739482170.1912477,-13,16,-22
1739482170.2372477,18,36,-110
1739482170.2832477,-3,-120,7
1739482170.3282475,68,-82,-89
1739482170.3742476,-75,-25,-29
1739482170.4202476,-19,-55,-69
1739482170.4662476,-10,-61,-112
1739482170.5112476,-62,-104,6
1739482170.5572476,53,23,-95
1739482170.6032476,-27,-4,-107
1739482170.6482477,14,-162,-34
1739482170.6942475,-33,116,-14
1739482170.7402475,-34,-59,80
1739482170.7862475,11,-133,-8
1739482170.8312476,-55,-37,0
1739482170.8772476,21,-60,-31
1739482170.9232476,-24,0,-5
1739482170.9682477,-24,-47,-162
1739482171.0142477,23,-2,33
1739482171.0602477,-64,-73,-23
1739482171.1062477,73,6,-44
1739482171.1512475,13,83,-116
1739482171.1972475,-93,9,-23
1739482171.2432475,0,-75,-38
1739482171.2882476,129,-49,54
1739482171.3342476,27,-94,-62
1739482171.3802476,22,-84,-77
1739482171.4262476,59,-86,-117
1739482171.4712474,-40,-81,-120
1739482171.5172474,-5,-49,33
1739482171.5632474,16,54,-46
1739482171.6082475,-33,-21,47
1739482171.6542475,18,-42,80
1739482171.7002475,-6,-80,7
1739482171.7462475,30,-120,99
1739482171.7912476,-47,-18,-45
1739482171.8372476,-61,24,-48
1739482171.8832476,29,-39,-93
1739482171.9282477,-35,-152,-47
1739482171.9742477,36,29,48
1739482172.0202477,-50,20,-255
1739482172.0662477,-46,-50,19
1739482172.1112475,0,5,29
1739482172.1572475,-9,-58,-28
1739482172.2032475,-49,-77,-107
1739482172.2482476,-62,30,78
1739482172.2942476,2,26,24
1739482172.3402476,54,-13,-48
1739482172.3862476,-11,-92,-36
1739482172.4312477,5,-50,-46
1739482172.4772477,46,-13,-25
1739482172.5232477,37,-31,-78
1739482172.5682476,70,-45,-78
1739482172.6142476,18,16,-89
1739482172.6602476,9,-146,13
1739482172.7062476,-9,69,10
1739482172.7512476,-56,57,-46
1739482172.7972476,3,-28,-25
1739482172.8482475,9,-18,-39
1739482172.8942475,-50,-59,-30
1739482172.9402475,-47,-1,164
1739482172.9862475,11,-64,4
1739482173.0312476,-70,28,31
1739482173.0772476,14,7,-7
1739482173.1232476,50,67,49
1739482173.1682477,-28,32,-88
1739482173.2142477,-12,-58,-26
1739482173.2602477,37,-24,-82
1739482173.3062477,-76,61,39
1739482173.3512475,-65,-81,-33
1739482173.3972476,-51,59,-6
1739482173.4432476,-47,-99,-61
1739482173.4882476,-17,89,93
1739482173.5342476,1,-52,5
1739482173.5802476,1,-34,-21
1739482173.6262476,-42,-60,65
1739482173.6712475,34,-36,-99
1739482173.7172475,-21,-96,-120
1739482173.7632475,-10,34,-41
1739482173.8082476,29,-35,-87
1739482173.8542476,-17,-44,-78
1739482173.9002476,-10,-18,-4
1739482173.9462476,-20,-32,-58
1739482173.9912477,109,-133,-100
1739482174.0372477,55,-127,0
1739482174.0832477,24,-45,45
1739482174.1282475,14,-115,-84
1739482174.1742475,39,-99,-117
1739482174.2202475,-120,-86,10
1739482174.2662475,-7,31,49
1739482174.3112476,-1,-53,-20
1739482174.3572476,77,2,-87
1739482174.4032476,5,-13,-19
1739482174.4482474,15,9,-91
1739482174.4942474,-15,-96,-170
1739482174.5402474,-33,0,-35
1739482174.5862474,58,-72,-3
1739482174.6312475,4,-127,35
1739482174.6772475,-49,-64,73
1739482174.7232475,-3,5,-80
1739482174.7682476,-17,81,-113
1739482174.8142476,1,-22,132
1739482174.8602476,-1,-134,-17
1739482174.9062476,42,-55,-133
1739482174.9512477,-33,-75,-137
1739482174.9972477,35,-46,-55
1739482175.0432477,28,-8,23
1739482175.0882475,-58,27,5
1739482175.1342475,97,0,-16
1739482175.1802475,-16,38,-31
1739482175.2262475,-21,86,83
1739482175.2712476,-11,-12,-160
1739482175.3172476,-43,6,-64
1739482175.3632476,16,-25,-134
1739482175.4082477,-14,60,-96
1739482175.4542477,-30,-62,-17
1739482175.5002477,-58,-186,-5
1739482175.5462475,-10,-8,11
1739482175.5912476,23,-11,0
1739482175.6372476,49,-97,11
1739482175.6832476,21,45,-150
1739482175.7282476,-2,4,14
1739482175.7742476,-38,52,-55
1739482175.8202477,-28,36,18
1739482175.8662477,-13,-112,-54
1739482175.9112475,-15,-106,-69
1739482175.9572475,24,-41,-64
1739482176.0032475,-19,-42,58
1739482176.0482476,41,-137,2
1739482176.0942476,36,-133,-64
1739482176.1402476,-7,-81,-121
1739482176.1862476,109,-175,-29
1739482176.2312477,-30,-62,40
1739482176.2772477,-18,-120,-15
1739482176.3232474,-1,0,-3
1739482176.3682475,30,-8,-8
1739482176.4142475,62,0,17
1739482176.4602475,-27,-99,-36
1739482176.5062475,49,110,32
1739482176.5512476,-5,-6,-61
1739482176.5972476,16,17,-65
1739482176.6432476,56,-105,-33
1739482176.6882474,-68,-62,-46
1739482176.7342474,-14,46,-55
1739482176.7802474,-53,18,21
1739482176.8262477,56,-47,35
1739482176.8712475,71,-69,-120
1739482176.9172475,-38,-164,7
1739482176.9632475,29,-139,-90
1739482177.0082476,-41,2,-81
1739482177.0542476,-42,16,-65
1739482177.1002476,61,-85,6
1739482177.1462476,38,-79,-141
1739482177.1912477,96,-67,-20
1739482177.2372477,11,2,-11
1739482177.2832477,-44,-96,28
1739482177.3282475,-2,-83,3
1739482177.3742476,48,-73,-26
1739482177.4202476,44,-91,48
1739482177.4662476,-82,22,-76
1739482177.5112476,-79,0,-13
1739482177.5572476,-36,-38,-104
1739482177.6032476,52,-47,121
1739482177.6482477,-15,-106,36
1739482177.6942475,37,47,11
1739482177.7402475,-21,-14,81
1739482177.7862475,-54,-80,-79
1739482177.8312476,-80,8,38
1739482177.8772476,-32,10,-46
1739482177.9232476,52,111,-70
1739482177.9682477,8,9,-106
1739482178.0142477,30,-89,-66
1739482178.0602477,3,51,-63
1739482178.1062477,13,-86,23
1739482178.1512475,24,-111,24
1739482178.1972475,-51,-20,-64
1739482178.2432475,-37,40,-25
1739482178.2882476,12,-7,-101
1739482178.3342476,51,-45,-49
1739482178.3802476,31,-29,-95
1739482178.4262476,-50,-202,-146
1739482178.4712474,3,-114,-15
1739482178.5172474,91,-11,9
1739482178.5632474,-2,-10,-37
1739482178.6082475,-68,-60,20
1739482178.6542475,58,47,-30
1739482178.7002475,13,-114,-75
1739482178.7462475,28,45,-27
1739482178.7912476,-72,-86,-33
1739482178.8372476,-33,30,57
1739482178.8832476,83,-37,-126
1739482178.9282477,-34,24,-74
1739482178.9742477,17,-71,-44
1739482179.0202477,-30,-82,31
1739482179.0662477,-77,-88,-44
1739482179.1112475,-35,-64,-169
1739482179.1572475,2,-89,-25
1739482179.2032475,-53,-42,9
1739482179.2482476,17,-79,9
1739482179.2942476,-75,-40,-47
1739482179.3402476,-13,-173,-101
1739482179.3862476,6,-63,-102
1739482179.4312477,24,103,-46
1739482179.4772477,17,-143,-69
1739482179.5232477,76,-67,-115
1739482179.5682476,80,-21,72
1739482179.6142476,33,0,-58
1739482179.6602476,-22,-90,-11
1739482179.7062476,-33,-120,-13
1739482179.7512476,19,7,-24
1739482179.7972476,57,-111,-2
1739482179.8432477,4,3,-27
1739482179.8882475,-60,-54,-37
1739482179.9342475,10,57,-1
1739482179.9802475,-7,52,-107
1739482180.0262475,1,24,94
1739482180.0712476,13,-81,16
1739482180.1172476,66,-59,-49
1739482180.1632476,10,-13,-18
1739482180.2082477,34,-23,-30
1739482180.2542477,70,-133,-19
1739482180.3002477,35,1,-75
1739482180.3462474,57,21,-116
1739482180.3912475,-43,86,31
1739482180.4372475,-15,-60,-51
1739482180.4832475,19,-73,-85
1739482180.5282476,-10,-108,0
1739482180.5742476,84,-55,88
1739482180.6202476,53,-143,49
1739482180.6662476,-89,-64,59
1739482180.7112474,16,57,29
1739482180.7572474,37,65,20
1739482180.8032477,-72,-26,-8
1739482180.8472476,-1,26,29
1739482180.8932476,18,-47,-113
1739482180.9392476,-3,-37,-86
1739482180.9842474,-118,88,-34
1739482181.0302474,30,-81,-65
1739482181.0762477,13,27,-95
1739482181.1222477,30,17,-69
1739482181.1672475,10,-17,-103
1739482181.2132475,-15,-123,-52
1739482181.2592475,-51,-128,-29
1739482181.3042476,-50,-70,-38
1739482181.3502476,56,-61,-57
1739482181.3962476,-24,-60,-71
1739482181.4422476,22,-65,-79
1739482181.4872477,-52,-110,163
1739482181.5332477,28,-31,-115
1739482181.5792477,-83,4,41
1739482181.6242476,32,-53,-62
1739482181.6702476,58,81,-53
1739482181.7162476,25,11,-129
1739482181.7622476,66,-1,-67
1739482181.8072476,-14,-21,-36
1739482181.8532476,38,55,-155
1739482181.8992476,-89,-36,-171
1739482181.9442475,0,100,-113
1739482181.9902475,11,-39,-76
1739482182.0362475,12,-75,6
1739482182.0822475,-77,-132,-80
1739482182.1272476,9,-29,-31
1739482182.1732476,23,-37,-3
1739482182.2192476,44,-75,-46
1739482182.2642477,48,-129,0
1739482182.3102477,1,-54,-80
1739482182.3562477,26,23,-27
1739482182.4022477,55,-3,90
1739482182.4472475,23,-99,-63
1739482182.4932475,47,7,-55
1739482182.5392475,21,5,-46
1739482182.5842476,7,-151,4
1739482182.6302476,-1,97,-59
1739482182.6762476,35,17,23
1739482182.7222476,14,76,98
1739482182.7672474,23,-33,-118
1739482182.8192475,6,-53,-92
1739482182.8642476,-93,-34,-6
1739482182.9102476,61,-55,18
1739482182.9562476,27,89,30
1739482183.0022476,61,-65,-15
1739482183.0472476,-27,52,-67
1739482183.0942476,-13,-104,14
1739482183.1402476,-75,-26,-131
1739482183.1862476,9,-57,0
1739482183.2312477,-15,-30,-67
1739482183.2772477,-69,-124,50
1739482183.3232474,-1,-53,-14
1739482183.3682475,-16,-76,-129
1739482183.4142475,-3,56,7
1739482183.4602475,-40,-136,-52
1739482183.5062475,47,13,43
1739482183.5512476,8,3,-53
1739482183.5972476,-38,4,7
1739482183.6432476,26,-51,45
1739482183.6882474,-9,12,-46
1739482183.7342474,-13,-60,-42
1739482183.7802474,2,141,-162
1739482183.8262477,17,-131,-12
1739482183.8712475,11,-72,25
1739482183.9172475,18,-7,32
1739482183.9632475,0,-20,-38
1739482184.0082476,-33,-92,6
1739482184.0542476,77,-19,-62
1739482184.1002476,6,-15,-123
1739482184.1462476,-24,-38,-64
1739482184.1912477,-37,-10,-116
1739482184.2372477,8,-67,47
1739482184.2832477,-20,-8,-48
1739482184.3282475,-6,-57,-53
1739482184.3742476,-17,-90,-28
1739482184.4202476,-63,-40,55
1739482184.4662476,-47,-144,25
1739482184.5112476,-49,-38,-138
1739482184.5572476,-97,0,-132
1739482184.6032476,92,-11,-104
1739482184.6482477,49,7,-94
1739482184.6942475,23,-62,-77
1739482184.7402475,-9,-46,-35
1739482184.7862475,-44,-14,-15
1739482184.8312476,-47,-38,-36
1739482184.8772476,89,27,-83
1739482184.9232476,-57,-84,-90
1739482184.9682477,99,47,0
1739482185.0142477,11,-53,-55
1739482185.0602477,6,35,13
1739482185.1062477,67,-47,-104
1739482185.1512475,-45,-56,28
1739482185.1972475,17,5,-55
1739482185.2432475,-2,-18,-7
1739482185.2882476,-14,-76,25
1739482185.3342476,41,-27,-182
1739482185.3802476,-55,48,-64
1739482185.4262476,62,-85,-30
1739482185.4712474,27,-43,14
1739482185.5172474,15,-111,-34
1739482185.5632474,-116,-12,-93
1739482185.6082475,-22,-64,-26
1739482185.6542475,11,21,-67
1739482185.7002475,4,-24,-44
1739482185.7462475,33,1,-8
1739482185.7912476,-32,-34,-95
1739482185.8372476,-71,-122,-74
1739482185.8832476,-81,44,-98
1739482185.9282477,23,-97,-105
1739482185.9742477,-109,6,-117
1739482186.0202477,37,-63,-25
1739482186.0662477,-69,78,1
1739482186.1112475,-12,-48,-41
1739482186.1572475,-53,86,-55
1739482186.2032475,-59,-12,-97
1739482186.2482476,8,-168,-46
1739482186.2942476,-27,-32,-80
1739482186.3402476,-37,0,-48
1739482186.3862476,40,11,40
1739482186.4312477,-30,-46,-45
1739482186.4772477,-71,0,26
1739482186.5232477,4,-77,70
1739482186.5682476,68,47,-26
1739482186.6142476,-3,-32,-114
1739482186.6602476,-52,-62,0
1739482186.7062476,11,-15,-21
1739482186.7512476,-20,-94,-25
1739482186.7972476,14,89,-150
1739482186.8432477,7,-31,39
1739482186.8882475,-37,-128,-64
1739482186.9342475,-35,30,24
1739482186.9802475,11,-189,-40
1739482187.0262475,11,-19,-17
1739482187.0712476,-25,28,28
1739482187.1172476,-18,-38,-5
1739482187.1632476,14,-105,3
1739482187.2082477,-78,-138,1
1739482187.2542477,58,-61,-43
1739482187.3002477,-31,-24,-122
1739482187.3462474,0,114,-148
1739482187.3912475,-106,-84,-52
1739482187.4372475,-24,-4,82
1739482187.4832475,-17,-116,-56
1739482187.5282476,-10,40,-2
1739482187.5742476,-6,-96,-103
1739482187.6202476,36,15,-30
1739482187.6662476,32,-211,-138
1739482187.7112474,-13,-20,-24
1739482187.7572474,-6,-4,5
1739482187.8032477,10,-177,-65
1739482187.8482475,51,-37,-66
1739482187.8942475,0,-81,-32
1739482187.9402475,24,-123,60
1739482187.9862475,35,45,-32
1739482188.0312476,79,77,-10
1739482188.0772476,0,34,-58
1739482188.1232476,-31,8,-33
1739482188.1682477,-61,-172,32
1739482188.2142477,-39,-104,-116
1739482188.2602477,36,-3,-39
1739482188.3062477,54,51,-32
1739482188.3512475,30,-41,-70
1739482188.3972476,-48,38,-27
1739482188.4432476,83,53,-3
1739482188.4882476,7,-65,-150
1739482188.5342476,51,-59,-140
1739482188.5802476,-65,-82,-81
1739482188.6262476,-73,-70,-14
1739482188.6712475,-31,-48,-116
1739482188.7172475,76,19,-25
1739482188.7632475,14,-65,-35
1739482188.8082476,-23,-4,-29
1739482188.8542476,-45,-108,-11
1739482188.9002476,-66,34,59
1739482188.9462476,-29,38,-3
1739482188.9912477,62,-55,-75
1739482189.0372477,8,19,-80
1739482189.0832477,25,7,1
1739482189.1282475,22,31,-36
1739482189.1742475,53,-97,-150
1739482189.2202475,68,-25,-8
1739482189.2662475,62,-13,0
1739482189.3112476,34,51,-80
1739482189.3572476,61,-19,10
1739482189.4032476,27,-98,-15
1739482189.4482474,-9,-78,-52
1739482189.4942474,-45,11,-38
1739482189.5402474,26,-68,-27
1739482189.5862474,-10,-29,22
1739482189.6312475,51,-74,16
1739482189.6772475,-4,-28,66
1739482189.7232475,-10,-114,-56
1739482189.7682476,31,-86,37
1739482189.8142476,84,6,-26
1739482189.8602476,-52,-73,-5
1739482189.9062476,-5,-61,-10
1739482189.9512477,-55,-187,59
1739482189.9972477,-21,-35,30
1739482190.0432477,21,26,-113
1739482190.0882475,61,56,-51
1739482190.1342475,-45,-115,14
1739482190.1802475,19,78,3
1739482190.2262475,-32,-49,8
1739482190.2712476,-1,-95,-115
1739482190.3172476,41,-90,-62
1739482190.3632476,-68,-5,-69
1739482190.4082477,-74,-93,-10
1739482190.4542477,23,-92,46
1739482190.5002477,34,-6,-38
1739482190.5462475,-51,-37,-6
1739482190.5912476,27,-16,-20
1739482190.6372476,72,36,76
1739482190.6832476,-10,40,-55
1739482190.7282476,6,-110,0
1739482190.7742476,-16,27,-193
1739482190.8202477,-78,5,-60
1739482190.8662477,-12,-139,-51
1739482190.9112475,19,-58,-68
1739482190.9572475,2,-20,11
1739482191.0032475,-33,23,-54
1739482191.0482476,22,-30,39
1739482191.0942476,13,-16,-97
1739482191.1402476,-57,-7,-19
1739482191.1862476,-7,-125,-68
1739482191.2312477,-68,-71,-39
1739482191.2772477,48,-186,36
1739482191.3232474,23,-72,-79
1739482191.3682475,-86,33,-141
1739482191.4142475,48,6,-110
1739482191.4602475,97,-34,22
1739482191.5062475,67,108,-71
1739482191.5512476,-9,93,-16
1739482191.5972476,53,-6,-60
1739482191.6432476,-15,-2,-96
1739482191.6882474,-17,3,-52
1739482191.7342474,-83,-5,-127
1739482191.7802474,3,123,-48
1739482191.8262477,48,72,-47
1739482191.8712475,6,-66,-34
1739482191.9172475,-66,-27,-57
1739482191.9632475,59,46,-119
1739482192.0082476,-20,21,-9
1739482192.0542476,6,-42,-118
1739482192.1002476,29,2,-100
1739482192.1462476,79,24,-74
1739482192.1912477,-100,-39,17
1739482192.2372477,-9,-66,39
1739482192.2832477,8,120,-117
1739482192.3282475,89,28,-19
1739482192.3742476,-35,-145,11
1739482192.4202476,98,22,-52
1739482192.4662476,-20,61,1
1739482192.5112476,9,24,-13
1739482192.5572476,18,14,-84
1739482192.6032476,-59,3,-52
1739482192.6482477,-25,-149,-22
1739482192.6942475,-86,-31,73
1739482192.7402475,40,-96,-46
1739482192.7862475,-8,-31,-13
1739482192.8372476,-41,-151,-135
1739482192.8832476,34,-104,-5
1739482192.9282477,-1,56,-46
1739482192.9742477,17,50,20
1739482193.0202477,0,-128,-50
1739482193.0662477,35,32,-91
1739482193.1112475,-16,-89,0
1739482193.1572475,-4,-107,29
1739482193.2032475,-7,187,-21
1739482193.2482476,-23,-47,15
1739482193.2942476,51,-92,-137
1739482193.3402476,16,4,52
1739482193.3852477,26,-82,-58
1739482193.4312477,-18,-81,-50
1739482193.4772477,38,-4,-45
1739482193.5232477,-6,37,-47
1739482193.5682476,20,-26,18
1739482193.6142476,-15,-17,-11
1739482193.6602476,68,8,120
1739482193.7062476,17,-70,42
1739482193.7512476,6,-7,-73
1739482193.7972476,57,-144,-152
1739482193.8432477,-9,55,-39
1739482193.8882475,-22,-9,-60
1739482193.9342475,50,80,-10
1739482193.9802475,-53,-97,-41
1739482194.0252476,-68,-87,-75
1739482194.0712476,-47,35,-20
1739482194.1172476,12,-4,-109
1739482194.1632476,1,-91,43
1739482194.2082477,-67,-7,19
1739482194.2542477,40,30,-13
1739482194.3002477,-29,-37,2
1739482194.3452475,55,-26,-27
1739482194.3912475,-26,-59,64
1739482194.4372475,18,-20,94
1739482194.4832475,27,-114,-23
1739482194.5282476,-111,7,-70
1739482194.5742476,9,40,-45
1739482194.6202476,17,-42,34
1739482194.6652474,81,-78,75
1739482194.7112474,24,48,-19
1739482194.7572474,-67,-29,-11
1739482194.8032477,37,-96,-40
1739482194.8482475,-4,-98,-7
1739482194.8942475,-35,-47,-74
1739482194.9402475,-32,-4,-128
1739482194.9852476,-1,-17,-137
1739482195.0312476,69,8,-21
1739482195.0772476,1,-55,-111
1739482195.1232476,26,-136,-25
1739482195.1682477,10,-40,-50
1739482195.2142477,27,22,42
1739482195.2602477,16,-26,9
1739482195.3052475,-25,-87,-77
1739482195.3512475,-23,29,62
1739482195.3972476,-55,-139,-39
1739482195.4432476,-61,-63,17
1739482195.4882476,0,-7,-48
1739482195.5342476,13,2,-28
1739482195.5802476,-91,-35,-41
1739482195.6252477,32,-90,20
1739482195.6712475,-72,-141,-23
1739482195.7172475,-41,-145,-65
1739482195.7632475,-57,113,58
1739482195.8082476,112,30,-26
1739482195.8542476,51,-8,18
1739482195.9002476,24,28,-1
1739482195.9452477,30,-42,-108
1739482195.9912477,-62,-13,-41
1739482196.0372477,-6,-63,-55
1739482196.0832477,-48,7,-21
1739482196.1282475,51,-16,-33
1739482196.1742475,0,-44,-35
1739482196.2202475,-36,-119,-1
1739482196.2652476,14,-12,-26
1739482196.3102477,-7,31,70
1739482196.3562477,40,20,-65
1739482196.4012475,-44,-17,-9
1739482196.4472475,48,-68,-20
1739482196.4932475,28,-34,4
1739482196.5392475,-4,-37,-19
1739482196.5842476,39,2,-70
1739482196.6302476,-51,-137,83
1739482196.6762476,21,-2,20
1739482196.7212474,12,-62,-102
1739482196.7672474,-11,-107,-7
1739482196.8132474,-8,43,-120
1739482196.8592474,3,-35,-35
1739482196.9042475,-19,-63,-192
1739482196.9502475,-88,-57,-112
1739482196.9962475,50,52,46
1739482197.0412476,-7,-7,-36
1739482197.0872476,-45,-161,-128
1739482197.1332476,-23,-13,-59
1739482197.1792476,-53,53,-4
1739482197.2242477,44,-28,-50
1739482197.2702477,1,-24,47
1739482197.3162477,-23,79,-113
1739482197.3612475,-69,-57,-22
1739482197.4072475,35,44,24
1739482197.4532475,56,72,59
1739482197.4992476,66,-90,57
1739482197.5442476,-40,-51,-53
1739482197.5902476,94,42,14
1739482197.6362476,-52,-161,-92
1739482197.6812477,76,-106,6
1739482197.7272477,-27,9,-67
1739482197.7732477,28,-48,-94
1739482197.8192475,21,24,126
1739482197.8642476,-5,15,5
1739482197.9102476,63,-84,-12
1739482197.9562476,-5,-65,23
1739482198.0012476,-11,33,80
1739482198.0472476,-42,-33,0
1739482198.0932477,30,98,6
1739482198.1392477,-54,-43,1
1739482198.1842475,-8,-27,-83
1739482198.2302475,-26,-87,-65
1739482198.2762475,42,-24,-113
1739482198.3212476,36,-90,-26
1739482198.3672476,-28,-53,49
1739482198.4132476,-37,13,91
1739482198.4592476,-25,-75,29
1739482198.5042477,37,100,-166
1739482198.5502477,-15,-127,-75
1739482198.5962474,57,14,-59
1739482198.6412475,12,-54,-17
1739482198.6872475,-55,-141,47
1739482198.7332475,-71,-55,-37
1739482198.7792475,-29,-59,54
1739482198.8242476,34,0,-18
1739482198.8702476,-64,-35,-93
1739482198.9162476,-24,11,-50
1739482198.9612474,-40,-39,-55
1739482199.0072474,1,-149,17
1739482199.0532477,38,-226,27
1739482199.0992477,-61,0,22
1739482199.1442475,-13,-15,0
1739482199.1902475,45,-70,-91
1739482199.2362475,28,-178,-51
1739482199.2812476,-12,-79,-105
1739482199.3272476,25,22,4
1739482199.3732476,24,22,-23
1739482199.4192476,-48,7,-81
1739482199.4642477,-20,-27,-24
1739482199.5102477,57,38,-87
1739482199.5562477,-6,-54,13
1739482199.6012475,15,-62,29
1739482199.6472476,-25,-111,-95
1739482199.6932476,19,-83,-12
1739482199.7392476,74,0,30
1739482199.7842476,11,-78,-37
1739482199.8302476,11,-75,-27
1739482199.8762476,30,50,76
1739482199.9212475,-22,-47,-103
1739482199.9672475,-50,-101,-39
1739482200.0132475,-11,-112,64
1739482200.0592475,-35,21,-76
1739482200.1042476,52,-56,-89
1739482200.1502476,20,-46,-50
1739482200.1962476,26,-4,-102
1739482200.2412477,-6,-49,-43
1739482200.2872477,14,-192,-194
1739482200.3332477,37,-28,-3
1739482200.3792477,-30,-49,55
1739482200.4242475,25,-98,9
1739482200.4702475,-38,87,-60
1739482200.5162475,70,82,-77
1739482200.5612476,-72,-1,-131
1739482200.6072476,56,2,-62
1739482200.6532476,21,-32,12
1739482200.6992476,10,-110,-38
1739482200.7442474,12,66,50
1739482200.7902474,59,126,61
1739482200.8362474,-83,-5,-22
1739482200.8812475,-41,41,-18
1739482200.9272475,56,16,-18
1739482200.9732475,0,-5,-51
1739482201.0192475,22,-22,37
1739482201.0642476,17,-210,-119
1739482201.1102476,14,-84,5
1739482201.1562476,31,-77,-33
1739482201.2012477,57,-11,-167
1739482201.2472477,18,-141,-8
1739482201.2932477,-46,35,-51
1739482201.3392477,5,39,-83
1739482201.3842475,3,12,70
1739482201.4302475,20,-114,-133
1739482201.4762475,0,102,-46
1739482201.5212476,14,-2,-36
1739482201.5672476,29,-60,-40
1739482201.6132476,51,-122,124
1739482201.6592476,-75,-59,-69
1739482201.7042477,7,-12,-49
1739482201.7502477,61,-94,-93
1739482201.7962475,13,-50,-69
1739482201.8412476,113,-56,34
1739482201.8872476,23,-74,0
1739482201.9332476,-53,19,-73
1739482201.9792476,-13,-19,-3
1739482202.0242476,-40,-117,47
1739482202.0702477,-14,7,-78
1739482202.1162477,-2,-59,-70
1739482202.1612475,-65,0,43
1739482202.2072475,-25,-23,-23
1739482202.2532475,-62,15,-65
1739482202.2992475,18,4,-10
1739482202.3442476,61,4,-39
1739482202.3902476,-65,-95,-150
1739482202.4362476,-16,-27,-164
1739482202.4812477,-3,-52,-111
1739482202.5272477,-20,-135,-87
1739482202.5732474,14,-83,-69
1739482202.6192474,-22,-10,-24
1739482202.6642475,-2,14,-39
1739482202.7102475,56,31,0
1739482202.7562475,-138,-134,72
1739482202.8012476,-42,-60,-47
1739482202.8532476,-13,-13,-76
1739482202.8992476,-31,-9,1
1739482202.9442475,-44,7,50
1739482202.9902475,-30,-1,-46
1739482203.0362475,-9,40,28
1739482203.0812476,7,-49,38
1739482203.1272476,-66,-21,20
1739482203.1742475,41,-90,58
1739482203.2202475,82,-14,-98
1739482203.2652476,20,-56,29
1739482203.3112476,17,-5,-49
1739482203.3572476,11,-82,2
1739482203.4032476,-70,41,-63
1739482203.4482474,-49,-55,-23
1739482203.4942474,16,104,-59
1739482203.5402474,-12,31,-15
1739482203.5852475,-57,-99,-15
1739482203.6312475,-86,3,-21
1739482203.6772475,7,8,-12
1739482203.7232475,-54,-9,55
1739482203.7682476,-17,-13,-110
1739482203.8142476,-36,-7,-94
1739482203.8602476,-61,-17,5
1739482203.9052474,45,20,-20
1739482203.9512477,7,-112,-11
1739482203.9972477,10,-74,34
1739482204.0432477,-184,-123,43
1739482204.0882475,-6,-77,-33
1739482204.1342475,43,-5,12
1739482204.1802475,50,-121,4
1739482204.2252476,44,5,-6
1739482204.2712476,2,9,-58
1739482204.3172476,-20,-52,83
1739482204.3632476,-68,56,-182
1739482204.4082477,16,-60,0
1739482204.4542477,-14,-9,-37
1739482204.5002477,-52,-93,-78
1739482204.5452476,53,0,-75
1739482204.5912476,-44,-75,-102
1739482204.6372476,-4,72,-151
1739482204.6832476,15,35,-17
1739482204.7282476,24,-101,-97
1739482204.7742476,-6,40,-68
1739482204.8202477,-50,-17,-156
1739482204.8652475,2,25,-101
1739482204.9112475,9,-105,-138
1739482204.9572475,-69,-67,60
1739482205.0032475,-47,-33,15
1739482205.0482476,27,166,-60
1739482205.0942476,19,-98,-73
1739482205.1402476,17,114,85
1739482205.1852477,-21,-41,-3
1739482205.2312477,10,-100,-103
1739482205.2772477,22,0,-110
1739482205.3232474,-54,125,0
1739482205.3682475,-93,-141,34
1739482205.4142475,-40,-67,-97
1739482205.4602475,-7,-25,-65
1739482205.5052476,11,-96,-15
1739482205.5512476,26,-8,4
1739482205.5972476,76,84,-47
1739482205.6432476,27,4,-121
1739482205.6882474,-51,37,-69
1739482205.7342474,-82,-17,-55
1739482205.7802474,69,-48,-78
1739482205.8252475,-38,87,-28
1739482205.8712475,29,36,-58
1739482205.9172475,16,-36,-71
1739482205.9632475,-59,-2,-93
1739482206.0082476,-60,12,-54
1739482206.0542476,18,111,69
1739482206.1002476,28,-116,80
1739482206.1452477,25,6,-90
1739482206.1912477,-53,-105,36
1739482206.2372477,15,-29,-104
1739482206.2832477,57,48,-31
1739482206.3282475,-36,-155,37
1739482206.3742476,-13,-93,19
1739482206.4202476,-15,-18,27
1739482206.4652476,44,-34,-87
1739482206.5112476,-49,-85,22
1739482206.5572476,-45,33,18
1739482206.6032476,-36,-3,38
1739482206.6482477,29,32,9
1739482206.6942475,-22,-24,-52
1739482206.7402475,15,28,-106
1739482206.7852476,-40,-36,13
1739482206.8312476,67,-24,-95
1739482206.8772476,21,-117,-5
1739482206.9232476,-9,-50,75
1739482206.9682477,54,-101,-36
1739482207.0142477,-4,33,-30
1739482207.0602477,-22,-72,-45
1739482207.1052475,-25,0,-56
1739482207.1512475,-92,-127,22
1739482207.1972475,-6,-116,-36
1739482207.2432475,52,18,-43
1739482207.2882476,62,-96,-134
1739482207.3342476,-13,-82,23
1739482207.3802476,35,-128,-57
1739482207.4252477,85,-23,-108
1739482207.4712474,20,63,-78
1739482207.5172474,-18,-186,-32
1739482207.5632474,-33,-4,-66
1739482207.6082475,4,-4,47
1739482207.6542475,36,13,-124
1739482207.7002475,60,-79,19
1739482207.7452476,1,36,-58
1739482207.7912476,28,-81,-47
1739482207.8372476,20,-48,-85
1739482207.8832476,18,-54,-1
1739482207.9282477,-52,-34,-139
1739482207.9742477,72,-75,-57
1739482208.0202477,47,-1,11
1739482208.0652475,-76,-46,-32
1739482208.1112475,-25,49,4
1739482208.1572475,12,-48,-78
1739482208.2032475,5,6,-45
1739482208.2482476,88,-45,-73
1739482208.2942476,-38,52,18
1739482208.3402476,8,-25,-70
1739482208.3852477,-33,8,-17
1739482208.4312477,-14,-82,9
1739482208.4772477,-22,2,32
1739482208.5232477,-7,-27,0
1739482208.5682476,15,-19,47
1739482208.6142476,3,77,5
1739482208.6602476,-22,-25,15
1739482208.7052476,27,-66,-50
1739482208.7512476,-49,-25,-139
1739482208.7972476,-76,-72,-69
1739482208.8432477,-27,148,-103
1739482208.8882475,-23,-34,-104
1739482208.9342475,25,29,-66
1739482208.9802475,38,-56,-144
1739482209.0252476,-52,75,-44
1739482209.0712476,63,2,-68
1739482209.1172476,11,-7,75
1739482209.1632476,45,-81,-26
1739482209.2082477,-9,31,-66
1739482209.2542477,33,-138,-66
1739482209.3002477,-35,-26,-77
1739482209.3452475,31,-56,-86
1739482209.3912475,-30,-58,21
1739482209.4372475,-20,-1,-105
1739482209.4832475,-1,-70,-44
1739482209.5282476,-4,-33,-46
1739482209.5742476,10,32,-216
1739482209.6202476,28,-24,68
1739482209.6652474,28,-38,-44
1739482209.7112474,-3,17,-158
1739482209.7572474,-77,93,-110
1739482209.8032477,41,-138,50
1739482209.8482475,63,1,37
1739482209.8942475,-70,-46,-63
1739482209.9402475,16,-65,-66
1739482209.9852476,30,15,86
1739482210.0312476,50,36,47
1739482210.0772476,-15,-91,-202
1739482210.1232476,30,-16,-45
1739482210.1682477,51,-86,-126
1739482210.2142477,-30,-55,-5
1739482210.2602477,36,-108,-19
1739482210.3052475,10,-116,108
1739482210.3512475,22,-14,-36
1739482210.3972476,-71,-53,13
1739482210.4432476,-36,-146,84
1739482210.4882476,-3,3,-11
1739482210.5342476,48,-43,73
1739482210.5802476,9,-132,10
1739482210.6252477,-75,-102,71
1739482210.6712475,-105,-19,-168
1739482210.7172475,-87,-114,-12
1739482210.7632475,78,-1,-44
1739482210.8082476,-39,48,-115
1739482210.8542476,-38,7,-27
1739482210.9002476,43,-98,-4
1739482210.9452477,31,-144,-78
1739482210.9912477,30,-111,-2
1739482211.0372477,-26,0,-100
1739482211.0832477,-45,-44,-9
1739482211.1282475,44,41,-145
1739482211.1742475,-15,7,-120
1739482211.2202475,53,-7,20
1739482211.2652476,-8,-82,-17
1739482211.3112476,33,-99,-157
1739482211.3572476,-1,61,-15
1739482211.4032476,-31,52,12
1739482211.4482474,-25,-76,-64
1739482211.4942474,-6,44,-121
1739482211.5402474,71,71,0
1739482211.5852475,5,-97,-122
1739482211.6312475,39,-5,-104
1739482211.6772475,-39,124,-38
1739482211.7232475,-32,26,-115
1739482211.7682476,-68,74,21
1739482211.8142476,12,-120,-11
1739482211.8602476,22,-88,-71
1739482211.9052474,-4,10,-70
1739482211.9512477,4,-30,-40
1739482211.9972477,15,73,1
1739482212.0432477,53,-179,-95
1739482212.0882475,58,-113,-41
1739482212.1342475,31,21,-29
1739482212.1802475,66,-69,-50
1739482212.2252476,36,32,-50
1739482212.2712476,71,-6,61
1739482212.3172476,-33,23,44
1739482212.3632476,-10,-48,42
1739482212.4082477,31,-100,46
1739482212.4542477,0,23,-16
1739482212.5002477,4,-161,-115
1739482212.5452476,-48,109,5
1739482212.5912476,-19,-12,-105
1739482212.6372476,30,93,-96
1739482212.6832476,-67,-58,-95
1739482212.7282476,63,-7,-24
1739482212.7742476,66,-138,11
1739482212.8202477,18,91,12
1739482212.8712475,41,-15,-29
1739482212.9172475,4,-5,-51
1739482212.9632475,26,-3,-12
1739482213.0082476,12,77,-162
1739482213.0542476,-64,-24,-88
1739482213.1002476,37,-118,-180
1739482213.1452477,-24,-75,-66
1739482213.1912477,-57,-69,109
1739482213.2372477,-38,-89,-36
1739482213.2832477,9,59,-26
1739482213.3272476,-13,-9,-73
1739482213.3732476,69,0,-14
1739482213.4192476,14,-34,-42
1739482213.4642477,-34,-30,-206
1739482213.5102477,85,-80,-76
1739482213.5562477,-55,19,-88
1739482213.6012475,59,-16,-28
1739482213.6472476,-53,-33,74
1739482213.6932476,20,2,-27
1739482213.7392476,-1,13,-92
1739482213.7842476,22,10,-102
1739482213.8302476,-57,-61,59
1739482213.8762476,119,-8,-23
1739482213.9212475,-85,-15,0
1739482213.9672475,-70,-1,-100
1739482214.0132475,9,-12,30
1739482214.0592475,-44,-129,-44
1739482214.1042476,40,-73,-59
1739482214.1502476,50,-27,18
1739482214.1962476,31,17,73
1739482214.2412477,8,-95,-56
1739482214.2872477,-30,30,-55
1739482214.3332477,-27,-6,-17
1739482214.3792477,41,-35,-76
1739482214.4242475,-8,-98,-104
1739482214.4702475,-10,-18,5
1739482214.5162475,-29,74,-6
1739482214.5612476,38,-51,-65
1739482214.6072476,-39,0,-32
1739482214.6532476,11,-15,-117
1739482214.6992476,14,9,59
1739482214.7442474,-16,4,-48
1739482214.7902474,17,-15,-27
1739482214.8362474,-3,6,-113
1739482214.8812475,-29,-12,-81
1739482214.9272475,-35,42,-38
1739482214.9732475,-8,-24,-106
1739482215.0192475,11,-21,48
1739482215.0642476,111,-13,-125
1739482215.1102476,-63,-56,53
1739482215.1562476,19,57,34
1739482215.2012477,-21,-90,-47
1739482215.2472477,15,-21,-93
1739482215.2932477,37,51,-32
1739482215.3392477,-48,60,-114
1739482215.3842475,-47,-160,22
1739482215.4302475,16,-43,-40
1739482215.4762475,-88,-146,73
1739482215.5212476,2,-16,-102
1739482215.5672476,-32,-63,-91
1739482215.6132476,-23,3,-54
1739482215.6592476,16,-2,-6
1739482215.7042477,25,20,-64
1739482215.7502477,105,-68,-58
1739482215.7962475,103,54,35
1739482215.8412476,5,-126,-77
1739482215.8872476,28,24,-43
1739482215.9332476,8,22,-11
1739482215.9792476,13,-106,-11
1739482216.0242476,57,-42,-112
1739482216.0702477,18,-70,-75
1739482216.1162477,2,-80,7
1739482216.1612475,10,-48,-46
1739482216.2072475,-25,-56,-15
1739482216.2532475,-7,0,-80
1739482216.2992475,74,57,-158
1739482216.3442476,-15,-11,-23
1739482216.3902476,33,34,-22
1739482216.4362476,-34,-41,75
1739482216.4812477,112,-90,48
1739482216.5272477,11,40,-42
1739482216.5732474,59,12,11
1739482216.6192474,-20,45,0
1739482216.6642475,76,66,27
1739482216.7102475,15,-104,41
1739482216.7562475,-17,40,-84
1739482216.8012476,3,-23,-1
1739482216.8472476,-4,16,-72
1739482216.8932476,-3,32,5
1739482216.9392476,-62,16,-56
1739482216.9842474,48,-17,43
1739482217.0302474,12,-14,-87
1739482217.0762477,41,-17,-55
1739482217.1212475,40,28,51
1739482217.1672475,30,-138,-170
1739482217.2132475,-58,78,-16
1739482217.2592475,-5,-81,-40
1739482217.3042476,-19,28,-31
1739482217.3502476,-19,-63,-9
1739482217.3962476,-3,-17,-95
1739482217.4412477,10,-126,-54
1739482217.4872477,-25,-67,14
1739482217.5332477,-26,-1,7
1739482217.5792477,-92,-64,140
1739482217.6242476,-18,78,-36
1739482217.6702476,-33,-14,-49
1739482217.7162476,141,85,-27
1739482217.7612476,-14,-98,40
1739482217.8072476,10,-41,-97
1739482217.8532476,31,11,-53
1739482217.8992476,29,-25,-87
1739482217.9442475,-78,-36,-6
1739482217.9902475,11,0,128
1739482218.0362475,19,35,-86
1739482218.0812476,-12,0,72
1739482218.1272476,-56,72,-42
1739482218.1732476,0,-80,-77
1739482218.2192476,50,21,-35
1739482218.2642477,-77,-60,46
1739482218.3102477,122,69,-9
1739482218.3562477,71,-79,-91
1739482218.4012475,4,-78,-14
1739482218.4472475,-39,-43,28
1739482218.4932475,-43,-136,-134
1739482218.5392475,-79,-102,-113
1739482218.5842476,-61,-38,-108
1739482218.6302476,68,-35,-132
1739482218.6762476,41,-53,-42
1739482218.7212474,-2,3,65
1739482218.7672474,-66,-50,-55
1739482218.8132474,-1,0,-21
1739482218.8592474,-49,34,-139
1739482218.9042475,20,-39,-84
1739482218.9502475,-6,-108,20
1739482218.9962475,84,-93,-6
1739482219.0412476,6,-51,42
1739482219.0872476,-51,-116,-79
1739482219.1332476,-70,34,2
1739482219.1792476,-17,-54,-45
1739482219.2242477,26,-107,-108
1739482219.2702477,5,46,-48
1739482219.3162477,6,42,30
1739482219.3612475,-61,-157,-107
1739482219.4072475,-32,-79,-68
1739482219.4532475,34,-70,26
1739482219.4992476,23,72,13
1739482219.5442476,-48,-75,37
1739482219.5902476,-43,1,48
1739482219.6362476,-10,67,-90
1739482219.6812477,145,-74,-2
1739482219.7272477,-23,-16,52
1739482219.7732477,14,-51,-18
1739482219.8192475,9,-97,11
1739482219.8642476,30,0,16
1739482219.9102476,-10,181,-44
1739482219.9562476,27,-27,-68
1739482220.0012476,-27,-60,-30
1739482220.0472476,12,-26,0
1739482220.0932477,-28,65,78
1739482220.1392477,34,-22,39
1739482220.1842475,28,-78,-37
1739482220.2302475,-20,-37,25
1739482220.2762475,70,-182,-8
1739482220.3212476,6,-80,-42
1739482220.3672476,-81,-239,-83
1739482220.4132476,-26,-143,-36
1739482220.4592476,6,41,-22
1739482220.5042477,26,33,-63
1739482220.5502477,-8,70,-49
1739482220.5962474,54,-41,-18
1739482220.6412475,-11,-18,-31
1739482220.6872475,13,-43,-58
1739482220.7332475,-23,-10,-124
1739482220.7792475,8,81,-22
1739482220.8242476,-6,-14,-68
1739482220.8702476,0,-3,-20
1739482220.9162476,-92,-66,-38
1739482220.9612474,-29,-102,60
1739482221.0072474,-56,-126,-39
1739482221.0532477,-26,8,71
1739482221.0992477,13,79,-10
1739482221.1442475,111,-3,-97
1739482221.1902475,-71,-82,0
1739482221.2362475,-24,-122,-105
1739482221.2812476,-27,-18,74
1739482221.3272476,13,-135,-56
1739482221.3732476,27,-36,19
1739482221.4192476,32,-32,-47
1739482221.4642477,-26,-47,25
1739482221.5102477,-36,-39,-56
1739482221.5562477,12,-80,-108
1739482221.6012475,-10,-12,-139
1739482221.6472476,-42,-98,19
1739482221.6932476,-34,-120,64
1739482221.7392476,23,11,22
1739482221.7842476,20,-87,12
1739482221.8302476,43,-71,-73
1739482221.8762476,-25,84,-80
1739482221.9202476,82,26,37
1739482221.9662476,42,-132,-1
1739482222.0122476,-39,-5,8
1739482222.0572476,1,-31,-53
1739482222.1032476,-4,-122,-172
1739482222.1492476,4,76,27
1739482222.1952477,87,77,-101
1739482222.2402475,20,-53,-2
1739482222.2862475,65,-55,-1
1739482222.3322475,-52,-62,-91
1739482222.3772476,30,-41,-66
1739482222.4232476,-31,-34,0
1739482222.4692476,11,-88,-37
1739482222.5152476,5,-1,-45
1739482222.5602477,-99,-2,89
1739482222.6062477,6,-3,5
1739482222.6522477,44,17,-46
1739482222.6972475,52,-113,-34
1739482222.7432475,48,-79,-58
1739482222.7892475,-11,-43,-137
1739482222.8352475,-37,-194,-97
1739482222.8862476,7,-133,-10
1739482222.9322476,-20,-78,-88
1739482222.9772477,4,-51,27
1739482223.0232477,-56,92,26
1739482223.0692475,-26,-100,-23
1739482223.1152475,34,51,-37
1739482223.1602476,77,81,38
1739482223.2062476,56,-53,-10
1739482223.2522476,52,-33,-21
1739482223.2972476,67,-33,-116
1739482223.3432477,-23,4,-142
1739482223.3892477,29,-53,-20
1739482223.4352477,7,34,-41
1739482223.4802475,-15,-30,-92
1739482223.5262475,0,7,-79
1739482223.5722475,-90,-64,31
1739482223.6172476,64,-9,-98
1739482223.6632476,-29,-48,-46
1739482223.7092476,38,-49,-86
1739482223.7552476,-12,40,-95
1739482223.8002477,-38,-104,90
1739482223.8462474,37,0,0
1739482223.8922474,-31,-2,-25
1739482223.9372475,67,-29,-22
1739482223.9832475,43,-77,-52
1739482224.0292475,44,-129,109
1739482224.0752475,32,-17,13
1739482224.1202476,-18,-72,147
1739482224.1662476,33,49,-30
1739482224.2122476,34,5,15
1739482224.2572474,31,-65,5
1739482224.3032477,46,-63,36
1739482224.3492477,-68,-126,9
1739482224.3952477,59,55,25
1739482224.4402475,-9,11,-87
1739482224.4862475,-44,-38,-108
1739482224.5322475,-22,-86,22
1739482224.5772476,-9,-37,-119
1739482224.6232476,3,-31,90
1739482224.6692476,20,-91,-39
1739482224.7152476,50,-131,35
1739482224.7602477,-17,-62,-76
1739482224.8062477,-30,-12,19
1739482224.8522477,-1,-93,8
1739482224.8972476,-111,-110,-14
1739482224.9432476,-11,-159,0
1739482224.9892476,-17,-12,-8
1739482225.0352476,-7,12,-23
1739482225.0802476,-16,-4,-77
1739482225.1262476,45,-105,-3
1739482225.1722476,91,37,-91
1739482225.2172475,36,15,8
1739482225.2632475,18,-95,-69
1739482225.3092475,47,-143,13
1739482225.3552475,7,-92,-93
1739482225.4002476,-25,8,-72
1739482225.4462476,-35,-58,-77
1739482225.4922476,-31,108,-35
1739482225.5372477,13,37,-42
1739482225.5832477,-3,37,48
1739482225.6292477,13,13,-3
1739482225.6742475,-6,-44,-75
1739482225.7202475,1,-65,-11
1739482225.7662475,42,65,-104
1739482225.8122475,10,-49,-163
1739482225.8572476,41,-29,48
1739482225.9032476,94,-27,38
1739482225.9492476,14,-101,-71
1739482225.9942474,-30,-82,-64
1739482226.0402474,-82,-76,-41
1739482226.0862474,24,3,-84
1739482226.1322474,-101,-8,5
1739482226.1772475,-5,-76,0
1739482226.2242477,-17,16,-20
1739482226.2702477,-14,-157,-43
1739482226.3162477,43,-141,-184
1739482226.3612475,-44,-150,-49
1739482226.4072475,-50,4,32
1739482226.4532475,-16,44,-8
1739482226.4982476,5,-117,18
1739482226.5442476,32,-55,-110
1739482226.5902476,39,-15,19
1739482226.6362476,-24,-30,-83
1739482226.6812477,-6,-162,-171
1739482226.7272477,6,35,-77
1739482226.7732477,30,-19,6
1739482226.8182476,-7,20,-138
1739482226.8642476,7,-79,29
1739482226.9102476,-46,-200,-53
1739482226.9562476,-16,-52,-33
1739482227.0012476,-23,-54,-39
1739482227.0472476,62,53,17
1739482227.0932477,20,9,-109
1739482227.1382475,30,67,-92
1739482227.1842475,-80,-200,-97
1739482227.2302475,88,-111,-54
1739482227.2762475,26,-13,4
1739482227.3212476,-42,-10,12
1739482227.3672476,-68,-56,93
1739482227.4132476,59,-63,-18
1739482227.4582477,-20,14,-62
1739482227.5042477,2,125,-17
1739482227.5502477,2,-113,13
1739482227.5962474,0,-95,64
1739482227.6412475,40,-97,-15
1739482227.6872475,104,27,86
1739482227.7332475,56,-79,-94
1739482227.7782476,27,43,-76
1739482227.8242476,12,59,-34
1739482227.8702476,-44,-14,-113
1739482227.9162476,107,-45,85
1739482227.9612474,0,0,59
1739482228.0072474,-9,-56,-90
1739482228.0532477,-93,-92,-27
1739482228.0982475,-4,-86,-86
1739482228.1442475,77,43,36
1739482228.1902475,1,-45,-113
1739482228.2362475,67,3,-15
1739482228.2812476,29,41,-85
1739482228.3272476,28,-113,-99
1739482228.3732476,34,77,-145
1739482228.4182477,13,-63,63
1739482228.4642477,-21,-22,-36
1739482228.5102477,-57,46,-59
1739482228.5562477,-48,-128,-91
1739482228.6012475,9,23,-75
1739482228.6472476,45,-13,-64
1739482228.6932476,90,-83,-6
1739482228.7382476,66,-73,-43
1739482228.7842476,48,-45,-123
1739482228.8302476,70,53,61
1739482228.8762476,42,-53,71
1739482228.9212475,-2,-161,-24
1739482228.9672475,-24,12,-70
1739482229.0132475,53,-51,-23
1739482229.0582476,21,-107,-1
1739482229.1042476,84,-93,-44
1739482229.1502476,-25,-82,112
1739482229.1962476,14,7,-70
1739482229.2412477,-23,-52,-121
1739482229.2872477,-8,-26,-43
1739482229.3332477,-49,-78,-86
1739482229.3782475,-15,-90,-65
1739482229.4242475,-10,-116,58
1739482229.4702475,38,29,-109
1739482229.5162475,-27,-6,-114
1739482229.5612476,0,-65,-200
1739482229.6072476,-80,36,34
1739482229.6532476,-44,74,-8
1739482229.6982474,40,9,-32
1739482229.7442474,-28,-38,-83
1739482229.7902474,42,-19,100
1739482229.8362474,54,19,-78
1739482229.8812475,25,41,-124
1739482229.9272475,-26,0,8
1739482229.9732475,-5,-5,-71
1739482230.0182476,-118,-82,-65
1739482230.0642476,0,-66,50
1739482230.1102476,-20,-70,-25
1739482230.1562476,-25,-52,-3
1739482230.2012477,-53,34,4
1739482230.2472477,-2,4,-5
1739482230.2932477,-2,-99,-64
1739482230.3382475,1,39,-120
1739482230.3842475,-13,20,5
1739482230.4302475,91,53,-34
1739482230.4762475,59,-13,62
1739482230.5212476,24,-43,-19
1739482230.5672476,-69,-44,48
1739482230.6132476,-14,-52,-59
1739482230.6582477,38,-19,-98
1739482230.7042477,-62,-38,55
1739482230.7502477,4,-59,27
1739482230.7962475,-93,-90,-49
1739482230.8412476,-105,-74,-63
1739482230.8872476,41,-83,-48
1739482230.9332476,-76,18,-64
1739482230.9782476,-21,-14,1
1739482231.0242476,13,-39,10
1739482231.0702477,8,-15,-16
1739482231.1162477,-68,-76,-13
1739482231.1612475,104,-75,-8
1739482231.2072475,-14,-60,-160
1739482231.2532475,91,-37,-144
1739482231.2982476,65,-15,-109
1739482231.3442476,-11,-57,-56
1739482231.3902476,-35,-106,-38
1739482231.4362476,-63,-2,-111
1739482231.4812477,-15,-31,-152
1739482231.5272477,-36,-9,0
1739482231.5732474,3,11,-117
1739482231.6182475,-89,-41,36
1739482231.6642475,19,52,-93
1739482231.7102475,4,-134,-116
1739482231.7562475,-43,-153,-112
1739482231.8012476,-18,-9,-124
1739482231.8472476,85,-126,-15
1739482231.8932476,2,19,-35
1739482231.9382474,13,-118,26
1739482231.9842474,-6,-5,-24
1739482232.0302474,-6,-159,-77
1739482232.0762477,15,-22,-77
1739482232.1212475,48,-48,79
1739482232.1672475,10,-134,-92
1739482232.2132475,40,-36,-50
1739482232.2582476,94,-30,-33
1739482232.3042476,5,-72,-24
1739482232.3502476,46,-112,27
1739482232.3962476,42,-84,-77
1739482232.4412477,32,0,12
1739482232.4872477,-51,-27,-39
1739482232.5332477,-73,-45,-107
1739482232.5782475,-46,-41,-58
1739482232.6242476,10,-98,32
1739482232.6702476,-21,-49,-54
1739482232.7162476,13,-18,71
1739482232.7612476,51,82,-62
1739482232.8072476,-34,-51,-105
1739482232.8582475,62,-120,-7
1739482232.9042475,-29,-15,105
1739482232.9502475,-13,17,-22
1739482232.9962475,47,86,-43
1739482233.0412476,39,-20,89
1739482233.0872476,-11,-15,-66
1739482233.1332476,-12,-21,-175
1739482233.1782477,66,124,-15
1739482233.2242477,-13,31,34
1739482233.2702477,9,-108,-108
1739482233.3162477,55,-28,-45
1739482233.3612475,12,-110,-188
1739482233.4072475,-36,-93,-5
1739482233.4532475,30,40,-75
1739482233.4982476,-55,101,-102
1739482233.5442476,31,28,113
1739482233.5902476,59,-16,11
1739482233.6362476,5,26,-8
1739482233.6812477,-6,5,-65
1739482233.7272477,-105,-81,52
1739482233.7732477,18,-76,-122
1739482233.8182476,29,-124,89
1739482233.8642476,-25,-117,-160
1739482233.9102476,-67,69,-41
1739482233.9562476,-39,-149,81
1739482234.0012476,-32,-33,6
1739482234.0472476,35,-58,-129
1739482234.0932477,37,-62,53
1739482234.1382475,-5,-120,68
1739482234.1842475,52,-58,-155
1739482234.2302475,-41,-9,-48
1739482234.2762475,45,-90,122
1739482234.3212476,0,0,-70
1739482234.3672476,22,-62,-137
1739482234.4132476,-41,119,-17
1739482234.4582477,-16,-7,-66
1739482234.5042477,-35,79,-29
1739482234.5502477,-7,-115,140
1739482234.5962474,66,-32,-90
1739482234.6412475,-51,-109,-92
1739482234.6872475,-16,37,-3
1739482234.7332475,-3,37,-37
1739482234.7782476,-45,-109,-58
1739482234.8242476,-39,97,124
1739482234.8702476,-68,7,65
1739482234.9162476,38,-24,-64
1739482234.9612474,23,-76,-29
1739482235.0072474,-18,61,66
1739482235.0532477,-29,31,14
1739482235.0982475,-94,-117,-13
1739482235.1442475,39,-62,-55
1739482235.1902475,-4,71,-105
1739482235.2362475,-46,-79,-73
1739482235.2812476,24,-36,-18
1739482235.3272476,29,-6,-72
1739482235.3732476,11,-44,39
1739482235.4182477,-6,-112,-17
1739482235.4642477,-14,-3,97
1739482235.5102477,-34,-1,109
1739482235.5562477,21,-64,-40
1739482235.6012475,40,6,-43
1739482235.6472476,64,18,-70
1739482235.6932476,-66,-23,38
1739482235.7382476,-21,-72,-183
1739482235.7842476,-58,-49,55
1739482235.8302476,-55,-13,-55
1739482235.8762476,-4,-9,-107
1739482235.9212475,4,-34,-65
1739482235.9672475,30,-80,-78
1739482236.0132475,-18,-49,-114
1739482236.0582476,-34,31,-70
1739482236.1042476,-62,31,-69
1739482236.1502476,-72,-105,31
1739482236.1962476,58,-32,-16
1739482236.2412477,4,-23,29
1739482236.2872477,11,-24,-133
1739482236.3332477,7,-46,-75
1739482236.3782475,-12,-67,-85
1739482236.4242475,-8,-10,85
1739482236.4702475,17,-104,23
1739482236.5162475,-2,139,-11
1739482236.5612476,-21,-69,-46
1739482236.6072476,-51,-37,-30
1739482236.6532476,58,2,-96
1739482236.6982474,13,-106,-24
1739482236.7442474,12,-121,-157
1739482236.7902474,62,-70,-63
1739482236.8362474,14,-50,7
1739482236.8812475,36,74,-7
1739482236.9272475,-46,-39,-30
1739482236.9732475,-34,79,-26
1739482237.0182476,72,-68,-2
1739482237.0642476,-24,-75,-4
1739482237.1102476,5,47,28
1739482237.1562476,12,72,-77
1739482237.2012477,62,-80,-83
1739482237.2472477,-1,64,-69
1739482237.2932477,33,-38,-8
1739482237.3382475,-18,-47,-128
1739482237.3832476,13,13,-67
1739482237.4292476,59,60,5
1739482237.4742477,-7,-49,2
1739482237.5202477,-18,67,-57
1739482237.5662477,93,-54,-37
1739482237.6122477,22,34,-46
1739482237.6572475,-76,-29,103
1739482237.7032475,7,-51,11
1739482237.7492476,-67,-33,-77
1739482237.7942476,-35,-113,-114
1739482237.8402476,-8,58,-24
1739482237.8862476,77,-18,-68
1739482237.9322476,0,-93,-51
1739482237.9772477,54,-8,-46
1739482238.0232477,-2,-29,28
1739482238.0692475,19,-40,-108
1739482238.1142476,-1,3,-48
1739482238.1602476,78,2,97
1739482238.2062476,-3,-14,96
1739482238.2522476,-63,55,-16
1739482238.2972476,8,-92,38
1739482238.3432477,-73,23,61
1739482238.3892477,-45,23,85
1739482238.4342475,9,-52,12
1739482238.4802475,-65,-177,14
1739482238.5262475,-7,-22,-85
1739482238.5722475,-2,-132,-1
1739482238.6172476,-20,15,-71
1739482238.6632476,26,-16,47
1739482238.7092476,-20,27,58
1739482238.7542477,34,-116,27
1739482238.8002477,-24,-37,12
1739482238.8462474,-4,-60,-109
1739482238.8922474,71,-112,-37
1739482238.9372475,43,-18,12
1739482238.9832475,38,-100,117
1739482239.0292475,18,-82,-188
1739482239.0742476,45,-108,109
1739482239.1202476,-62,-221,-4
1739482239.1662476,-64,9,-35
1739482239.2122476,8,-82,-28
1739482239.2572474,-2,-53,-36
1739482239.3032477,1,-61,7
1739482239.3492477,0,-7,-87
1739482239.3942475,-42,-35,-26
1739482239.4402475,0,-20,11
1739482239.4862475,12,2,48
1739482239.5322475,-22,-51,41
1739482239.5772476,-56,-101,-70
1739482239.6232476,55,-100,36
1739482239.6692476,-30,-31,-64
1739482239.7142477,47,-90,-53
1739482239.7602477,-8,-49,92
1739482239.8062477,-2,19,36
1739482239.8522477,-19,-173,-80
1739482239.8972476,44,70,5
1739482239.9432476,36,0,-26
1739482239.9892476,30,-42,4
1739482240.0342476,-7,-13,-39
1739482240.0802476,-11,-26,23
1739482240.1262476,20,-6,-58
1739482240.1722476,53,-16,12
1739482240.2172475,71,-42,-103
1739482240.2632475,60,-88,-182
1739482240.3092475,-8,-69,116
1739482240.3542476,78,-16,-104
1739482240.4002476,-44,-93,-43
1739482240.4462476,19,-81,19
1739482240.4922476,-5,15,-4
1739482240.5372477,41,-68,-85
1739482240.5832477,89,-62,4
1739482240.6292477,-14,-65,33
1739482240.6742475,-2,-85,-118
1739482240.7202475,54,-60,-96
1739482240.7662475,-6,-59,13
1739482240.8122475,10,-86,-13
1739482240.8572476,25,-184,-53
1739482240.9032476,5,75,38
1739482240.9492476,64,2,25
1739482240.9942474,15,-95,-41
1739482241.0402474,-49,-3,-79
1739482241.0862474,-62,-129,-25
1739482241.1322474,41,-124,13
1739482241.1772475,8,-90,-143
1739482241.2232475,-45,-5,-26
1739482241.2692475,65,-48,-49
1739482241.3142476,-24,-53,-78
1739482241.3602476,-30,29,-31
1739482241.4062476,18,-64,-74
1739482241.4522476,-36,-27,-43
1739482241.4972477,-70,-109,10
1739482241.5432477,-51,59,5
1739482241.5892477,15,14,100
1739482241.6342475,82,-130,43
1739482241.6802475,17,-68,-44
1739482241.7262475,-37,-29,-37
1739482241.7722476,77,10,0
1739482241.8172476,-39,3,-113
1739482241.8632476,-3,28,-70
1739482241.9092476,-37,-97,-114
1739482241.9542477,-31,1,-45
1739482242.0002477,12,-14,-1
1739482242.0462475,32,48,-93
1739482242.0922475,98,48,-5
1739482242.1372476,-91,-3,-6
1739482242.1832476,31,-4,-28
1739482242.2292476,-22,-163,34
1739482242.2742476,-60,-79,38
1739482242.3202477,-74,-97,5
1739482242.3662477,-30,-91,77
1739482242.4122477,9,-194,24
1739482242.4572475,-4,-25,-38
1739482242.5032475,0,-126,-1
1739482242.5492475,36,-136,-108
1739482242.5942476,-85,-75,-35
1739482242.6402476,-13,-44,27
1739482242.6862476,-34,-113,45
1739482242.7322476,-12,-11,30
1739482242.7772477,-35,-89,-23
1739482242.8232474,17,-88,13
1739482242.8742476,19,-24,-65
1739482242.9202476,-43,31,28
1739482242.9662476,79,-140,-55
1739482243.0122476,19,-150,109
1739482243.0572476,-39,-99,65
1739482243.1032476,6,-49,13
1739482243.1492476,75,6,-77
1739482243.1942475,-33,21,9
1739482243.2402475,4,-40,58
1739482243.2862475,58,7,-117
1739482243.3322475,-59,-33,-41
1739482243.3772476,-45,-25,-37
1739482243.4232476,-75,-23,-57
1739482243.4692476,8,-145,-120
1739482243.5142477,-10,-5,62
1739482243.5602477,-16,-21,-48
1739482243.6062477,-49,-63,-42
1739482243.6522477,3,-36,31
1739482243.6972475,53,-12,-14
1739482243.7432475,-9,103,-93
1739482243.7892475,5,-7,-1
1739482243.8342476,-45,-57,58
1739482243.8802476,-28,-105,-20
1739482243.9262476,-77,37,-135
1739482243.9722476,-1,-4,-29
1739482244.0172474,35,-65,-40
1739482244.0632474,35,-14,25
1739482244.1092474,68,-77,70
1739482244.1542475,-8,5,30
1739482244.2002475,2,-108,-20
1739482244.2462475,65,-100,55
1739482244.2922475,3,113,-40
1739482244.3372476,50,-107,-29
1739482244.3832476,-3,15,-92
1739482244.4292476,-2,-104,23
1739482244.4742477,26,131,-40
1739482244.5202477,-55,-100,-114
1739482244.5662477,15,65,-78
1739482244.6122477,-23,-36,62
1739482244.6572475,-60,24,-125
1739482244.7032475,-54,-34,-68
1739482244.7492476,-11,-63,-21
1739482244.7942476,19,-109,-11
1739482244.8402476,-20,59,40
1739482244.8862476,-61,49,-21
1739482244.9322476,-1,0,-38
1739482244.9772477,-43,30,90
1739482245.0232477,53,-28,-36
1739482245.0692475,18,72,-101
1739482245.1142476,58,-32,-46
1739482245.1602476,22,-88,-173
1739482245.2062476,-12,-117,-60
1739482245.2522476,-3,-8,67
1739482245.2972476,68,-58,-151
1739482245.3432477,37,-96,89
1739482245.3892477,1,-28,12
1739482245.4342475,-19,-110,5
1739482245.4802475,-40,38,10
1739482245.5262475,-17,46,-126
1739482245.5722475,10,-79,-114
1739482245.6172476,-4,-25,-15
1739482245.6632476,-25,-130,-54
1739482245.7092476,-72,-56,-103
1739482245.7542477,54,-38,0
1739482245.8002477,11,-24,52
1739482245.8462474,82,-36,32
1739482245.8922474,5,27,-6
1739482245.9372475,-18,-47,17
1739482245.9832475,5,0,63
1739482246.0292475,52,0,95
1739482246.0742476,15,-24,52
1739482246.1202476,-6,-11,-32
1739482246.1662476,17,37,-48
1739482246.2122476,-46,-63,3
1739482246.2572474,-83,64,-142
1739482246.3032477,58,-192,-44
1739482246.3492477,75,-36,-64
1739482246.3942475,8,-2,0
1739482246.4402475,-16,-15,-4
1739482246.4862475,38,28,-66
1739482246.5322475,-43,-48,-119
1739482246.5772476,-9,87,-19
1739482246.6232476,-9,-24,73
1739482246.6692476,1,-106,-137
1739482246.7142477,-22,-34,-27
1739482246.7602477,-51,-127,-35
1739482246.8062477,42,-60,-4
1739482246.8522477,-21,-17,70
1739482246.8972476,-32,36,54
1739482246.9432476,-42,47,-29
1739482246.9892476,34,30,12
1739482247.0342476,7,-41,-4
1739482247.0802476,-27,-83,-41
1739482247.1262476,-35,37,-57
1739482247.1722476,1,-34,47
1739482247.2172475,-5,-63,7
1739482247.2632475,-57,-45,6
1739482247.3092475,15,16,-34
1739482247.3542476,154,-94,-39
1739482247.4002476,35,-44,3
1739482247.4462476,-25,-17,-33
1739482247.4922476,56,-88,-59
1739482247.5372477,-5,-13,-29
1739482247.5832477,-11,-68,-52
1739482247.6292477,-95,57,-4
1739482247.6742475,-19,-159,-109
1739482247.7202475,1,85,5
1739482247.7662475,-31,-35,0
1739482247.8122475,-36,-103,-23
1739482247.8572476,21,50,-64
1739482247.9032476,-16,29,29
1739482247.9492476,-25,-43,49
1739482247.9942474,34,24,82
1739482248.0402474,-67,-49,-61
1739482248.0862474,-28,143,-63
1739482248.1322474,-31,17,15
1739482248.1772475,-24,-125,38
1739482248.2232475,-17,36,15
1739482248.2692475,-26,-19,-84
1739482248.3142476,26,-122,-12
1739482248.3602476,-37,-145,-92
1739482248.4062476,-1,16,-66
1739482248.4522476,-31,92,-8
1739482248.4972477,8,-10,-64
1739482248.5432477,-30,-66,30
1739482248.5892477,-1,-54,-65
1739482248.6342475,-15,0,-5
1739482248.6802475,89,-83,42
1739482248.7262475,43,9,8
1739482248.7722476,-42,-42,10
1739482248.8172476,-11,-41,64
1739482248.8632476,19,-51,-111
1739482248.9092476,1,-121,-58
1739482248.9542477,-41,-83,-26
1739482249.0002477,-138,-44,47
1739482249.0462475,-55,-119,-85
1739482249.0922475,49,-55,-16
1739482249.1372476,-30,67,41
1739482249.1832476,-12,-12,1
1739482249.2292476,73,-116,-33
1739482249.2742476,-27,-133,-48
1739482249.3202477,-5,-45,-33
1739482249.3662477,-17,0,-15
1739482249.4122477,-12,71,-33
1739482249.4572475,-6,-24,-83
1739482249.5032475,-6,31,5
1739482249.5492475,7,-129,-12
1739482249.5942476,92,-26,40
1739482249.6402476,-48,-37,-136
1739482249.6862476,-3,-112,-64
1739482249.7322476,14,-68,-71
1739482249.7772477,-36,-91,-2
1739482249.8232474,30,-116,-21
1739482249.8692474,-10,-115,-76
1739482249.9142475,1,-69,12
1739482249.9602475,-53,-16,27
1739482250.0062475,6,-67,-77
1739482250.0522475,-77,-79,-43
1739482250.0972476,-65,7,58
1739482250.1432476,23,-18,-72
1739482250.1892476,1,-42,-79
1739482250.2342474,-17,-165,-58
1739482250.2802474,0,-56,-178
1739482250.3262477,30,-35,-13
1739482250.3722477,-50,-98,-3
1739482250.4172475,-9,-48,-113
1739482250.4632475,-28,-71,-114
1739482250.5092475,3,-52,-65
1739482250.5542476,-48,-100,-64
1739482250.6002476,79,27,0
1739482250.6462476,-41,-90,-64
1739482250.6922476,18,15,-76
1739482250.7372477,18,-149,-70
1739482250.7832477,26,-93,18
1739482250.8292477,-5,-62,-29
1739482250.8742476,21,29,3
1739482250.9202476,-6,35,-43
1739482250.9662476,5,-24,-6
1739482251.0122476,-33,-38,-208
1739482251.0572476,64,-29,-55
1739482251.1032476,31,-163,-18
1739482251.1492476,8,-134,8
1739482251.1942475,-27,0,-5
1739482251.2402475,-54,-79,-107
1739482251.2862475,-17,6,-64
1739482251.3322475,-44,17,24
1739482251.3772476,17,-64,-24
1739482251.4232476,-59,21,-82
1739482251.4692476,31,14,-1
1739482251.5142477,25,14,5
1739482251.5602477,12,57,-41
1739482251.6062477,17,-16,-55
1739482251.6522477,37,-80,77
1739482251.6972475,-28,-124,5
1739482251.7432475,1,38,-35
1739482251.7892475,67,-52,17
1739482251.8342476,-61,-75,-42
1739482251.8802476,-81,-87,-1
1739482251.9262476,51,34,115
1739482251.9722476,15,-2,-102
1739482252.0172474,54,-20,-41
1739482252.0632474,-69,-91,-19
1739482252.1092474,0,-51,-16
1739482252.1542475,-36,-159,-26
1739482252.2002475,-2,-28,-86
1739482252.2462475,53,-66,-63
1739482252.2922475,24,80,-116
1739482252.3372476,39,-81,-7
1739482252.3832476,7,-13,-31
1739482252.4292476,-62,-22,18
1739482252.4742477,-14,100,-19
1739482252.5202477,29,39,-106
1739482252.5662477,21,3,-12
1739482252.6122477,-7,20,-54
1739482252.6572475,53,-103,26
1739482252.7032475,-42,-50,-102
1739482252.7492476,26,-1,30
1739482252.7942476,2,-63,56
1739482252.8402476,43,-36,31
1739482252.8922474,9,-50,-45
1739482252.9372475,-26,0,-70
1739482252.9832475,11,-143,-140
1739482253.0292475,-11,85,123
1739482253.0742476,1,23,-25
1739482253.1202476,-21,-31,-65
1739482253.1662476,35,22,-54
1739482253.2122476,5,40,-2
1739482253.2572474,-85,55,-59
1739482253.3032477,45,-30,-62
1739482253.3492477,-3,26,-57
1739482253.3942475,35,-34,28
1739482253.4402475,42,-118,-137
1739482253.4862475,-1,-62,-194
1739482253.5322475,49,-87,47
1739482253.5772476,-9,-29,125
1739482253.6232476,40,-37,54
1739482253.6692476,15,-13,4
1739482253.7142477,-21,-152,-31
1739482253.7602477,0,-5,36
1739482253.8062477,-31,-106,-20
1739482253.8522477,-24,-31,6
1739482253.8972476,43,-84,72
1739482253.9432476,-73,-1,-69
1739482253.9892476,-55,-4,-70
1739482254.0342476,-25,-142,-25
1739482254.0802476,-1,7,-178
1739482254.1262476,-33,-39,118
1739482254.1722476,42,-56,27
1739482254.2172475,42,-55,-7
1739482254.2632475,-20,-42,53
1739482254.3092475,89,-47,-68
1739482254.3542476,22,-25,28
1739482254.4002476,28,-7,65
1739482254.4462476,39,79,-69
1739482254.4922476,6,-73,57
1739482254.5372477,-53,44,27
1739482254.5832477,39,33,95
1739482254.6292477,29,-147,-43
1739482254.6742475,64,25,-111
1739482254.7202475,-16,68,-88
1739482254.7662475,-28,-14,38
1739482254.8122475,38,-137,2
1739482254.8572476,13,-37,58
1739482254.9032476,4,51,-26
1739482254.9492476,41,29,-86
1739482254.9942474,-72,-98,-55
1739482255.0402474,4,99,-3
1739482255.0862474,0,-28,-63
1739482255.1322474,-43,24,9
1739482255.1772475,-12,-4,38
1739482255.2232475,-50,-114,42
1739482255.2692475,1,22,-59
1739482255.3142476,-18,41,-67
1739482255.3602476,-49,-58,-63
1739482255.4062476,-15,-84,-12
1739482255.4522476,15,-66,19
1739482255.4972477,-18,-107,26
1739482255.5432477,-5,-18,-61
1739482255.5892477,38,1,0
1739482255.6342475,29,-30,21
1739482255.6802475,-65,-65,-53
1739482255.7262475,-74,115,-38
1739482255.7712476,-47,-103,50
1739482255.8172476,46,-96,-63
1739482255.8632476,-6,-176,-17
1739482255.9092476,93,-79,-9
1739482255.9542477,60,-50,-99
1739482256.0002477,-46,-14,-97
1739482256.0462475,-14,-30,16
1739482256.0922475,38,-11,-37
1739482256.1372476,72,-13,-55
1739482256.1832476,-72,-24,-28
1739482256.2292476,-35,-64,0
1739482256.2742476,-48,-100,-32
1739482256.3202477,8,-92,-73
1739482256.3662477,-22,-30,-70
1739482256.4122477,-3,-120,-138
1739482256.4572475,-26,-16,-100
1739482256.5032475,29,109,54
1739482256.5492475,-26,40,-72
1739482256.5942476,-25,-58,-18
1739482256.6402476,28,-184,-111
1739482256.6862476,-1,97,-18
1739482256.7322476,23,-64,-6
1739482256.7772477,-50,33,-29
1739482256.8232474,32,-92,-2
1739482256.8692474,-49,-29,-42
1739482256.9142475,7,79,-238
1739482256.9602475,13,-79,19
1739482257.0062475,-12,0,-72
1739482257.0522475,-2,47,-5
1739482257.0972476,14,-84,-168
1739482257.1432476,-5,-48,-18
1739482257.1892476,-68,-8,-59
1739482257.2342474,-76,50,-58
1739482257.2802474,-16,7,-50
1739482257.3262477,-33,-126,-34
1739482257.3722477,-29,-104,-59
1739482257.4172475,-17,14,-71
1739482257.4632475,-113,-48,-79
1739482257.5092475,-38,-100,25
1739482257.5542476,33,-1,6
1739482257.6002476,33,-35,-6
1739482257.6462476,8,-27,118
1739482257.6912477,44,-69,-90
1739482257.7372477,-74,-6,-17
1739482257.7832477,3,-100,-133
1739482257.8292477,-2,-8,56
1739482257.8742476,-23,-108,-34
1739482257.9202476,23,-25,10
1739482257.9662476,-20,18,-22
1739482258.0112476,13,-4,-66
1739482258.0572476,-17,-40,14
1739482258.1032476,59,-59,30
1739482258.1492476,-76,-126,75
1739482258.1942475,-27,32,44
1739482258.2402475,76,49,16
1739482258.2862475,-97,-22,-9
1739482258.3312476,-13,-42,66
1739482258.3772476,25,-83,-88
1739482258.4232476,-64,-18,-66
1739482258.4692476,79,-89,-20
1739482258.5142477,22,-34,-127
1739482258.5602477,44,81,15
1739482258.6062477,17,28,-94
1739482258.6512475,40,-89,138
1739482258.6972475,9,-107,-59
1739482258.7432475,2,-76,-106
1739482258.7892475,46,-22,-49
1739482258.8342476,24,-17,7
1739482258.8802476,-105,20,9
1739482258.9262476,49,-69,-86
1739482258.9712474,22,31,10
1739482259.0172474,-13,-14,56
1739482259.0632474,-36,-22,-4
1739482259.1092474,1,0,6
1739482259.1542475,-43,8,-57
1739482259.2002475,22,58,109
1739482259.2462475,4,-88,-69
1739482259.2912476,1,-36,45
1739482259.3372476,-5,-37,-33
1739482259.3832476,-49,-248,8
1739482259.4292476,18,-30,-76
1739482259.4742477,-53,-66,6
1739482259.5202477,11,-63,-86
1739482259.5662477,-62,-6,-45
1739482259.6112475,-37,-4,138
1739482259.6572475,3,-60,52
1739482259.7032475,-35,-61,27
1739482259.7492476,49,97,-4
1739482259.7942476,109,-29,-26
1739482259.8402476,1,0,-176
1739482259.8862476,28,-67,-42
1739482259.9312477,-46,-24,-100
1739482259.9772477,-32,-60,-68
1739482260.0232477,7,-16,-38
1739482260.0692475,18,97,-22
1739482260.1142476,71,11,131
1739482260.1602476,-1,-78,-44
1739482260.2062476,-61,-44,-37
1739482260.2512476,-21,-104,-2
1739482260.2972476,34,-121,-116
1739482260.3432477,41,81,-150
1739482260.3892477,-56,-52,-87
1739482260.4342475,22,-14,-139
1739482260.4802475,7,-86,91
1739482260.5262475,-25,-76,-71
1739482260.5712476,-17,-15,67
1739482260.6172476,-31,-96,-80
1739482260.6632476,5,-40,97
1739482260.7092476,-35,31,12
1739482260.7542477,-26,-27,30
1739482260.8002477,-67,-108,-152
1739482260.8462474,-43,-6,94
1739482260.8912475,19,60,-38
1739482260.9372475,18,-18,-25
1739482260.9832475,-53,-5,-110
1739482261.0292475,-29,-81,-6
1739482261.0742476,-35,-132,29
1739482261.1202476,18,-117,-44
1739482261.1662476,-55,-14,81
1739482261.2112474,-82,-48,-112
1739482261.2572474,-57,-16,35
1739482261.3032477,14,-13,51
1739482261.3492477,67,-47,-7
1739482261.3942475,92,12,-119
1739482261.4402475,-17,111,-102
1739482261.4862475,69,30,13
1739482261.5312476,-26,-39,98
1739482261.5772476,10,-19,-91
1739482261.6232476,96,80,-93
1739482261.6692476,-12,-62,7
1739482261.7142477,43,-15,2
1739482261.7602477,77,-6,-22
1739482261.8062477,32,14,41
1739482261.8512475,9,-36,-15
1739482261.8972476,80,28,-91
1739482261.9432476,-41,-92,-26
1739482261.9892476,8,114,34
1739482262.0342476,6,-31,38
1739482262.0802476,35,34,-83
1739482262.1262476,-29,20,-136
1739482262.1712475,-1,-16,-89
1739482262.2172475,-81,1,-42
1739482262.2632475,-5,30,-29
1739482262.3092475,-32,-42,11
1739482262.3542476,-18,-107,3
1739482262.4002476,-28,-59,-6
1739482262.4462476,14,-44,-104
1739482262.4912477,-14,-78,-67
1739482262.5372477,-15,-61,94
1739482262.5832477,23,41,-2
1739482262.6292477,22,-55,45
1739482262.6742475,-13,18,-129
1739482262.7202475,-43,73,-43
1739482262.7662475,62,-7,-50
1739482262.8112476,-8,-66,-17
1739482262.8572476,71,-81,-40
1739482262.9092476,-40,-12,-58
1739482262.9542477,-58,12,-40
1739482263.0002477,-63,-4,-44
1739482263.0462475,-21,30,-98
1739482263.0912476,35,-91,-98
1739482263.1372476,22,-65,11
1739482263.1832476,-46,22,-34
1739482263.2292476,-8,-88,62
1739482263.2742476,22,7,-54
1739482263.3202477,68,-103,17
1739482263.3662477,-58,-36,27
1739482263.4112475,14,-30,-56
1739482263.4572475,26,7,14
1739482263.5032475,0,-64,46
1739482263.5492475,-35,0,36
1739482263.5942476,-70,-20,-34
1739482263.6402476,59,-19,-142
1739482263.6862476,-64,-66,64
1739482263.7312477,-17,5,-43
1739482263.7772477,-55,-70,-78
1739482263.8232474,-75,-62,44
1739482263.8692474,-38,0,-138
1739482263.9142475,14,-46,-80
1739482263.9602475,-17,0,-52
1739482264.0062475,-7,-94,63
1739482264.0512476,-4,8,-62
1739482264.0972476,50,21,40
1739482264.1432476,-37,-56,-6
1739482264.1892476,-51,-38,-46
1739482264.2342474,77,-57,23
1739482264.2802474,32,-117,28
1739482264.3262477,-50,-8,-210
1739482264.3712475,75,29,28
1739482264.4172475,38,-17,-99
1739482264.4632475,30,-116,29
1739482264.5092475,73,-35,-28
1739482264.5542476,-18,14,47
1739482264.6002476,-116,-102,-79
1739482264.6462476,-14,-79,-58
1739482264.6912477,32,29,-149
1739482264.7372477,1,87,-70
1739482264.7832477,-31,54,-85
1739482264.8292477,14,-29,-69
1739482264.8742476,-2,-63,79
1739482264.9202476,-64,48,-149
1739482264.9662476,-6,-6,-59
1739482265.0112476,58,-35,-32
1739482265.0572476,-26,-98,-70
1739482265.1032476,-24,-186,-195
1739482265.1492476,0,-40,-67
1739482265.1942475,-5,-170,-103
1739482265.2402475,17,-37,-124
1739482265.2862475,-27,36,-74
1739482265.3312476,65,-111,21
1739482265.3772476,-57,-122,-161
1739482265.4232476,14,19,19
1739482265.4692476,7,-35,-7
1739482265.5142477,-49,-88,-55
1739482265.5602477,-21,-57,36
1739482265.6062477,42,-147,-105
1739482265.6512475,40,-5,86
1739482265.6972475,-30,-80,-41
1739482265.7432475,-39,-30,76
1739482265.7892475,4,-43,-75
1739482265.8342476,4,-1,37
1739482265.8802476,36,11,79
1739482265.9262476,58,-63,-86
1739482265.9712474,72,-13,-92
1739482266.0172474,-12,-157,106
1739482266.0632474,44,-57,-2
1739482266.1092474,-23,-14,4
1739482266.1542475,4,-25,-101
1739482266.2002475,-30,72,15
1739482266.2462475,-22,96,-56
1739482266.2912476,33,3,25
1739482266.3372476,-31,-82,-37
1739482266.3832476,3,11,-91
1739482266.4292476,-15,64,-61
1739482266.4742477,-3,-16,-40
1739482266.5202477,-2,-146,-33
1739482266.5662477,49,-69,-39
1739482266.6112475,10,1,-51
1739482266.6572475,29,-167,62
1739482266.7032475,-112,14,-48
1739482266.7492476,-2,16,0
1739482266.7942476,-98,-18,-134
1739482266.8402476,10,-57,-21
1739482266.8862476,76,31,23
1739482266.9312477,89,-83,22
1739482266.9772477,-79,-30,4
1739482267.0232477,-13,-42,-62
1739482267.0692475,18,-39,50
1739482267.1142476,-16,-98,-256
1739482267.1602476,85,35,11
1739482267.2062476,-3,-73,-48
1739482267.2512476,42,-25,18
1739482267.2972476,-112,-70,-32
1739482267.3432477,44,-63,-30
1739482267.3892477,62,49,-24
1739482267.4342475,-17,-38,-59
1739482267.4802475,76,-29,-16
1739482267.5262475,-43,58,8
1739482267.5712476,-2,-131,56
1739482267.6172476,-31,-140,-35
1739482267.6632476,71,-45,70
1739482267.7092476,19,185,-113
1739482267.7542477,-44,-92,-24
1739482267.8002477,32,-15,-19
1739482267.8462474,33,13,-153
1739482267.8912475,-133,-6,-148
1739482267.9372475,30,-209,-31
1739482267.9832475,-18,-114,10
1739482268.0292475,-12,-156,-44
1739482268.0742476,2,30,0
1739482268.1202476,59,-21,-58
1739482268.1662476,-47,-26,-52
1739482268.2112474,-60,-118,-103
1739482268.2572474,6,-45,-56
1739482268.3032477,-20,-111,-66
1739482268.3492477,-86,-50,-134
1739482268.3942475,-48,-62,-4
1739482268.4402475,-2,-6,48
1739482268.4862475,-11,15,77
1739482268.5312476,70,33,63
1739482268.5772476,-80,0,-62
1739482268.6232476,76,-25,-18
1739482268.6692476,17,9,-36
1739482268.7142477,63,79,11
1739482268.7602477,72,-117,-95
1739482268.8062477,-48,4,-41
1739482268.8512475,-9,-50,107
1739482268.8972476,32,31,1
1739482268.9432476,20,-16,0
1739482268.9892476,-59,-120,-8
1739482269.0342476,58,23,46
1739482269.0802476,16,-86,85
1739482269.1262476,-44,68,39
1739482269.1712475,42,-1,-12
1739482269.2172475,38,25,-50
1739482269.2632475,9,-83,-75
1739482269.3092475,66,-63,5
1739482269.3542476,-10,22,-35
1739482269.4002476,-36,-33,-99
1739482269.4462476,12,-12,-153
1739482269.4912477,28,-39,-57
1739482269.5372477,1,-10,20
1739482269.5832477,-14,36,-104
1739482269.6292477,49,0,0
1739482269.6742475,-17,-128,99
1739482269.7202475,15,-36,3
1739482269.7662475,-46,10,-16
1739482269.8112476,34,147,-86
1739482269.8572476,87,25,18
1739482269.9032476,-10,-186,-4
1739482269.9492476,-56,10,11
1739482269.9942474,-21,-102,-43
1739482270.0402474,11,-34,-42
1739482270.0862474,15,-47,-64
1739482270.1312475,2,27,88
1739482270.1772475,-15,24,-10
1739482270.2232475,48,-49,24
1739482270.2692475,30,-101,-41
1739482270.3142476,-9,-72,-113
1739482270.3602476,-2,-15,71
1739482270.4062476,31,-117,-41
1739482270.4512477,25,15,18
1739482270.4972477,-8,112,-89
1739482270.5432477,34,37,-127
1739482270.5892477,-15,0,-11
1739482270.6342475,-59,-120,49
1739482270.6802475,-67,-50,-27
1739482270.7262475,-3,30,-111
1739482270.7712476,-89,-66,-48
1739482270.8172476,117,23,-77
1739482270.8632476,20,-101,-132
1739482270.9092476,-19,55,16
1739482270.9542477,46,-145,18
1739482271.0002477,65,71,-28
1739482271.0462475,34,-55,-1
1739482271.0912476,-91,-74,-52
1739482271.1372476,19,-33,-67
1739482271.1832476,-34,38,-5
1739482271.2292476,-25,-62,-62
1739482271.2742476,85,9,57
1739482271.3202477,-53,32,-112
1739482271.3662477,-46,-64,-124
1739482271.4112475,18,-18,-65
1739482271.4572475,-22,-22,-94
1739482271.5032475,-18,-26,-25
1739482271.5492475,12,-51,-125
1739482271.5942476,6,-51,76
1739482271.6402476,66,3,101
1739482271.6862476,30,1,55
1739482271.7312477,24,-19,-5
1739482271.7772477,0,50,71
1739482271.8232474,-4,-4,-77
1739482271.8692474,-11,-98,-77
1739482271.9142475,43,9,31
1739482271.9602475,-49,-4,-36
1739482272.0062475,-27,12,-85
1739482272.0512476,-13,-86,30
1739482272.0972476,-28,-70,-50
1739482272.1432476,-38,-114,-21
1739482272.1892476,27,-23,-78
1739482272.2342474,-26,62,-55
1739482272.2802474,-24,-74,-27
1739482272.3262477,83,-13,48
1739482272.3712475,-4,-42,-79
1739482272.4172475,-17,-198,-133
1739482272.4632475,17,-8,-117
1739482272.5092475,-16,12,-58
1739482272.5542476,-14,-122,-4
1739482272.6002476,-27,-98,52
1739482272.6462476,-5,16,69
1739482272.6912477,-14,-136,-56
1739482272.7372477,2,-40,24
1739482272.7832477,3,3,-83
1739482272.8292477,-29,-66,110
1739482272.8742476,12,-115,-142
1739482272.9262476,-19,-4,15
1739482272.9712474,56,-23,51
1739482273.0172474,6,-47,-110
1739482273.0632474,-52,-38,-145
1739482273.1092474,-80,-28,-35
1739482273.1542475,14,81,-39
1739482273.2002475,-2,68,8
1739482273.2462475,-17,-18,-125
1739482273.2912476,-33,76,-108
1739482273.3372476,124,-21,9
1739482273.3832476,-87,-8,-46
1739482273.4292476,69,41,-115
1739482273.4742477,10,39,-109
1739482273.5202477,9,-101,-33
1739482273.5662477,74,121,-63
1739482273.6112475,-2,-93,-58
1739482273.6572475,-70,40,23
1739482273.7032475,-21,67,56
1739482273.7492476,-22,14,2
1739482273.7942476,-34,22,31
1739482273.8402476,-6,-12,102
1739482273.8862476,46,-18,-107
1739482273.9312477,1,18,-46
1739482273.9772477,-19,-86,-102
1739482274.0232477,-10,9,-55
1739482274.0692475,46,-127,-102
1739482274.1142476,17,-25,-35
1739482274.1602476,39,-151,47
1739482274.2062476,20,-3,13
1739482274.2512476,-24,-15,-66
1739482274.2972476,16,-57,-76
1739482274.3432477,35,57,-10
1739482274.3892477,-35,-75,109
1739482274.4342475,37,7,42
1739482274.4802475,47,-113,55
1739482274.5262475,56,17,-6
1739482274.5712476,8,15,34
1739482274.6172476,36,-64,-108
1739482274.6632476,-53,-68,-73
1739482274.7092476,27,-15,-36
1739482274.7542477,-24,-102,-64
1739482274.8002477,53,-105,-36
1739482274.8462474,-105,-20,-80
1739482274.8912475,3,-106,44
1739482274.9372475,-3,-28,-64
1739482274.9832475,-51,14,-15
1739482275.0292475,25,-7,-8
1739482275.0742476,-55,20,-80
1739482275.1202476,24,-52,-49
1739482275.1662476,-49,8,-61
1739482275.2112474,-2,-65,16
1739482275.2572474,-31,-61,-76
1739482275.3032477,39,-31,10
1739482275.3492477,15,54,-89
1739482275.3942475,-1,22,-15
1739482275.4402475,-7,30,-8
1739482275.4862475,21,-31,-93
1739482275.5312476,-35,-103,-3
1739482275.5772476,9,-13,-18
1739482275.6232476,62,17,4
1739482275.6692476,-14,74,-33
1739482275.7142477,-76,14,7
1739482275.7602477,-63,84,3
1739482275.8062477,7,10,36
1739482275.8512475,31,-179,-9
1739482275.8972476,9,-135,-21
1739482275.9432476,3,-9,63
1739482275.9892476,-3,-28,-24
1739482276.0342476,12,-41,-30
1739482276.0802476,27,50,-26
1739482276.1262476,-42,-66,-22
1739482276.1712475,-40,16,-50
1739482276.2172475,59,19,-78
1739482276.2632475,-117,20,4
1739482276.3092475,-20,82,-13
1739482276.3542476,130,-13,-34
1739482276.4002476,81,-153,-109
1739482276.4462476,35,61,-50
1739482276.4912477,-23,34,13
1739482276.5372477,-27,4,23
1739482276.5832477,-37,-40,44
1739482276.6292477,46,-143,-39
1739482276.6742475,-36,66,-85
1739482276.7202475,22,-53,8
1739482276.7662475,42,-89,-14
1739482276.8112476,-43,-102,-58
1739482276.8572476,33,-109,-38
1739482276.9032476,-41,-50,25
1739482276.9492476,-11,-9,49
1739482276.9942474,-35,2,-35
1739482277.0402474,-53,12,-109
1739482277.0862474,30,4,38
1739482277.1312475,4,-63,-43
1739482277.1772475,-112,18,-74
1739482277.2232475,70,-153,82
1739482277.2692475,-21,-14,-2
1739482277.3142476,-88,-92,-10
1739482277.3602476,9,46,-81
1739482277.4062476,-101,-10,-23
1739482277.4512477,12,-87,-9
1739482277.4972477,16,-13,-46
1739482277.5432477,-50,-53,-78
1739482277.5892477,-75,58,-13
1739482277.6342475,98,25,-59
1739482277.6802475,-10,-134,-1
1739482277.7262475,74,-3,-159
1739482277.7712476,44,-42,-56
1739482277.8172476,23,86,-32
1739482277.8632476,-49,-78,-101
1739482277.9092476,87,9,-113
1739482277.9542477,-43,-28,-32
1739482278.0002477,-7,48,-55
1739482278.0462475,-69,-42,-30
1739482278.0912476,-56,52,-50
1739482278.1372476,-18,10,30
1739482278.1832476,-20,-40,-25
1739482278.2292476,21,-95,-70
1739482278.2742476,54,-31,-25
1739482278.3202477,-34,-16,-82
1739482278.3662477,-42,-154,-120
1739482278.4112475,51,-25,13
1739482278.4562476,-35,32,-66
1739482278.5022476,-58,-8,-69
1739482278.5472476,45,5,9
1739482278.5932477,56,-71,2
1739482278.6392477,11,-148,-27
1739482278.6852477,81,-35,-84
1739482278.7302475,58,-49,-96
1739482278.7762475,26,5,131
1739482278.8222475,38,-45,78
1739482278.8672476,-45,64,-119
1739482278.9132476,-11,-90,-65
1739482278.9592476,8,-59,-1
1739482279.0052476,-40,68,-7
1739482279.0502477,9,-85,-7
1739482279.0962474,-48,-104,59
1739482279.1422474,51,75,150
1739482279.1872475,-10,-33,-137
1739482279.2332475,58,75,-31
1739482279.2792475,50,-103,-109
1739482279.3252475,-31,40,-41
1739482279.3702476,66,-159,-8
1739482279.4162476,-62,-68,-13
1739482279.4622476,0,27,-7
1739482279.5072474,-70,-66,3
1739482279.5532477,22,-33,-104
1739482279.5992477,-30,-92,26
1739482279.6452477,32,-115,-67
1739482279.6902475,13,57,87
1739482279.7362475,-27,10,-121
1739482279.7822475,27,13,-47
1739482279.8272476,-15,-42,12
1739482279.8732476,-46,-180,-129
1739482279.9192476,33,-7,-72
1739482279.9652476,4,-45,112
1739482280.0102477,-5,-14,-195
1739482280.0562477,-37,-86,-73
1739482280.1022477,14,-20,-19
1739482280.1472476,65,-45,-34
1739482280.1932476,61,47,-10
1739482280.2392476,-4,-59,-12
1739482280.2852476,53,-89,-122
1739482280.3302476,88,-213,-65
1739482280.3762476,-28,-96,-25
1739482280.4222476,11,164,-44
1739482280.4672475,-19,-14,100
1739482280.5132475,-77,-32,15
1739482280.5592475,23,-13,42
1739482280.6052475,45,59,47
1739482280.6502476,39,-69,-41
1739482280.6962476,-35,-30,0
1739482280.7422476,13,-57,-8
1739482280.7872477,-3,-128,3
1739482280.8332477,-77,24,36
1739482280.8792477,56,-29,-44
1739482280.9252477,-13,22,-37
1739482280.9702475,76,23,-26
1739482281.0162475,2,20,-48
1739482281.0622475,32,0,-60
1739482281.1072476,-55,-106,-79
1739482281.1532476,55,-63,157
1739482281.1992476,-79,12,15
1739482281.2452476,-34,90,-76
1739482281.2902474,63,-95,38
1739482281.3362474,-55,-32,28
1739482281.3822474,1,85,-71
1739482281.4272475,-9,-15,9
1739482281.4732475,-55,-18,14
1739482281.5192475,7,71,61
1739482281.5652475,2,-54,-6
1739482281.6102476,90,-107,-127
1739482281.6562476,-31,38,58
1739482281.7022476,-19,-76,-83
1739482281.7472477,29,-19,74
1739482281.7932477,-11,50,28
1739482281.8392477,63,-67,33
1739482281.8852477,-29,72,-145
1739482281.9302475,35,15,2
1739482281.9762475,87,-77,20
1739482282.0222476,86,-105,-92
1739482282.0672476,51,101,-26
1739482282.1132476,-38,-64,34
1739482282.1592476,-29,-36,51
1739482282.2052476,58,-33,-27
1739482282.2502477,-49,30,-46
1739482282.2962475,-68,30,70
1739482282.3422475,-1,15,-228
1739482282.3872476,33,-53,11
1739482282.4332476,77,-127,-7
1739482282.4792476,-42,-110,-37
1739482282.5252476,11,-10,-45
1739482282.5702477,2,-83,39
1739482282.6162477,-33,0,-86
1739482282.6622477,28,-91,-183
1739482282.7072475,-44,-62,-69
1739482282.7532475,25,-105,-18
1739482282.7992475,26,-11,-35
1739482282.8452475,-65,-24,-122
1739482282.8962476,85,-25,-59
1739482282.9422476,18,18,-40
1739482282.9872477,-30,-111,-68
1739482283.0332477,-63,82,-37
1739482283.0792477,26,7,-10
1739482283.1252477,-74,-18,-92
1739482283.1702476,-93,-22,27
1739482283.2162476,71,1,13
1739482283.2622476,-125,-100,-96
1739482283.3072476,19,-119,-66
1739482283.3532476,149,5,-82
1739482283.3992476,-3,-58,-51
1739482283.4452477,-14,-62,44
1739482283.4902475,-24,-54,-13
1739482283.5362475,33,-47,42
1739482283.5822475,-23,-80,-162
1739482283.6272476,-28,88,-55
1739482283.6732476,5,5,-12
1739482283.7192476,-16,-34,3
1739482283.7652476,-80,-44,-105
1739482283.8102477,-29,-68,41
1739482283.8562477,16,4,81
1739482283.9022477,24,-87,-42
1739482283.9472475,-27,-26,-39
1739482283.9932475,8,-6,-52
1739482284.0392475,4,18,-60
1739482284.0852475,27,-63,-13
1739482284.1302476,-122,14,-25
1739482284.1762476,41,17,-63
1739482284.2222476,-89,-110,-134
1739482284.2672474,38,-69,-96
1739482284.3132474,-13,32,111
1739482284.3592474,-92,78,-84
1739482284.4052474,-16,11,-22
1739482284.4502475,35,-23,-10
1739482284.4962475,57,-47,-99
1739482284.5422475,-23,0,49
1739482284.5872476,-8,-2,7
1739482284.6332476,58,-71,-69
1739482284.6792476,11,-50,-103
1739482284.7252476,31,-99,48
1739482284.7702477,-42,40,-118
1739482284.8152475,-36,-114,-21
1739482284.8612475,-4,-60,-18
1739482284.9062476,-9,2,74
1739482284.9522476,-53,26,-124
1739482284.9982476,41,-55,-165
1739482285.0432477,41,0,-1
1739482285.0892477,-70,-70,-118
1739482285.1352477,56,-43,-131
1739482285.1812477,3,-11,72
1739482285.2262475,43,-135,-65
1739482285.2722476,-4,-104,6
1739482285.3182476,-94,38,-24
1739482285.3632476,-28,-78,73
1739482285.4092476,-9,-98,11
1739482285.4552476,46,-107,55
1739482285.5012476,22,-55,-12
1739482285.5462475,26,-11,-69
1739482285.5922475,-1,44,-62
1739482285.6382475,-13,86,-48
1739482285.6832476,22,-70,-78
1739482285.7292476,-14,-50,-94
1739482285.7752476,-7,26,37
1739482285.8212476,-15,62,-213
1739482285.8662477,19,-47,7
1739482285.9122477,-60,-16,-74
1739482285.9582477,-14,-93,39
1739482286.0032475,-79,-48,-38
1739482286.0492475,15,-48,11
1739482286.0952475,45,-51,-28
1739482286.1412475,-45,-76,-90
1739482286.1862476,112,-63,-85
1739482286.2322476,48,-65,-74
1739482286.2782476,-87,-178,1
1739482286.3232474,104,-105,-97
1739482286.3692474,7,-87,-14
1739482286.4152474,11,17,41
1739482286.4612474,-28,36,-6
1739482286.5062475,0,-27,-47
1739482286.5522475,4,13,-24
1739482286.5982475,74,83,-77
1739482286.6432476,-19,-17,-64
1739482286.6892476,-9,-9,-34
1739482286.7352476,-82,-25,48
1739482286.7812476,-28,-41,88
1739482286.8262477,-59,-91,18
1739482286.8722477,-29,-23,46
1739482286.9182477,23,19,-38
1739482286.9632475,83,0,-145
1739482287.0092475,37,8,13
1739482287.0552475,39,-4,-17
1739482287.1012475,-14,-25,70
1739482287.1462476,21,-98,-80
1739482287.1922476,66,-140,-104
1739482287.2382476,-57,43,27
1739482287.2832477,108,-42,15
1739482287.3292477,-18,-145,-33
1739482287.3752477,-5,-15,-24
1739482287.4212475,7,22,22
1739482287.4662476,0,-33,-72
1739482287.5122476,-12,-141,-136
1739482287.5582476,23,88,-79
1739482287.6032476,42,-48,-62
1739482287.6492476,-38,-35,-4
1739482287.6952477,79,48,-151
1739482287.7412477,-56,11,-12
1739482287.7862475,-49,-113,-146
1739482287.8322475,16,10,74
1739482287.8782475,-5,131,-15
1739482287.9232476,7,-172,20
1739482287.9692476,-35,-35,111
1739482288.0152476,3,-152,-84
1739482288.0612476,45,30,-29
1739482288.1062477,-25,-155,55
1739482288.1522477,-57,-79,-64
1739482288.1982474,-33,119,56
1739482288.2432475,-65,-37,34
1739482288.2892475,-39,67,-35
1739482288.3352475,-16,-19,-74
1739482288.3812475,-107,-81,-77
1739482288.4262476,34,14,4
1739482288.4722476,85,10,-174
1739482288.5182476,-33,0,-30
1739482288.5632474,-43,-29,-19
1739482288.6092474,-41,5,-127
1739482288.6552474,18,24,-194
1739482288.7012477,16,-92,-12
1739482288.7462475,1,-79,55
1739482288.7922475,-30,-101,18
1739482288.8382475,62,-2,-107
1739482288.8832476,11,44,-23
1739482288.9292476,36,-64,37
1739482288.9752476,-55,19,-21
1739482289.0212476,-63,55,151
1739482289.0662477,1,-77,26
1739482289.1122477,-40,-51,54
1739482289.1582477,3,9,25
1739482289.2032475,36,-120,-69
1739482289.2492476,-71,-25,-145
1739482289.2952476,55,-60,-9
1739482289.3412476,-32,-79,-137
1739482289.3862476,1,-51,90
1739482289.4322476,-26,-33,17
1739482289.4782476,36,-30,-62
1739482289.5232477,10,-124,-59
1739482289.5692475,-24,-149,-102
1739482289.6152475,0,-53,-77
1739482289.6612475,-84,-65,-78
1739482289.7062476,15,20,-1
1739482289.7522476,54,-40,27
1739482289.7982476,30,38,54
1739482289.8432477,-136,-101,50
1739482289.8892477,-28,-21,-41
1739482289.9352477,-13,-1,33
1739482289.9812477,-34,-21,2
1739482290.0262475,3,1,-77
1739482290.0722475,-6,-8,-168
1739482290.1182475,80,-156,-5
1739482290.1632476,-11,-98,75
1739482290.2092476,54,0,-82
1739482290.2552476,42,64,-83
1739482290.3002477,25,20,32
1739482290.3462474,-55,-25,-81
1739482290.3922474,-90,11,-48
1739482290.4382474,-25,-17,-66
1739482290.4832475,10,0,3
1739482290.5292475,-46,-27,-52
1739482290.5752475,-70,19,-37
1739482290.6202476,-52,11,-23
1739482290.6662476,-22,-9,-129
1739482290.7122476,55,-34,-1
1739482290.7582476,26,94,10
1739482290.8032477,-47,-24,27
1739482290.8492477,-5,-89,-11
1739482290.8952477,-54,-69,-56
1739482290.9402475,-2,-118,-20
1739482290.9862475,78,-142,-24
1739482291.0322475,37,-90,-56
1739482291.0782475,47,-20,-153
1739482291.1232476,22,-90,-25
1739482291.1692476,-18,-60,-73
1739482291.2152476,47,13,-78
1739482291.2602477,41,-4,57
1739482291.3062477,-19,5,91
1739482291.3522477,7,-63,30
1739482291.3982477,-6,-42,-3
1739482291.4432476,-38,-9,-98
1739482291.4892476,-51,-81,-112
1739482291.5352476,52,-148,36
1739482291.5802476,3,96,1
1739482291.6262476,-75,17,32
1739482291.6722476,13,23,54
1739482291.7182477,8,3,-139
1739482291.7632475,-20,-111,-103
1739482291.8092475,34,16,55
1739482291.8552475,-12,-164,-20
1739482291.9002476,-50,75,-124
1739482291.9462476,4,-46,13
1739482291.9922476,-2,-83,-44
1739482292.0382476,34,-63,98
1739482292.0832477,45,-84,-60
1739482292.1292477,39,-89,-90
1739482292.1752477,116,8,-88
1739482292.2202475,0,-56,-81
1739482292.2662475,-53,-79,120
1739482292.3122475,4,-70,-34
1739482292.3582475,-36,-75,56
1739482292.4032476,-51,-107,-163
1739482292.4492476,65,-92,-117
1739482292.4952476,-1,57,20
1739482292.5402474,-45,9,-115
1739482292.5862474,-69,-17,63
1739482292.6322474,-29,-15,46
1739482292.6782477,45,38,22
1739482292.7232475,32,-60,-85
1739482292.7692475,-13,-51,-61
1739482292.8152475,77,-68,34
1739482292.8602476,-35,-16,-1
1739482292.9122477,0,-15,81
1739482292.9582477,23,-170,-6
1739482293.0032475,-12,0,-44
1739482293.0492475,-21,-107,-98
1739482293.0952475,-43,-59,-79
1739482293.1402476,1,-1,20
1739482293.1862476,44,-28,-75
1739482293.2322476,58,-94,4
1739482293.2782476,-14,53,6
1739482293.3232474,-4,-119,-24
1739482293.3692474,37,-46,-44
1739482293.4152474,41,-28,-55
1739482293.4602475,8,74,-4
1739482293.5062475,-6,23,0
1739482293.5522475,-1,-28,-130
1739482293.5982475,26,-62,-53
1739482293.6432476,-97,9,-129
1739482293.6892476,-66,39,-30
1739482293.7352476,43,-65,39
1739482293.7802474,46,74,-71
1739482293.8262477,36,-75,-134
1739482293.8722477,59,-44,0
1739482293.9182477,-21,-57,-101
1739482293.9632475,-61,89,-29
1739482294.0092475,-13,-30,-3
1739482294.0552475,35,-54,-15
1739482294.1002476,25,-12,21
1739482294.1462476,11,-95,120
1739482294.1922476,-16,-98,-173
1739482294.2382476,11,-42,-19
1739482294.2832477,-3,-12,-17
1739482294.3292477,40,-14,-91
1739482294.3752477,-30,-61,34
1739482294.4202476,-78,-25,-71
1739482294.4662476,-9,-48,-53
1739482294.5122476,-45,11,47
1739482294.5582476,-2,-39,14
1739482294.6032476,14,-88,-53
1739482294.6492476,-39,24,16
1739482294.6952477,-72,-7,3
1739482294.7402475,130,-88,-148
1739482294.7862475,88,0,-91
1739482294.8322475,64,-36,-5
1739482294.8782475,26,-30,-41
1739482294.9232476,0,20,-88
1739482294.9692476,-30,-51,-13
1739482295.0152476,-84,25,46
1739482295.0602477,-5,-17,-54
1739482295.1062477,-22,-69,-9
1739482295.1522477,21,24,0
1739482295.1982474,46,-36,14
1739482295.2432475,-10,-39,-42
1739482295.2892475,-24,-88,-13
1739482295.3352475,-48,45,-10
1739482295.3802476,-23,37,40
1739482295.4262476,-61,-89,27
1739482295.4722476,-53,-105,-81
1739482295.5182476,37,-26,19
1739482295.5632474,-63,-9,-15
1739482295.6092474,-89,1,-129
1739482295.6552474,72,22,-74
1739482295.7002475,-7,31,10
1739482295.7462475,8,-85,-3
1739482295.7922475,48,-16,61
1739482295.8382475,-10,-65,-109
1739482295.8832476,-26,-41,-67
1739482295.9292476,4,0,-171
1739482295.9752476,-12,-133,-85
1739482296.0202477,-116,-151,-83
1739482296.0662477,11,42,-90
1739482296.1122477,49,-96,-24
1739482296.1582477,41,26,-180
1739482296.2032475,-18,7,-46
1739482296.2492476,-3,-2,-36
1739482296.2952476,-19,59,-95
1739482296.3402476,83,-34,-186
1739482296.3862476,-4,-129,-74
1739482296.4322476,-26,-57,45
1739482296.4782476,54,-36,28
1739482296.5232477,40,62,-7
1739482296.5692475,-2,75,37
1739482296.6152475,-5,-19,5
1739482296.6602476,31,-62,11
1739482296.7062476,-66,-17,-46
1739482296.7522476,-74,-55,55
1739482296.7982476,-14,63,11
1739482296.8432477,35,-42,-21
1739482296.8892477,-13,-84,-40
1739482296.9352477,-39,-143,-101
1739482296.9802475,-7,-10,-27
1739482297.0262475,95,-132,23
1739482297.0722475,2,-23,-150
1739482297.1182475,9,-49,-44
1739482297.1632476,-16,-79,-22
1739482297.2092476,-33,96,13
1739482297.2552476,29,-2,-50
1739482297.3002477,51,68,97
1739482297.3462474,45,-36,-72
1739482297.3922474,-49,-43,-29
1739482297.4382474,-30,-11,-135
1739482297.4832475,-18,87,-38
1739482297.5292475,-38,27,-54
1739482297.5752475,-12,33,-80
1739482297.6202476,-16,-79,23
1739482297.6662476,32,-190,0
1739482297.7122476,-12,-45,-57
1739482297.7582476,-18,-40,-98
1739482297.8032477,-42,-82,13
1739482297.8492477,47,-49,-13
1739482297.8952477,-34,-25,88
1739482297.9402475,72,-68,-46
1739482297.9862475,-38,21,18
1739482298.0322475,-33,9,36
1739482298.0782475,-14,-49,-54
1739482298.1232476,-19,-3,-126
1739482298.1692476,3,79,-188
1739482298.2152476,27,-2,-78
1739482298.2602477,-116,-99,8
1739482298.3062477,-39,-43,52
1739482298.3522477,25,36,88
1739482298.3982477,39,15,-28
1739482298.4432476,-12,-12,-43
1739482298.4892476,12,-84,-160
1739482298.5352476,-23,-11,-30
1739482298.5802476,16,-36,58
1739482298.6262476,-3,-165,-30
1739482298.6722476,-59,-6,8
1739482298.7182477,-43,-78,87
1739482298.7632475,-21,-82,34
1739482298.8092475,-5,93,-148
1739482298.8552475,34,-23,23
1739482298.9002476,61,-53,-115
1739482298.9462476,46,-31,-71
1739482298.9922476,-37,-2,-19
1739482299.0382476,54,-93,-78
1739482299.0832477,-27,-76,-34
1739482299.1292477,-14,-92,40
1739482299.1752477,-1,-21,-199
1739482299.2202475,25,-73,-25
1739482299.2662475,76,53,-116
1739482299.3122475,9,-86,-49
1739482299.3582475,33,48,-43
1739482299.4032476,-28,-103,-38
1739482299.4492476,30,20,56
1739482299.4952476,-13,-45,-78
1739482299.5402474,73,-16,4
1739482299.5862474,84,-48,-89
1739482299.6322474,24,6,-148
1739482299.6782477,-13,19,-91
1739482299.7232475,-53,17,-54
1739482299.7692475,-2,91,-88
1739482299.8152475,32,-82,-71
1739482299.8602476,-1,-94,-14
1739482299.9062476,-21,-1,-108
1739482299.9522476,-7,-48,-69
1739482299.9982476,-4,30,-59
1739482300.0432477,-5,-26,-199
1739482300.0892477,5,29,-37
1739482300.1352477,-18,71,-10
1739482300.1802475,-32,-77,-127
1739482300.2262475,46,-79,-82
1739482300.2722476,15,-56,-27
1739482300.3182476,-40,-57,5
1739482300.3632476,102,100,-79
1739482300.4092476,20,-26,-19
1739482300.4552476,-32,-31,-90
1739482300.5002477,-21,14,-130
1739482300.5462475,13,-150,-3
1739482300.5922475,-110,-31,-122
1739482300.6382475,0,16,-50
1739482300.6832476,26,-84,-76
1739482300.7292476,-38,55,-32
1739482300.7752476,-79,-23,-83
1739482300.8202477,-19,-83,84
1739482300.8662477,46,-34,-103
1739482300.9122477,-31,-99,28
1739482300.9582477,-91,-79,-148
1739482301.0032475,-47,-41,-60
1739482301.0492475,5,-92,-106
1739482301.0952475,84,52,-106
1739482301.1402476,11,-37,-17
1739482301.1862476,-37,-23,38
1739482301.2322476,18,-79,-128
1739482301.2782476,26,-22,-5
1739482301.3232474,17,-112,37
1739482301.3692474,4,-110,-36
1739482301.4152474,-4,5,6
1739482301.4602475,-15,23,19
1739482301.5062475,84,-84,-86
1739482301.5522475,-127,-67,-118
1739482301.5982475,-37,9,47
1739482301.6432476,21,-62,-52
1739482301.6892476,37,-12,-50
1739482301.7352476,35,-42,21
1739482301.7802474,2,19,-64
1739482301.8262477,38,-30,-110
1739482301.8722477,34,-88,-31
1739482301.9182477,4,-42,0
1739482301.9632475,20,6,-73
1739482302.0092475,-8,-130,8
1739482302.0552475,17,-40,-17
1739482302.1002476,33,-28,56
1739482302.1462476,68,14,-73
1739482302.1922476,-53,-27,15
1739482302.2382476,-30,-48,14
1739482302.2832477,17,-34,-23
1739482302.3292477,-2,-57,-28
1739482302.3752477,73,16,-48
1739482302.4202476,-48,-139,8
1739482302.4662476,-86,-75,-55
1739482302.5122476,-43,-43,-126
1739482302.5582476,74,10,-96
1739482302.6032476,66,78,-44
1739482302.6492476,-9,1,-77
1739482302.6952477,-47,-147,-77
1739482302.7402475,-66,53,40
1739482302.7862475,121,-94,-89
1739482302.8322475,72,-34,-60
1739482302.8782475,-85,-79,-59
1739482302.9292476,26,0,-95
1739482302.9752476,28,-70,-156
1739482303.0202477,-82,-53,-77
1739482303.0662477,46,118,36
1739482303.1122477,62,-10,57
1739482303.1582477,34,-64,27
1739482303.2032475,-28,3,-140
1739482303.2492476,-49,-39,-70
1739482303.2952476,80,-62,-111
1739482303.3402476,-43,67,-71
1739482303.3862476,-21,-83,-97
1739482303.4322476,43,6,-47
1739482303.4782476,9,31,-148
1739482303.5232477,-26,-101,-78
1739482303.5692475,51,62,41
1739482303.6152475,75,-16,-93
1739482303.6602476,3,-145,-23
1739482303.7062476,-11,22,-63
1739482303.7522476,-19,-63,1
1739482303.7982476,3,-105,8
1739482303.8432477,-2,-14,30
1739482303.8892477,-26,-75,-81
1739482303.9352477,-59,-67,43
1739482303.9802475,12,-18,13
1739482304.0262475,20,4,-189
1739482304.0722475,53,-24,-57
1739482304.1182475,26,132,-27
1739482304.1632476,-57,-21,-65
1739482304.2092476,-38,13,-36
1739482304.2552476,60,-58,-90
1739482304.3002477,-25,23,7
1739482304.3462474,14,-17,-206
1739482304.3922474,29,28,-73
1739482304.4382474,30,-160,-72
1739482304.4832475,-28,-5,15
1739482304.5292475,104,-34,-161
1739482304.5752475,52,54,-36
1739482304.6202476,63,62,-169
1739482304.6662476,33,-93,-65
1739482304.7122476,23,-60,40
1739482304.7582476,10,16,-45
1739482304.8032477,72,-112,-40
1739482304.8492477,8,-48,125
1739482304.8952477,23,-64,-79
1739482304.9402475,27,-37,-37
1739482304.9862475,-102,-139,24
1739482305.0322475,17,-24,-232
1739482305.0782475,97,-148,-138
1739482305.1232476,-60,37,-190
1739482305.1692476,-39,-39,-3
1739482305.2152476,31,-88,-15
1739482305.2602477,-57,-41,-72
1739482305.3062477,-19,-50,115
1739482305.3522477,59,30,-8
1739482305.3982477,10,133,-164
1739482305.4432476,25,-72,-60
1739482305.4892476,6,-57,-125
1739482305.5352476,3,-124,-103
1739482305.5802476,-6,22,13
1739482305.6262476,-33,-135,-35
1739482305.6722476,11,-123,-74
1739482305.7182477,-39,35,-62
1739482305.7632475,8,49,-187
1739482305.8092475,70,-96,-38
1739482305.8552475,-5,-45,-44
1739482305.9002476,-17,-85,99
1739482305.9462476,16,42,43
1739482305.9922476,-42,15,-49
1739482306.0382476,24,40,-70
1739482306.0832477,-113,-23,65
1739482306.1292477,-2,-83,41
1739482306.1752477,-30,-63,0
1739482306.2202475,-28,-39,9
1739482306.2662475,28,40,29
1739482306.3122475,19,-74,-89
1739482306.3582475,1,10,-19
1739482306.4032476,0,-7,127
1739482306.4492476,-55,33,-63
1739482306.4952476,-22,-19,-48
1739482306.5402474,-83,-153,-18
1739482306.5862474,5,-1,-151
1739482306.6322474,-36,-154,-188
1739482306.6782477,0,-98,61
1739482306.7232475,20,-21,-77
1739482306.7692475,32,-25,-56
1739482306.8152475,-50,92,-32
1739482306.8602476,45,65,-55
1739482306.9062476,9,43,-1
1739482306.9522476,19,-5,49
1739482306.9982476,1,-4,-164
1739482307.0432477,-6,-151,-46
1739482307.0892477,-6,-54,-59
1739482307.1352477,-55,92,10
1739482307.1802475,60,-107,21
1739482307.2262475,-63,-68,38
1739482307.2722476,2,-101,4
1739482307.3182476,15,5,-44
1739482307.3632476,-1,7,51
1739482307.4092476,-26,-4,-36
1739482307.4552476,32,7,-69
1739482307.5002477,66,-9,18
1739482307.5462475,29,-29,-13
1739482307.5922475,71,15,-182
1739482307.6382475,69,-51,-25
1739482307.6832476,5,-137,51
1739482307.7292476,-31,-38,-42
1739482307.7752476,24,18,-97
1739482307.8202477,-4,25,-16
1739482307.8662477,58,-98,-8
1739482307.9122477,0,-48,-56
1739482307.9582477,20,-64,-22
1739482308.0032475,61,-58,-158
1739482308.0492475,68,-36,58
1739482308.0952475,-44,-47,83
1739482308.1402476,-35,61,-83
1739482308.1862476,60,-124,-76
1739482308.2322476,8,-7,-145
1739482308.2782476,-32,-63,-105
1739482308.3232474,-28,16,-55
1739482308.3692474,81,-172,-71
1739482308.4152474,64,-60,-30
1739482308.4602475,67,75,-18
1739482308.5062475,-16,36,-13
1739482308.5522475,41,27,-68
1739482308.5982475,-32,28,-68
1739482308.6432476,-52,-45,52
1739482308.6892476,-60,37,-7
1739482308.7352476,18,-15,-55
1739482308.7802474,68,-15,24
1739482308.8262477,54,42,-60
1739482308.8722477,-68,-17,-37
1739482308.9182477,4,1,-99
1739482308.9632475,0,-94,-46
1739482309.0092475,36,-20,21
1739482309.0552475,31,-50,-24
1739482309.1002476,47,-84,-20
1739482309.1462476,23,-42,-47
1739482309.1922476,-33,-109,-75
1739482309.2382476,27,22,55
1739482309.2832477,1,67,-156
1739482309.3292477,-40,89,2
1739482309.3742476,-16,1,-19
1739482309.4192476,75,-22,26
1739482309.4652476,95,-4,-127
1739482309.5112476,-29,-25,-26
1739482309.5562477,-14,15,41
1739482309.6022477,-14,9,-52
1739482309.6482477,3,-105,-75
1739482309.6942475,-60,-65,21
1739482309.7392476,45,-14,-58
1739482309.7852476,-26,53,-36
1739482309.8312476,-39,-170,-81
1739482309.8762476,15,-138,-175
1739482309.9222476,65,24,-61
1739482309.9682477,-65,96,23
1739482310.0142477,-30,-78,-57
1739482310.0592475,-20,11,2
1739482310.1052475,-116,-42,-61
1739482310.1512475,53,-63,-46
1739482310.1962476,-10,-8,-87
1739482310.2422476,-25,-110,-56
1739482310.2882476,-98,0,-59
1739482310.3342476,-9,77,-116
1739482310.3792477,-10,-126,8
1739482310.4252477,119,32,-51
1739482310.4712474,-24,89,13
1739482310.5162475,-45,-99,27
1739482310.5622475,-61,30,-99
1739482310.6082475,100,-21,45
1739482310.6542475,-5,-92,37
1739482310.6992476,31,-37,53
1739482310.7452476,20,-2,-35
1739482310.7912476,-60,-109,23
1739482310.8362474,2,-73,16
1739482310.8822474,29,-71,-142
1739482310.9282477,-27,-101,-106
1739482310.9742477,-28,-97,12
1739482311.0192475,-43,-35,-35
1739482311.0652475,-21,-81,21
1739482311.1112475,4,20,-48
1739482311.1562476,-1,-80,42
1739482311.2022476,49,-26,68
1739482311.2482476,0,6,70
1739482311.2942476,-9,-33,24
1739482311.3392477,103,94,98
1739482311.3852477,74,60,-26
1739482311.4312477,-55,13,-47
1739482311.4762475,-47,-32,-128
1739482311.5222476,-3,-90,-52
1739482311.5682476,51,-85,26
1739482311.6142476,0,-38,40
1739482311.6592476,-41,-85,-42
1739482311.7052476,-28,2,18
1739482311.7512476,-62,-84,-91
1739482311.7962475,-55,-58,-54
1739482311.8422475,-2,-56,-118
1739482311.8882475,5,-17,42
1739482311.9342475,-114,-68,39
1739482311.9792476,8,-66,1
1739482312.0252476,22,-3,-71
1739482312.0712476,31,-53,-13
1739482312.1162477,12,3,9
1739482312.1622477,16,-7,34
1739482312.2082477,-68,-11,-23
1739482312.2542477,-28,45,-1
1739482312.2992475,1,-83,-9
1739482312.3452475,-15,12,22
1739482312.3912475,0,-16,-114
1739482312.4362476,6,-79,-6
1739482312.4822476,-43,-5,-63
1739482312.5282476,18,27,44
1739482312.5742476,7,-168,-114
1739482312.6192474,33,-126,-50
1739482312.6652474,31,-24,-52
1739482312.7112474,-26,-113,-64
1739482312.7562475,-17,-21,86
1739482312.8022475,-93,-33,-4
1739482312.8482475,18,-44,0
1739482312.8942475,69,-62,-36
1739482312.9452477,5,46,37
1739482312.9912477,56,-13,-74
1739482313.0362475,-12,-52,80
1739482313.0822475,35,82,-106
1739482313.1282475,-4,39,-131
1739482313.1742475,-13,-91,-109
1739482313.2192476,37,-34,34
1739482313.2652476,33,-124,-1
1739482313.3112476,19,-22,-7
1739482313.3562477,42,-102,55
1739482313.4022477,-41,-173,-42
1739482313.4482474,-74,-73,-87
1739482313.4942474,15,-50,97
1739482313.5392475,-6,-13,-124
1739482313.5852475,-14,-11,26
1739482313.6312475,6,86,-126
1739482313.6782477,-48,-140,-66
1739482313.7232475,-31,-144,56
1739482313.7692475,-8,-8,-86
1739482313.8152475,-43,19,-41
1739482313.8602476,39,-78,-70
1739482313.9062476,-55,-17,-33
1739482313.9522476,28,-72,55
1739482313.9982476,-34,39,-70
1739482314.0432477,-32,-43,-21
1739482314.0892477,-66,23,113
1739482314.1352477,-28,-29,21
1739482314.1802475,-47,-2,126
1739482314.2262475,-26,27,42
1739482314.2722476,-11,0,-76
1739482314.3182476,-6,-104,7
1739482314.3632476,20,-46,-34
1739482314.4092476,-6,-21,4
1739482314.4552476,56,-91,92
1739482314.5002477,-25,-112,-9
1739482314.5462475,-42,-64,-3
1739482314.5922475,-94,-128,-159
1739482314.6382475,-68,-10,-125
1739482314.6832476,42,-35,-70
1739482314.7292476,-24,-128,75
1739482314.7752476,-47,-164,-10
1739482314.8202477,-71,-26,107
1739482314.8662477,128,11,-119
1739482314.9122477,-73,-74,-31
1739482314.9582477,-24,92,1
1739482315.0032475,21,-47,-41
1739482315.0492475,49,-64,-89
1739482315.0952475,0,56,3
1739482315.1402476,11,-2,7
1739482315.1862476,6,-112,-34
1739482315.2322476,-23,1,96
1739482315.2782476,12,-34,5
1739482315.3232474,-50,13,38
1739482315.3692474,16,-10,4
1739482315.4152474,-12,15,-20
1739482315.4602475,-40,3,68
1739482315.5062475,-22,0,11
1739482315.5522475,84,-4,-53
1739482315.5982475,-33,-99,-52
1739482315.6432476,16,-20,-106
1739482315.6892476,-45,-29,-17
1739482315.7352476,13,-32,-28
1739482315.7802474,61,-22,17
1739482315.8262477,-62,11,120
1739482315.8722477,6,-64,-48
1739482315.9182477,63,-6,-119
1739482315.9632475,-17,65,40
1739482316.0092475,-27,1,89
1739482316.0552475,29,42,-22
1739482316.1002476,-2,-70,-12
1739482316.1462476,-24,-74,-67
1739482316.1922476,-5,-3,-132
1739482316.2382476,14,-68,-48
1739482316.2832477,-10,-25,-34
1739482316.3292477,-10,-87,-39
1739482316.3752477,48,-8,-19
1739482316.4202476,9,-51,33
1739482316.4662476,60,48,-126
1739482316.5122476,20,38,-68
1739482316.5582476,57,1,-116
1739482316.6032476,107,-127,-37
1739482316.6492476,-28,-126,-140
1739482316.6952477,73,-91,-65
1739482316.7402475,53,-83,28
1739482316.7862475,-8,-35,-31
1739482316.8322475,-67,-134,-25
1739482316.8782475,-5,-66,84
1739482316.9232476,11,-8,85
1739482316.9692476,-25,-98,29
1739482317.0152476,69,-25,-32
1739482317.0602477,-38,-71,57
1739482317.1062477,49,-74,99
1739482317.1522477,17,72,-81
1739482317.1982474,73,-116,-43
1739482317.2432475,2,-133,-61
1739482317.2892475,-54,-55,-19
1739482317.3352475,-48,-3,-44
1739482317.3802476,-13,0,-86
1739482317.4262476,1,-86,37
1739482317.4722476,34,-18,-89
1739482317.5182476,-3,-45,-35
1739482317.5632474,17,86,-47
1739482317.6092474,51,-22,-93
1739482317.6552474,-57,-49,-45
1739482317.7002475,43,127,-1
1739482317.7462475,-4,-102,-19
1739482317.7922475,-28,-7,-132
1739482317.8382475,-67,19,-41
1739482317.8832476,56,-118,34
1739482317.9292476,72,-58,-25
1739482317.9752476,-62,-55,55
1739482318.0202477,-21,61,-47
1739482318.0662477,-50,-9,-29
1739482318.1122477,-4,-75,-19
1739482318.1582477,49,-30,-9
1739482318.2032475,-35,-91,0
1739482318.2492476,-13,-4,-34
1739482318.2952476,25,39,-24
1739482318.3402476,133,106,39
1739482318.3862476,-80,-65,-83
1739482318.4322476,44,-110,-32
1739482318.4782476,5,-28,-16
1739482318.5232477,16,-92,-84
1739482318.5692475,-26,-129,-34
1739482318.6152475,-45,-7,65
1739482318.6602476,8,-51,-14
1739482318.7062476,37,-96,-71
1739482318.7522476,-46,1,-36
1739482318.7982476,0,-26,66
1739482318.8432477,-60,-96,-76
1739482318.8892477,-8,-236,-74
1739482318.9352477,17,-124,-81
1739482318.9802475,28,52,60
1739482319.0262475,-112,-137,-25
1739482319.0722475,73,-130,29
1739482319.1182475,22,-9,-36
1739482319.1632476,-5,-114,-52
1739482319.2092476,27,12,-64
1739482319.2552476,-6,-85,66
1739482319.3002477,-30,77,-12
1739482319.3462474,-62,-81,-45
1739482319.3922474,65,-26,-184
1739482319.4382474,-63,99,-37
1739482319.4832475,-33,-40,-41
1739482319.5292475,-104,25,78
1739482319.5752475,45,-116,-77
1739482319.6202476,-51,0,-70
1739482319.6662476,-23,-69,-46
1739482319.7122476,2,-46,23
1739482319.7582476,15,174,-55
1739482319.8032477,-35,-67,-44
1739482319.8492477,16,44,72
1739482319.8952477,-48,-25,-148
1739482319.9402475,60,32,56
1739482319.9862475,8,38,-67
1739482320.0322475,-30,-43,-68
1739482320.0782475,18,63,-110
1739482320.1232476,-53,-57,-87
1739482320.1692476,38,20,-34
1739482320.2152476,36,78,-12
1739482320.2602477,-3,-53,98
1739482320.3062477,-23,-17,-7
1739482320.3522477,26,-46,17
1739482320.3982477,-1,20,-23
1739482320.4432476,-43,-39,-48
1739482320.4892476,8,-74,-160
1739482320.5352476,-32,-29,55
1739482320.5802476,47,0,4
1739482320.6262476,-77,66,-60
1739482320.6722476,-54,-48,21
1739482320.7182477,36,-55,-107
1739482320.7632475,53,-141,22
1739482320.8092475,3,-29,-51
1739482320.8552475,-29,-24,-62
1739482320.9002476,-61,-49,-52
1739482320.9462476,77,40,165
1739482320.9922476,0,-56,12
1739482321.0382476,-30,47,104
1739482321.0832477,48,-34,-82
1739482321.1292477,44,16,-88
1739482321.1752477,-1,-76,4
1739482321.2202475,2,-54,-96
1739482321.2662475,51,-87,6
1739482321.3122475,62,-7,2
1739482321.3582475,5,-85,-151
1739482321.4032476,-46,30,112
1739482321.4492476,-34,67,-48
1739482321.4952476,46,130,-38
1739482321.5402474,-24,-149,-54
1739482321.5862474,74,-52,4
1739482321.6322474,38,-44,75
1739482321.6782477,-57,-91,-70
1739482321.7232475,-69,-13,1
1739482321.7692475,57,-24,-7
1739482321.8152475,-18,-149,-59
1739482321.8602476,-21,-125,-131
1739482321.9062476,3,59,-105
1739482321.9522476,-17,53,-12
1739482321.9982476,-13,-161,41
1739482322.0432477,10,-24,-80
1739482322.0892477,-26,-155,-182
1739482322.1352477,3,-48,-54
1739482322.1802475,-17,92,-10
1739482322.2262475,51,-40,-42
1739482322.2722476,-70,-39,-99
1739482322.3172476,-16,-103,-7
1739482322.3632476,13,-37,4
1739482322.4092476,-8,4,7
1739482322.4552476,-41,54,-117
1739482322.5002477,4,7,17
1739482322.5462475,-100,72,-19
1739482322.5922475,-43,-23,10
1739482322.6372476,17,72,12
1739482322.6832476,1,100,-118
1739482322.7292476,-47,-27,-146
1739482322.7752476,29,-19,-78
1739482322.8202477,-46,-78,157
1739482322.8662477,34,-89,-38
1739482322.9122477,-44,-26,-67
1739482322.9632475,0,0,29
1739482323.0092475,108,-89,19
1739482323.0552475,-2,-70,26
1739482323.1002476,-38,98,-29
1739482323.1462476,-70,48,-51
1739482323.1922476,45,-30,-4
1739482323.2372477,-9,-46,4
1739482323.2832477,82,-32,-25
1739482323.3292477,-20,73,17
1739482323.3752477,0,-48,-84
1739482323.4202476,-19,49,-69
1739482323.4662476,2,-52,-4
1739482323.5122476,-29,-51,-125
1739482323.5572476,9,-30,-138
1739482323.6032476,-6,-73,51
1739482323.6492476,-33,-15,-82
1739482323.6952477,11,-93,36
1739482323.7402475,-37,-81,-120
1739482323.7862475,-39,-13,76
1739482323.8322475,38,-24,18
1739482323.8772476,19,28,6
1739482323.9232476,18,-32,49
1739482323.9692476,92,56,-22
1739482324.0152476,-40,-35,24
1739482324.0602477,95,-50,-26
1739482324.1062477,-8,49,-51
1739482324.1522477,-21,-41,-104
1739482324.1972475,-24,-35,-33
1739482324.2432475,6,-47,-22
1739482324.2892475,35,-100,-18
1739482324.3352475,73,-65,14
1739482324.3802476,0,-10,-94
1739482324.4262476,-132,36,21
1739482324.4722476,21,73,-103
1739482324.5172474,36,-11,-104
1739482324.5632474,-20,-132,-13
1739482324.6092474,-36,-78,69
1739482324.6552474,5,16,-20
1739482324.7002475,0,-158,17
1739482324.7462475,40,41,-86
1739482324.7922475,-43,-86,-10
1739482324.8372476,7,-61,10
1739482324.8832476,15,-3,29
1739482324.9292476,27,62,-75
1739482324.9752476,-21,-94,-113
1739482325.0202477,-79,-90,-104
1739482325.0662477,-69,-1,-40
1739482325.1122477,10,-62,28
1739482325.1572475,58,-88,-15
1739482325.2032475,-69,-73,-72
1739482325.2492476,3,73,-134
1739482325.2952476,62,-60,-51
1739482325.3392477,17,28,-1
1739482325.3852477,19,-216,-56
1739482325.4312477,17,-49,38
1739482325.4762475,-21,30,-90
1739482325.5222476,-70,26,-28
1739482325.5682476,-17,-44,-73
1739482325.6132476,-24,-4,-16
1739482325.6592476,21,-37,-31
1739482325.7052476,-37,-98,-26
1739482325.7512476,72,-147,0
1739482325.7962475,16,-112,-154
1739482325.8422475,15,-87,-116
1739482325.8882475,42,-19,-153
1739482325.9332476,-14,15,-30
1739482325.9792476,-14,-22,61
1739482326.0252476,30,11,-121
1739482326.0712476,121,-163,-9
1739482326.1162477,4,-61,-44
1739482326.1622477,-22,-66,49
1739482326.2082477,-17,6,-20
1739482326.2532475,51,-1,-90
1739482326.2992475,72,-81,-73
1739482326.3452475,38,-69,-37
1739482326.3912475,51,20,-15
1739482326.4362476,-11,53,-6
1739482326.4822476,-16,-68,59
1739482326.5282476,25,-3,-64
1739482326.5732474,-11,-45,9
1739482326.6192474,-19,-130,-57
1739482326.6652474,0,12,-29
1739482326.7112474,-52,-24,96
1739482326.7562475,32,-97,3
1739482326.8022475,-11,48,-50
1739482326.8482475,51,-25,48
1739482326.8932476,-30,22,-10
1739482326.9392476,-7,-142,-12
1739482326.9852476,28,-129,-12
1739482327.0312476,-89,42,-70
1739482327.0762477,-9,-38,-5
1739482327.1222477,-20,-64,-102
1739482327.1682477,-23,-68,-92
1739482327.2132475,-8,0,27
1739482327.2592475,-28,-108,38
1739482327.3052475,26,29,38
1739482327.3512475,12,-75,14
1739482327.3962476,48,-20,13
1739482327.4422476,41,59,0
1739482327.4882476,-46,-6,0
1739482327.5332477,-23,-2,-94
1739482327.5792477,-43,-2,77
1739482327.6252477,-62,-80,-52
1739482327.6712475,-35,-12,18
1739482327.7162476,-20,24,-16
1739482327.7622476,-18,60,-34
1739482327.8082476,34,21,21
1739482327.8532476,-24,-90,-198
1739482327.8992476,-5,-120,-45
1739482327.9452477,38,-116,11
1739482327.9912477,-13,0,-55
1739482328.0362475,-48,29,-97
1739482328.0822475,-32,-89,28
1739482328.1282475,101,-22,-14
1739482328.1732476,-24,-67,88
1739482328.2192476,32,30,-9
1739482328.2652476,-60,37,-48
1739482328.3112476,37,-2,-118
1739482328.3562477,-28,-9,50
1739482328.4022477,8,-30,-98
1739482328.4482474,57,21,15
1739482328.4932475,54,-149,-42
1739482328.5392475,-45,74,61
1739482328.5852475,32,11,2
1739482328.6312475,-37,-48,31
1739482328.6762476,-18,-43,-53
1739482328.7222476,5,-117,-9
1739482328.7682476,0,-5,-66
1739482328.8132474,2,-27,-12
1739482328.8592474,24,-33,39
1739482328.9052474,-21,-102,-70
1739482328.9512477,1,-43,-66
1739482328.9962475,-35,50,22
1739482329.0422475,68,-51,-6
1739482329.0882475,-42,19,-25
1739482329.1332476,80,-98,-134
1739482329.1792476,-74,59,-125
1739482329.2252476,75,25,-94
1739482329.2712476,-56,-36,-139
1739482329.3162477,28,-78,24
1739482329.3622477,16,-76,-193
1739482329.4082477,-7,-123,-47
1739482329.4532475,23,-22,42
1739482329.4992476,-19,-5,-85
1739482329.5452476,37,30,59
1739482329.5912476,14,6,-97
1739482329.6362476,-85,-57,74
1739482329.6822476,28,58,-13
1739482329.7282476,-34,-96,6
1739482329.7732477,49,-75,-39
1739482329.8192475,-108,62,59
1739482329.8652475,-40,0,-128
1739482329.9112475,-7,-121,7
1739482329.9562476,37,-70,-28
1739482330.0022476,27,-27,36
1739482330.0482476,-68,18,-106
1739482330.0932477,-9,-8,-63
1739482330.1392477,8,-74,-109
1739482330.1852477,12,25,-51
1739482330.2312477,26,-5,12
1739482330.2762475,6,-60,22
1739482330.3222475,32,13,72
1739482330.3682475,86,45,25
1739482330.4132476,57,-159,11
1739482330.4592476,7,-52,-76
1739482330.5052476,48,93,2
1739482330.5512476,-12,58,32
1739482330.5962474,57,-95,42
1739482330.6422474,11,-60,41
1739482330.6882474,14,-64,-156
1739482330.7332475,-46,-37,57
1739482330.7792475,-6,-77,82
1739482330.8252475,23,-88,-30
1739482330.8712475,24,-80,-87
1739482330.9162476,39,27,-125
1739482330.9622476,-42,-9,-24
1739482331.0082476,-45,-48,-65
1739482331.0532477,72,-19,-61
1739482331.0992477,-2,-8,-7
1739482331.1452477,-20,-36,49
1739482331.1912477,-14,-33,-3
1739482331.2362475,-59,-32,-35
1739482331.2822475,-56,-104,0
1739482331.3282475,-34,-70,-82
1739482331.3732476,-20,-32,-95
1739482331.4192476,-59,-90,-37
1739482331.4652476,8,-12,-31
1739482331.5112476,2,19,-20
1739482331.5562477,19,-85,65
1739482331.6022477,-36,-62,42
1739482331.6482477,-41,0,-30
1739482331.6932476,32,59,-10
1739482331.7392476,-4,-114,-36
1739482331.7852476,27,-13,-30
1739482331.8312476,-9,38,-68
1739482331.8762476,107,-25,40
1739482331.9222476,-89,8,26
1739482331.9682477,-64,18,49
1739482332.0132475,71,51,21
1739482332.0592475,2,-81,-51
1739482332.1052475,-28,20,-166
1739482332.1512475,-30,-38,-26
1739482332.1962476,30,85,-32
1739482332.2422476,-15,-50,-22
1739482332.2882476,13,-23,-72
1739482332.3332477,50,61,-40
1739482332.3792477,-11,-80,-6
1739482332.4252477,1,-22,88
1739482332.4712474,-15,-74,-65
1739482332.5162475,11,-35,-27
1739482332.5622475,26,-121,59
1739482332.6082475,2,-14,18
1739482332.6532476,60,37,-14
1739482332.6992476,-10,-86,27
1739482332.7452476,39,-75,24
1739482332.7912476,-25,2,0
1739482332.8362474,94,-25,31
1739482332.8822474,52,-155,32
1739482332.9332476,-18,30,110
1739482332.9792476,46,17,19
1739482333.0252476,6,12,52
1739482333.0712476,-81,-64,-44
1739482333.1162477,14,-24,-54
1739482333.1622477,-32,92,-30
1739482333.2082477,31,-89,-78
1739482333.2532475,28,-23,-69
1739482333.2992475,33,-12,0
1739482333.3452475,63,-47,-179
1739482333.3912475,51,-43,44
1739482333.4362476,-7,-16,22
1739482333.4822476,13,71,-18
1739482333.5282476,56,-51,143
1739482333.5732474,38,9,15
1739482333.6192474,-84,-102,-32
1739482333.6652474,-43,-76,8
1739482333.7112474,-36,-118,-77
1739482333.7562475,17,-101,-28
1739482333.8022475,75,19,-28
1739482333.8482475,-8,28,-65
1739482333.8932476,0,20,4
1739482333.9392476,-21,-42,-63
1739482333.9852476,25,-33,-179
1739482334.0312476,-41,-196,13
1739482334.0762477,27,11,-183
1739482334.1222477,46,53,4
1739482334.1682477,-48,-110,-59
1739482334.2132475,26,-79,-16
1739482334.2592475,-39,-28,-43
1739482334.3052475,-68,-16,-51
1739482334.3512475,23,-75,25
1739482334.3962476,-86,92,-88
1739482334.4422476,48,5,14
1739482334.4882476,-48,-22,-87
1739482334.5332477,40,49,0
1739482334.5792477,1,-95,-80
1739482334.6252477,39,-1,-53
1739482334.6712475,-24,-42,-32
1739482334.7162476,54,-123,-62
1739482334.7622476,1,-25,-34
1739482334.8082476,17,-95,53
1739482334.8532476,98,11,-19
1739482334.8992476,-48,-140,33
1739482334.9452477,47,47,-1
1739482334.9912477,-9,-25,-102
1739482335.0362475,-31,4,-40
1739482335.0822475,66,-61,-140
1739482335.1282475,36,5,-66
1739482335.1732476,-17,21,-53
1739482335.2192476,-57,-72,-64
1739482335.2652476,21,-3,-42
1739482335.3112476,-26,-52,93
1739482335.3562477,6,-13,-52
1739482335.4022477,23,-97,-86
1739482335.4482474,-1,-81,-52
1739482335.4932475,-9,-36,49
1739482335.5392475,-26,-62,-46
1739482335.5852475,-30,-124,-58
1739482335.6312475,-41,-114,77
1739482335.6762476,-18,-66,-22
1739482335.7222476,-68,14,114
1739482335.7682476,-11,82,-76
1739482335.8132474,-100,-56,-79
1739482335.8592474,-32,-94,-52
1739482335.9052474,-41,-264,133
1739482335.9512477,109,61,22
1739482335.9962475,22,-61,25
1739482336.0422475,58,-31,3
1739482336.0882475,-27,-106,-44
1739482336.1332476,-41,-154,-37
1739482336.1792476,72,65,0
1739482336.2252476,37,-31,-63
1739482336.2712476,20,-116,-35
1739482336.3162477,23,-43,-22
1739482336.3622477,31,8,-147
1739482336.4082477,-3,-75,41
1739482336.4532475,21,17,-29
1739482336.4992476,4,-92,-21
1739482336.5452476,7,17,-56
1739482336.5912476,57,-1,55
1739482336.6362476,75,-29,50
1739482336.6822476,77,-81,-29
1739482336.7282476,-32,-37,37
1739482336.7732477,-2,-37,-109
1739482336.8192475,-31,-50,-52
1739482336.8652475,11,166,-58
1739482336.9112475,5,106,-13
1739482336.9562476,4,-83,-95
1739482337.0022476,-4,-65,-14
1739482337.0482476,29,0,-25
1739482337.0932477,9,43,-90
1739482337.1392477,83,-53,-58
1739482337.1852477,-32,-148,-68
1739482337.2312477,-8,40,-99
1739482337.2762475,53,5,105
1739482337.3222475,15,63,-4
1739482337.3682475,-8,-6,-33
1739482337.4132476,-19,-56,-42
1739482337.4592476,19,0,-153
1739482337.5052476,-4,128,-112
1739482337.5512476,61,27,-50
1739482337.5962474,-35,-54,-56
1739482337.6422474,19,87,45
1739482337.6882474,22,-68,6
1739482337.7332475,0,-117,-99
1739482337.7792475,22,1,-97
1739482337.8252475,-3,-52,-80
1739482337.8712475,135,67,95
1739482337.9162476,66,-39,-87
1739482337.9622476,26,11,-46
1739482338.0082476,-96,-24,-77
1739482338.0532477,-56,-90,-13
1739482338.0992477,-43,42,41
1739482338.1452477,46,17,-61
1739482338.1912477,1,-28,-1
1739482338.2362475,-47,-138,-64
1739482338.2822475,-17,-74,-14
1739482338.3282475,-25,-38,37
1739482338.3732476,49,-51,-18
1739482338.4192476,2,72,-74
1739482338.4652476,-9,168,50
1739482338.5112476,-19,-27,14
1739482338.5562477,-20,-56,-122
1739482338.6022477,59,-73,-49
1739482338.6482477,-49,-56,120
1739482338.6932476,-54,-34,-65
1739482338.7392476,-56,-68,-89
1739482338.7852476,61,-93,-107
1739482338.8312476,5,-4,-46
1739482338.8762476,-36,20,-56
1739482338.9222476,9,-19,59
1739482338.9682477,52,-85,-41
1739482339.0132475,14,-63,-39
1739482339.0592475,-43,-24,-59
1739482339.1052475,-29,-26,-106
1739482339.1512475,21,-46,-106
1739482339.1962476,-32,8,-54
1739482339.2422476,-20,-9,1
1739482339.2882476,-24,-6,-15
1739482339.3332477,-16,-78,-34
1739482339.3792477,-11,22,143
1739482339.4252477,29,-95,64
1739482339.4712474,104,111,-7
1739482339.5162475,26,-39,-8
1739482339.5622475,20,0,-23
1739482339.6082475,-14,6,-53
1739482339.6532476,-3,10,109
1739482339.6992476,-66,-18,10
1739482339.7452476,-67,74,31
1739482339.7912476,95,-119,-40
1739482339.8362474,58,-17,16
1739482339.8822474,-62,28,-56
1739482339.9282477,31,5,5
1739482339.9732475,-28,-84,-22
1739482340.0192475,7,-13,80
1739482340.0652475,30,-53,-23
1739482340.1112475,22,-161,-76
1739482340.1562476,-59,-14,-34
1739482340.2022476,-28,-48,24
1739482340.2482476,42,-113,-39
1739482340.2932477,27,-19,-37
1739482340.3392477,-6,-12,-79
1739482340.3852477,-21,-12,-162
1739482340.4312477,17,-35,-38
1739482340.4762475,-24,-126,-60
1739482340.5222476,-81,-78,31
1739482340.5682476,-50,-16,-33
1739482340.6132476,-84,36,-18
1739482340.6592476,-7,-100,23
1739482340.7052476,-18,68,-18
1739482340.7512476,11,-53,-94
1739482340.7962475,19,31,29
1739482340.8422475,48,-73,-55
1739482340.8882475,-94,0,17
1739482340.9332476,30,-21,-47
1739482340.9792476,-46,-58,21
1739482341.0252476,-38,-78,-62
1739482341.0712476,0,15,0
1739482341.1162477,-65,24,-24
1739482341.1622477,-44,-40,-1
1739482341.2082477,-58,-80,-89
1739482341.2532475,-1,-69,7
1739482341.2992475,38,-59,-109
1739482341.3452475,-27,-12,-69
1739482341.3912475,-29,44,1
1739482341.4362476,42,-103,-85
1739482341.4822476,36,73,-11
1739482341.5282476,-51,132,-38
1739482341.5732474,-127,-60,39
1739482341.6192474,23,57,42
1739482341.6652474,-94,38,-68
1739482341.7112474,-29,-26,-58
1739482341.7562475,1,-30,7
1739482341.8022475,57,-133,-51
1739482341.8482475,-17,72,-2
1739482341.8932476,9,-33,8
1739482341.9392476,-5,-58,-25
1739482341.9852476,51,21,-19
1739482342.0312476,-6,63,-116
1739482342.0762477,39,-193,41
1739482342.1222477,-92,-38,-38
1739482342.1682477,-40,18,-67
1739482342.2132475,-7,-65,65
1739482342.2592475,-57,-36,-1
1739482342.3052475,-20,-84,-92
1739482342.3512475,-20,-48,-127
1739482342.3962476,24,-47,-116
1739482342.4422476,-63,-54,15
1739482342.4882476,6,33,-13
1739482342.5332477,21,-47,-19
1739482342.5792477,-36,44,-85
1739482342.6252477,15,-65,-2
1739482342.6712475,-11,-2,-133
1739482342.7162476,-5,-27,-54
1739482342.7622476,-23,-66,-164
1739482342.8082476,36,-87,-110
1739482342.8532476,-21,-10,39
1739482342.8992476,27,45,24
1739482342.9512477,55,-105,-23
1739482342.9962475,30,-41,56
1739482343.0422475,21,-59,-75
1739482343.0882475,14,-99,-36
1739482343.1332476,45,-217,47
1739482343.1792476,85,-49,-40
1739482343.2252476,50,-187,115
1739482343.2712476,43,-25,28
1739482343.3162477,2,-50,-37
1739482343.3622477,-21,-70,133
1739482343.4082477,31,-37,40
1739482343.4532475,76,-69,-15
1739482343.4992476,-26,-120,-133
1739482343.5452476,-111,-56,-69
1739482343.5912476,-59,-6,-12
1739482343.6362476,9,54,-18
1739482343.6822476,0,-14,-26
1739482343.7282476,-10,0,4
1739482343.7732477,-57,-16,-26
1739482343.8192475,91,-25,-48
1739482343.8652475,51,77,-46
1739482343.9112475,34,33,0
1739482343.9562476,-117,88,-42
1739482344.0022476,-76,6,-71
1739482344.0482476,1,-119,110
1739482344.0932477,-52,-118,-13
1739482344.1392477,-37,-42,-11
1739482344.1852477,-65,-60,103
1739482344.2312477,-10,-27,-97
1739482344.2762475,-18,71,63
1739482344.3222475,-45,-156,48
1739482344.3682475,7,-17,-90
1739482344.4132476,-45,-94,-9
1739482344.4592476,31,-31,-42
1739482344.5052476,-28,6,78
1739482344.5512476,-20,-42,90
1739482344.5962474,13,89,-73
1739482344.6422474,-37,-80,0
1739482344.6882474,-26,66,-114
1739482344.7332475,7,-23,-41
1739482344.7792475,13,123,-124
1739482344.8252475,-9,30,-69
1739482344.8712475,35,-39,-102
1739482344.9162476,-36,56,-40
1739482344.9622476,2,-87,37
1739482345.0082476,32,87,-6
1739482345.0532477,14,-75,2
1739482345.0992477,-55,-10,7
1739482345.1452477,-11,90,38
1739482345.1912477,61,35,-76
1739482345.2362475,-43,-46,-101
1739482345.2822475,2,-170,-54
1739482345.3282475,15,23,-38
1739482345.3732476,93,17,17
1739482345.4192476,-24,32,-23
1739482345.4652476,2,-25,8
1739482345.5112476,60,59,-115
1739482345.5562477,-30,-24,-26
1739482345.6022477,-45,-132,-110
1739482345.6482477,41,-95,-103
1739482345.6932476,-1,-72,-50
1739482345.7392476,18,-3,-29
1739482345.7852476,-38,-72,35
1739482345.8312476,19,-179,-33
1739482345.8762476,-40,10,35
1739482345.9222476,-90,-88,0
1739482345.9682477,-63,30,7
1739482346.0132475,10,143,12
1739482346.0592475,-21,-129,-53
1739482346.1052475,25,64,-131
1739482346.1512475,18,-26,-1
1739482346.1962476,-29,-3,-31
1739482346.2422476,91,-46,6
1739482346.2882476,-30,-39,-65
1739482346.3332477,-64,107,43
1739482346.3792477,-50,-171,-119
1739482346.4252477,-16,-37,-51
1739482346.4712474,-33,7,112
1739482346.5162475,0,8,71
1739482346.5622475,-14,-73,-69
1739482346.6082475,-4,11,18
1739482346.6532476,22,24,-11
1739482346.6992476,-21,-117,-51
1739482346.7452476,18,52,12
1739482346.7912476,-2,-85,56
1739482346.8362474,1,-141,-75
1739482346.8822474,-76,-95,-36
1739482346.9282477,-54,79,50
1739482346.9732475,-43,67,-111
1739482347.0192475,0,-41,-110
1739482347.0652475,-70,-101,-122
1739482347.1112475,66,-18,-68
1739482347.1562476,-40,17,34
1739482347.2022476,-45,-81,76
1739482347.2482476,26,-20,79
1739482347.2932477,65,-36,-50
1739482347.3392477,-44,57,-81
1739482347.3852477,26,100,76
1739482347.4312477,-24,-133,-10
1739482347.4762475,-46,9,33
1739482347.5222476,-6,-80,41
1739482347.5682476,30,42,-120
1739482347.6132476,-72,15,-77
1739482347.6592476,-46,-249,-19
1739482347.7052476,-19,-41,138
1739482347.7512476,-18,-75,-64
1739482347.7962475,-22,-87,-27
1739482347.8422475,-32,-49,-62
1739482347.8882475,4,8,-115
1739482347.9332476,-48,-65,2
1739482347.9792476,10,-66,-111
1739482348.0252476,2,-41,-90
1739482348.0712476,14,-62,-25
1739482348.1162477,-26,-31,-8
1739482348.1622477,-6,-21,-45
1739482348.2082477,44,18,-55
1739482348.2532475,-112,37,18
1739482348.2992475,-17,-6,-52
1739482348.3452475,-14,-21,-43
1739482348.3912475,33,-160,-45
1739482348.4362476,-11,23,-78
1739482348.4822476,-77,-85,-62
1739482348.5282476,-40,97,-25
1739482348.5732474,-23,-3,-95
1739482348.6192474,19,4,-75
1739482348.6652474,-31,5,28
1739482348.7112474,-15,-53,8
1739482348.7562475,-7,-23,-78
1739482348.8022475,25,-42,-59
1739482348.8482475,-13,-47,-40
1739482348.8932476,-50,-39,-75
1739482348.9392476,-30,-81,-72
1739482348.9852476,14,60,25
1739482349.0312476,-5,93,-30
1739482349.0762477,38,-88,-45
1739482349.1222477,-33,-141,95
1739482349.1682477,-48,13,28
1739482349.2132475,17,-200,56
1739482349.2592475,64,36,-48
1739482349.3052475,-27,-75,61
1739482349.3512475,-1,-65,-113
1739482349.3962476,-2,-78,-128
1739482349.4422476,-75,-23,94
1739482349.4882476,67,-28,-123
1739482349.5332477,0,-72,-6
1739482349.5792477,-4,2,-40
1739482349.6252477,50,2,-52
1739482349.6712475,-69,-1,-106
1739482349.7162476,91,-94,-73
1739482349.7622476,-9,-103,110
1739482349.8082476,18,-102,13
1739482349.8532476,-39,83,-133
1739482349.8992476,-68,-157,-49
1739482349.9452477,8,62,-33
1739482349.9912477,45,-6,-23
1739482350.0362475,-48,39,35
1739482350.0822475,32,0,3
1739482350.1282475,10,-110,-90
1739482350.1732476,27,-60,85
1739482350.2192476,41,-112,-2
1739482350.2652476,15,-46,-136
1739482350.3112476,55,-24,-14
1739482350.3562477,-29,127,54
1739482350.4022477,-13,63,105
1739482350.4482474,-23,-22,32
1739482350.4932475,0,-60,-70
1739482350.5392475,-13,19,61
1739482350.5852475,76,-98,22
1739482350.6312475,31,-20,-114
1739482350.6762476,-68,-93,-40
1739482350.7222476,0,-54,-68
1739482350.7682476,-8,-61,-94
1739482350.8132474,0,46,-25
1739482350.8592474,68,-26,-8
1739482350.9052474,-22,-69,-70
1739482350.9492476,36,-140,-87
1739482350.9952476,-3,55,-25
1739482351.0412476,13,76,32
1739482351.0872476,-40,21,-103
1739482351.1322474,-11,11,-23
1739482351.1782477,-44,-31,-24
1739482351.2242477,17,-86,-55
1739482351.2692475,-5,61,-27
1739482351.3152475,-3,82,71
1739482351.3612475,-18,-25,-36
1739482351.4072475,10,-14,15
1739482351.4522476,-23,-121,-26
1739482351.4982476,-47,-81,-67
1739482351.5442476,-33,-79,42
1739482351.5892477,-21,7,-35
1739482351.6352477,25,-48,-18
1739482351.6812477,-62,-51,8
1739482351.7272477,112,-40,-10
1739482351.7722476,-28,-42,-4
1739482351.8182476,-89,61,33
1739482351.8642476,14,-18,86
1739482351.9092476,39,-70,-128
1739482351.9552476,27,-132,29
1739482352.0012476,42,-4,-119
1739482352.0472476,-57,69,18
1739482352.0922475,-4,12,-64
1739482352.1382475,-31,29,-58
1739482352.1842475,-19,-41,-21
1739482352.2292476,-6,5,-12
1739482352.2752476,-44,59,12
1739482352.3212476,35,-90,65
1739482352.3672476,-15,-125,-183
1739482352.4122477,106,-102,-1
1739482352.4582477,-47,123,-71
1739482352.5042477,-13,-17,-117
1739482352.5492475,34,56,-20
1739482352.5952475,45,0,20
1739482352.6412475,-21,-169,-57
1739482352.6872475,70,14,44
1739482352.7322476,-39,-3,17
1739482352.7782476,-65,-61,2
1739482352.8242476,-6,103,91
1739482352.8692474,61,6,-13
1739482352.9152474,-98,-41,-93
1739482352.9672475,-20,-135,-6
1739482353.0122476,9,34,-85
1739482353.0582476,70,-136,85
1739482353.1042476,-36,3,-49
1739482353.1492476,-5,-112,-29
1739482353.1962476,-3,22,67
1739482353.2422476,8,-10,-105
1739482353.2882476,35,-130,-125
1739482353.3332477,6,-12,-19
1739482353.3792477,-14,-35,-27
1739482353.4252477,-80,63,-86
1739482353.4712474,12,-38,94
1739482353.5162475,-50,-25,8
1739482353.5622475,-10,-76,34
1739482353.6082475,-107,-101,0
1739482353.6532476,5,-29,155
1739482353.6992476,-16,33,37
1739482353.7452476,0,-96,-62
1739482353.7912476,-67,-115,-41
1739482353.8362474,9,0,7
1739482353.8822474,-27,-7,-72
1739482353.9282477,-14,53,-87
1739482353.9732475,-37,-21,-105
1739482354.0192475,16,-43,-74
1739482354.0652475,33,-120,-49
1739482354.1112475,51,38,-94
1739482354.1562476,84,24,-94
1739482354.2022476,45,-72,-60
1739482354.2482476,4,-178,-66
1739482354.2932477,42,-56,-27
1739482354.3392477,-28,-107,60
1739482354.3852477,44,-52,-54
1739482354.4302475,16,-146,-64
1739482354.4762475,-61,5,-38
1739482354.5222476,14,-4,4
1739482354.5682476,6,139,-47
1739482354.6132476,96,-94,0
1739482354.6592476,37,-14,6
1739482354.7052476,-40,-19,25
1739482354.7502477,-12,-65,-109
1739482354.7962475,25,-40,-43
1739482354.8422475,54,-2,-53
1739482354.8882475,-16,-41,131
1739482354.9332476,37,-78,42
1739482354.9792476,52,56,-33
1739482355.0252476,32,-116,-17
1739482355.0702477,-24,-67,10
1739482355.1162477,-1,-102,-149
1739482355.1622477,-12,-33,-43
1739482355.2082477,57,0,45
1739482355.2532475,-15,9,-118
1739482355.2992475,20,12,-35
1739482355.3452475,-67,-71,84
1739482355.3902476,-17,37,30
1739482355.4362476,26,-62,-144
1739482355.4822476,44,-60,47
1739482355.5282476,18,-104,-100
1739482355.5732474,26,-110,36
1739482355.6192474,-52,-5,38
1739482355.6652474,-36,-35,-85
1739482355.7102475,-34,-45,-64
1739482355.7562475,-37,-37,-28
1739482355.8022475,0,-171,-9
1739482355.8482475,-3,-17,-95
1739482355.8932476,59,-22,43
1739482355.9392476,-83,-1,7
1739482355.9852476,33,-24,12
1739482356.0302474,18,34,79
1739482356.0762477,-24,107,-99
1739482356.1222477,19,-54,16
1739482356.1682477,-37,59,-16
1739482356.2132475,-5,27,142
1739482356.2592475,9,126,-12
1739482356.3052475,-51,-75,-52
1739482356.3502476,-23,-15,-34
1739482356.3962476,-19,-103,-6
1739482356.4422476,-51,23,-56
1739482356.4882476,-104,-47,-98
1739482356.5332477,-42,-85,-1
1739482356.5792477,-38,7,-82
1739482356.6252477,-49,17,-78
1739482356.6702476,-35,61,51
1739482356.7162476,24,6,0
1739482356.7622476,31,-34,2
1739482356.8082476,29,40,104
1739482356.8532476,33,2,-7
1739482356.8992476,67,24,-31
1739482356.9452477,0,73,-17
1739482356.9902475,-7,-31,-97
1739482357.0362475,0,-144,-3
1739482357.0822475,66,38,8
1739482357.1282475,-43,63,-92
1739482357.1732476,-1,-12,-37
1739482357.2192476,70,80,-27
1739482357.2652476,53,4,-8
1739482357.3102477,54,-16,16
1739482357.3562477,66,54,-31
1739482357.4022477,43,18,-75
1739482357.4482474,21,-92,-91
1739482357.4932475,8,-20,-45
1739482357.5392475,-59,-23,-50
1739482357.5852475,-36,51,-24
1739482357.6302476,59,36,-66
1739482357.6762476,113,-88,-60
1739482357.7222476,-42,19,-104
1739482357.7682476,-124,5,-94
1739482357.8132474,21,-90,27
1739482357.8592474,-49,-149,-64
1739482357.9052474,29,-20,25
1739482357.9502475,-20,39,0
1739482357.9962475,-38,-67,-118
1739482358.0422475,-28,29,11
1739482358.0882475,42,-66,-6
1739482358.1332476,4,-20,-115
1739482358.1792476,-49,49,-115
1739482358.2252476,70,146,-23
1739482358.2702477,83,-82,-32
1739482358.3162477,4,86,-93
1739482358.3622477,-25,39,-95
1739482358.4082477,-95,77,-69
1739482358.4532475,-46,-11,-18
1739482358.4992476,65,68,-3
1739482358.5452476,-55,-67,-84
1739482358.5902476,78,-44,-43
1739482358.6362476,31,-82,-90
1739482358.6822476,3,56,-100
1739482358.7282476,15,-108,-5
1739482358.7732477,-16,-195,-113
1739482358.8192475,-118,31,35
1739482358.8652475,9,10,11
1739482358.9102476,-17,-29,-56
1739482358.9562476,-3,70,69
1739482359.0022476,-33,23,2
1739482359.0482476,-44,-9,-68
1739482359.0932477,38,-98,-46
1739482359.1392477,-4,13,-14
1739482359.1852477,-75,-59,-49
1739482359.2302475,8,46,33
1739482359.2762475,2,-100,-61
1739482359.3222475,-19,17,110
1739482359.3682475,-26,-31,-30
1739482359.4132476,3,63,31
1739482359.4592476,33,10,-13
1739482359.5052476,-145,-229,-62
1739482359.5502477,43,-20,1
1739482359.5962474,37,-36,-66
1739482359.6422474,0,-109,-16
1739482359.6882474,6,90,-54
1739482359.7332475,-22,-11,-94
1739482359.7792475,-42,87,-2
1739482359.8252475,10,26,-41
1739482359.8702476,-28,17,-27
1739482359.9162476,67,-8,-11
1739482359.9622476,36,-24,31
1739482360.0082476,-19,49,-19
1739482360.0532477,-95,-41,5
1739482360.0992477,23,-60,7
1739482360.1452477,1,-84,-70
1739482360.1902475,0,-86,55
1739482360.2362475,41,-16,-41
1739482360.2822475,-56,-1,-53
1739482360.3282475,53,64,-43
1739482360.3732476,-17,-69,-33
1739482360.4192476,53,-76,-65
1739482360.4652476,19,-52,-65
1739482360.5102477,10,-68,-8
1739482360.5562477,36,14,-13
1739482360.6022477,-23,-45,-80
1739482360.6482477,61,84,21
1739482360.6932476,-37,-125,-9
1739482360.7392476,-28,3,55
1739482360.7852476,62,-24,-1
1739482360.8302476,-2,-44,16
1739482360.8762476,45,18,13
1739482360.9222476,-39,21,48
1739482360.9682477,85,-14,30
1739482361.0132475,-6,-123,-27
1739482361.0592475,28,34,75
1739482361.1052475,28,-28,-61
1739482361.1502476,-6,73,6
1739482361.1962476,15,116,-85
1739482361.2422476,-42,-105,28
1739482361.2882476,-71,61,-125
1739482361.3332477,-29,-89,-1
1739482361.3792477,19,-48,30
1739482361.4252477,-18,-183,30
1739482361.4702475,-25,-53,77
1739482361.5162475,-57,-71,-150
1739482361.5622475,-6,-10,-20
1739482361.6082475,50,3,-119
1739482361.6532476,18,-30,-76
1739482361.6992476,-15,-89,91
1739482361.7452476,-55,-49,-60
1739482361.7902474,-6,45,-20
1739482361.8362474,-24,-48,-223
1739482361.8822474,-88,-75,-156
1739482361.9282477,-5,0,-13
1739482361.9732475,40,-50,-108
1739482362.0192475,54,-15,-35
1739482362.0652475,34,60,-49
1739482362.1102476,49,-110,-108
1739482362.1562476,8,-190,-89
1739482362.2022476,-42,83,-151
1739482362.2482476,44,6,-98
1739482362.2932477,61,-142,36
1739482362.3392477,0,-138,-133
1739482362.3852477,38,-104,-38
1739482362.4302475,-23,-105,-69
1739482362.4762475,-14,-35,150
1739482362.5222476,-33,-69,102
1739482362.5682476,-8,25,-68
1739482362.6132476,-59,-91,-135
1739482362.6592476,75,-109,-10
1739482362.7052476,-10,-5,64
1739482362.7502477,8,-33,68
1739482362.7962475,-99,149,-50
1739482362.8422475,-27,-47,-18
1739482362.8882475,2,-28,-147
1739482362.9332476,26,-86,-92
1739482362.9852476,-56,-17,-36
1739482363.0302474,-18,-34,51
1739482363.0762477,9,4,38
1739482363.1222477,34,-19,0
1739482363.1682477,-64,33,-32
1739482363.2132475,-82,-65,-91
1739482363.2592475,-23,-102,26
1739482363.3052475,-22,-27,-55
1739482363.3502476,68,46,-73
1739482363.3962476,-32,-49,-52
1739482363.4422476,37,21,-99
1739482363.4882476,5,-169,-159
1739482363.5332477,0,-114,25
1739482363.5792477,28,-104,-52
1739482363.6252477,-4,30,79
1739482363.6702476,-24,-71,-100
1739482363.7162476,4,-43,46
1739482363.7622476,-88,23,-12
1739482363.8082476,-16,-65,-100
1739482363.8532476,-23,-91,-71
1739482363.8992476,-5,-130,-80
1739482363.9452477,-9,-169,-56
1739482363.9902475,-52,-65,-30
1739482364.0362475,-46,7,-107
1739482364.0822475,-39,-111,52
1739482364.1282475,121,64,165
1739482364.1732476,58,-18,-224
1739482364.2192476,-48,103,-71
1739482364.2652476,3,-76,-37
1739482364.3102477,-87,-7,-74
1739482364.3562477,-26,-22,-61
1739482364.4022477,-78,-48,-98
1739482364.4482474,-54,1,3
1739482364.4932475,85,6,57
1739482364.5392475,-18,-71,3
1739482364.5852475,-22,-77,-40
1739482364.6302476,-29,41,-148
1739482364.6762476,21,-88,-39
1739482364.7222476,-16,-217,-46
1739482364.7682476,4,-132,0
1739482364.8132474,-27,-45,33
1739482364.8592474,44,-44,16
1739482364.9052474,0,-51,14
1739482364.9502475,-10,3,-45
1739482364.9962475,-32,-7,-103
1739482365.0422475,-13,-169,5
1739482365.0882475,0,-84,-14
1739482365.1332476,-42,-23,40
1739482365.1792476,-29,5,-89
1739482365.2252476,-40,-89,0
1739482365.2702477,-87,-87,22
1739482365.3162477,27,61,-2
1739482365.3622477,40,44,45
1739482365.4082477,24,56,56
1739482365.4532475,17,110,-79
1739482365.4992476,-3,37,-179
1739482365.5452476,0,-10,-70
1739482365.5902476,-41,39,-26
1739482365.6362476,-40,-29,-84
1739482365.6822476,-2,-77,0
1739482365.7282476,-69,-75,49
1739482365.7732477,15,-3,-8
1739482365.8192475,-47,-9,-127
1739482365.8652475,-71,31,-80
1739482365.9102476,-22,-27,-22
1739482365.9562476,-22,61,-8
1739482366.0022476,-28,-70,37
1739482366.0482476,-37,-95,-174
1739482366.0932477,-21,-66,18
1739482366.1392477,-39,-21,83
1739482366.1852477,-33,-34,-81
1739482366.2302475,-13,-82,-146
1739482366.2762475,25,-141,-22
1739482366.3222475,5,41,-82
1739482366.3682475,1,-7,-94
1739482366.4122477,62,81,0
1739482366.4582477,50,-55,-101
1739482366.5042477,39,-8,-5
1739482366.5492475,-2,-126,-34
1739482366.5952475,56,-26,-34
1739482366.6412475,22,-142,88
1739482366.6862476,-10,-3,-142
1739482366.7322476,-28,-5,-32
1739482366.7782476,82,-100,-155
1739482366.8242476,14,-5,90
1739482366.8692474,-64,-174,-70
1739482366.9152474,-52,2,-44
1739482366.9612474,10,-120,-26
1739482367.0062475,-67,-70,64
1739482367.0522475,28,-19,-236
1739482367.0982475,1,0,-138
1739482367.1442475,0,-55,-32
1739482367.1892476,31,-32,17
1739482367.2352476,36,-162,-30
1739482367.2812476,-6,-33,83
1739482367.3262477,-23,-149,-50
1739482367.3722477,0,-11,-67
1739482367.4182477,-14,-43,-74
1739482367.4642477,76,40,-173
1739482367.5092475,8,-10,41
1739482367.5552475,-18,-79,-46
1739482367.6012475,50,-26,-43
1739482367.6462476,-8,-17,-163
1739482367.6922476,68,-54,-160
1739482367.7382476,-21,10,-126
1739482367.7842476,3,-20,-98
1739482367.8292477,51,-93,-17
1739482367.8752477,25,11,-13
1739482367.9212475,7,47,22
1739482367.9662476,-15,-50,-125
1739482368.0122476,-5,-97,-114
1739482368.0582476,-49,-2,33
1739482368.1042476,-68,-166,-125
1739482368.1492476,27,-71,-21
1739482368.1952477,-3,-193,-81
1739482368.2412477,-34,-85,-33
1739482368.2862475,0,-94,-166
1739482368.3322475,-33,-129,-76
1739482368.3782475,28,6,-7
1739482368.4242475,-55,57,-80
1739482368.4692476,-39,-1,-108
1739482368.5152476,-48,81,-28
1739482368.5612476,-13,-43,23
1739482368.6062477,6,71,-32
1739482368.6522477,39,-104,-20
1739482368.6982474,-49,-22,26
1739482368.7442474,-19,56,-57
1739482368.7892475,71,39,53
1739482368.8352475,83,-23,31
1739482368.8812475,6,67,-73
1739482368.9262476,18,-13,-12
1739482368.9722476,26,-49,-70
1739482369.0182476,77,31,-50
1739482369.0642476,69,-41,28
1739482369.1092474,-1,-70,-127
1739482369.1552474,35,-126,-82
1739482369.2012477,22,-2,-14
1739482369.2462475,86,-64,-90
1739482369.2922475,-44,-39,77
1739482369.3382475,0,-33,55
1739482369.3842475,-42,-23,33
1739482369.4292476,22,-26,-71
1739482369.4752476,-39,1,58
1739482369.5212476,-122,-107,20
1739482369.5662477,-45,-117,-75
1739482369.6122477,-35,23,50
1739482369.6582477,6,-20,-32
1739482369.7042477,-87,-73,-43
1739482369.7492476,-30,63,-104
1739482369.7952476,-64,-36,20
1739482369.8412476,62,19,-146
1739482369.8862476,-74,-122,-25
1739482369.9322476,66,35,-106
1739482369.9782476,-14,-41,-18
1739482370.0242476,32,-68,-117
1739482370.0692475,-56,-98,1
1739482370.1152475,2,-30,-55
1739482370.1612475,-10,-81,-66
1739482370.2062476,10,-158,-30
1739482370.2522476,21,-11,22
1739482370.2982476,19,-4,1
1739482370.3442476,-30,-25,-66
1739482370.3892477,-11,-15,-60
1739482370.4352477,11,-82,-83
1739482370.4812477,-28,-39,-5
1739482370.5262475,-115,-19,-12
1739482370.5722475,-18,-3,-101
1739482370.6182475,-12,-32,-59
1739482370.6642475,91,36,93
1739482370.7092476,-21,31,30
1739482370.7552476,47,3,-130
1739482370.8012476,-41,22,33
1739482370.8462474,-12,10,54
1739482370.8922474,-55,98,-128
1739482370.9382474,30,-39,-78
1739482370.9842474,30,81,-68
1739482371.0292475,22,-5,15
1739482371.0752475,-22,22,-75
1739482371.1212475,6,-110,-77
1739482371.1662476,-24,-118,2
1739482371.2122476,-5,-32,-108
1739482371.2582476,-20,-96,-53
1739482371.3042476,67,-93,17
1739482371.3492477,41,107,-70
1739482371.3952477,20,-3,-55
1739482371.4412477,75,-71,-15
1739482371.4862475,-15,-104,13
1739482371.5322475,20,-39,-106
1739482371.5782475,-49,-88,-85
1739482371.6242476,18,-44,52
1739482371.6692476,-5,-75,-87
1739482371.7152476,-27,-100,-106
1739482371.7612476,50,-78,-114
1739482371.8062477,67,-74,33
1739482371.8522477,76,43,-56
1739482371.8982477,0,-69,-95
1739482371.9442475,-117,-98,-91
1739482371.9892476,75,117,26
1739482372.0352476,-31,24,-65
1739482372.0812476,42,37,-53
1739482372.1262476,-25,66,33
1739482372.1722476,73,-173,-60
1739482372.2182477,-18,-64,-156
1739482372.2642477,-66,-10,-7
1739482372.3092475,14,30,-52
1739482372.3552475,-2,-11,-33
1739482372.4012475,80,-92,-146
1739482372.4462476,0,23,-28
1739482372.4922476,-68,-57,-47
1739482372.5382476,0,-126,-11
1739482372.5842476,-45,-95,-3
1739482372.6292477,66,16,61
1739482372.6752477,65,-40,0
1739482372.7212474,-19,-105,79
1739482372.7662475,29,-8,-42
1739482372.8122475,-79,-47,-32
1739482372.8582475,38,-65,-15
1739482372.9042475,8,27,-10
1739482372.9492476,0,23,18
1739482373.0012476,23,51,0
1739482373.0462475,68,-7,8
1739482373.0922475,99,-165,44
1739482373.1382475,-29,70,92
1739482373.1842475,-4,-74,-134
1739482373.2292476,108,-75,-56
1739482373.2762475,-29,-40,-17
1739482373.3222475,-16,-14,66
1739482373.3682475,58,-41,28
1739482373.4132476,53,-39,59
1739482373.4592476,30,35,61
1739482373.5052476,-7,-8,-11
1739482373.5502477,-7,-42,52
1739482373.5962474,78,33,10
1739482373.6422474,-16,-58,-82
1739482373.6882474,-33,-108,-54
1739482373.7332475,13,-91,4
1739482373.7792475,8,-12,-13
1739482373.8252475,3,77,-23
1739482373.8702476,-39,54,-103
1739482373.9162476,56,61,-40
1739482373.9622476,-48,-32,-84
1739482374.0082476,66,-24,-24
1739482374.0532477,2,74,-15
1739482374.0992477,-108,-15,-102
1739482374.1452477,-36,55,-21
1739482374.1902475,87,-52,-45
1739482374.2362475,13,-116,-65
1739482374.2822475,67,-85,-51
1739482374.3282475,52,38,13
1739482374.3732476,-37,-17,119
1739482374.4192476,-116,-43,-64
1739482374.4652476,-2,34,-4
1739482374.5102477,-28,-12,-62
1739482374.5562477,2,-41,-4
1739482374.6022477,-49,-32,17
1739482374.6482477,-49,-74,-39
1739482374.6932476,-1,-89,-17
1739482374.7392476,59,-93,-66
1739482374.7852476,11,26,1
1739482374.8302476,5,24,-4
1739482374.8762476,68,0,-2
1739482374.9222476,-11,-5,-70
1739482374.9682477,-17,-97,-34
1739482375.0132475,-16,4,-82
1739482375.0592475,10,125,-28
1739482375.1052475,78,-48,-54
1739482375.1502476,-21,143,-66
1739482375.1962476,-28,7,-50
1739482375.2422476,30,-124,30
1739482375.2882476,11,-51,-133
1739482375.3332477,61,44,-76
1739482375.3792477,64,68,-78
1739482375.4252477,-29,-140,-37
1739482375.4702475,8,-198,-45
1739482375.5162475,70,-41,-49
1739482375.5622475,26,-115,0
1739482375.6082475,1,-149,15
1739482375.6532476,-69,72,-35
1739482375.6992476,102,-109,-3
1739482375.7452476,-2,-69,-240
1739482375.7902474,-89,10,-68
1739482375.8362474,72,-91,15
1739482375.8822474,57,-135,-114
1739482375.9282477,102,-97,-13
1739482375.9732475,-69,-10,15
1739482376.0192475,-49,-68,-6
1739482376.0652475,-47,-60,-67
1739482376.1102476,-42,-62,-6
1739482376.1562476,-28,-34,-117
1739482376.2022476,-57,38,-129
1739482376.2482476,74,87,0
1739482376.2932477,-11,-134,-79
1739482376.3392477,-31,0,-60
1739482376.3852477,68,-69,-56
1739482376.4302475,81,73,0
1739482376.4762475,-1,-158,-89
1739482376.5222476,-36,36,-73
1739482376.5682476,5,-21,-56
1739482376.6132476,7,-55,-50
1739482376.6592476,-22,-72,40
1739482376.7052476,35,-25,-12
1739482376.7502477,98,-28,-83
1739482376.7962475,-16,-23,-50
1739482376.8422475,10,-96,-150
1739482376.8882475,-72,-95,-31
1739482376.9332476,-37,-87,-60
1739482376.9792476,-27,9,3
1739482377.0252476,-85,33,58
1739482377.0702477,38,-42,-54
1739482377.1162477,11,-38,94
1739482377.1622477,7,-46,8
1739482377.2082477,20,-11,67
1739482377.2532475,39,-25,-121
1739482377.2992475,-36,25,-107
1739482377.3452475,14,36,-33
1739482377.3902476,24,96,-18
1739482377.4362476,-43,49,31
1739482377.4822476,1,-10,52
1739482377.5282476,27,40,83
1739482377.5732474,17,-98,-52
1739482377.6192474,65,12,-69
1739482377.6652474,-73,22,-9
1739482377.7102475,-44,-72,-76
1739482377.7562475,-6,-13,-204
1739482377.8022475,-32,26,-88
1739482377.8482475,23,3,-48
1739482377.8932476,22,-97,35
1739482377.9392476,0,-52,-122
1739482377.9852476,-9,-100,-1
1739482378.0302474,-28,-34,117
1739482378.0762477,-8,-24,-88
1739482378.1222477,35,-18,-42
1739482378.1682477,-3,126,-11
1739482378.2132475,27,-46,22
1739482378.2592475,-35,-81,15
1739482378.3052475,50,-92,-97
1739482378.3502476,-108,-115,-89
1739482378.3962476,-7,30,-78
1739482378.4422476,-62,-82,-209
1739482378.4882476,-22,1,43
1739482378.5332477,106,38,13
1739482378.5792477,10,-20,-94
1739482378.6252477,71,-4,2
1739482378.6702476,37,-36,53
1739482378.7162476,63,-121,38
1739482378.7622476,77,-59,-8
1739482378.8082476,-35,-78,-11
1739482378.8532476,-77,-44,-15
1739482378.8992476,-82,10,-93
1739482378.9452477,-56,2,65
1739482378.9902475,-3,-110,-173
1739482379.0362475,42,-117,147
1739482379.0822475,-55,54,-78
1739482379.1282475,-12,-2,-46
1739482379.1732476,80,75,-157
1739482379.2192476,36,-45,25
1739482379.2652476,-47,-78,-96
1739482379.3102477,-46,142,-151
1739482379.3562477,-91,-66,-99
1739482379.4022477,-79,-10,-10
1739482379.4482474,93,-41,27
1739482379.4932475,60,-49,-45
1739482379.5392475,67,29,33
1739482379.5852475,31,33,-53
1739482379.6302476,5,-86,32
1739482379.6762476,-101,-118,3
1739482379.7222476,3,33,-19
1739482379.7682476,65,1,-27
1739482379.8132474,-12,102,-179
1739482379.8592474,118,19,-83
1739482379.9052474,-77,2,8
1739482379.9502475,42,-47,-22
1739482379.9962475,-44,-4,-20
1739482380.0422475,-29,83,66
1739482380.0882475,-5,-65,-36
1739482380.1332476,-111,69,-175
1739482380.1792476,37,-86,-89
1739482380.2252476,-43,-103,-33
1739482380.2702477,35,-20,-5
1739482380.3162477,65,2,-137
1739482380.3622477,-37,106,-58
1739482380.4082477,-76,-64,-74
1739482380.4532475,126,-139,-133
1739482380.4992476,-45,-96,-81
1739482380.5452476,13,17,-127
1739482380.5902476,-56,40,-174
1739482380.6362476,1,52,-106
1739482380.6822476,51,-75,-20
1739482380.7282476,35,-68,-87
1739482380.7732477,52,-25,-12
1739482380.8192475,22,17,-30
1739482380.8652475,27,58,-80
1739482380.9102476,-8,-142,24
1739482380.9562476,-15,-13,-133
1739482381.0022476,30,-100,-69
1739482381.0482476,38,0,5
1739482381.0932477,69,-16,-34
1739482381.1392477,-14,-209,-60
1739482381.1852477,-50,-56,-57
1739482381.2302475,-35,72,-33
1739482381.2762475,29,-35,-54
1739482381.3222475,74,29,-43
1739482381.3682475,-55,-44,2
1739482381.4132476,-58,14,-45
1739482381.4592476,34,43,-66
1739482381.5052476,50,44,-46
1739482381.5502477,8,-12,70
1739482381.5962474,-16,-41,-130
1739482381.6422474,-17,-33,12
1739482381.6882474,29,46,61
1739482381.7332475,24,-22,24
1739482381.7792475,39,52,-131
1739482381.8252475,1,-5,-13
1739482381.8702476,45,-35,-58
1739482381.9162476,-35,-48,17
1739482381.9622476,-9,-78,72
1739482382.0082476,-10,-8,-11
1739482382.0532477,-30,-42,64
1739482382.0992477,0,15,-5
1739482382.1452477,-23,23,-76
1739482382.1902475,16,-129,-163
1739482382.2362475,-31,50,-81
1739482382.2822475,-67,-10,-59
1739482382.3282475,-90,0,-97
1739482382.3732476,-95,18,-24
1739482382.4192476,-53,-74,-52
1739482382.4652476,-4,-86,94
1739482382.5102477,-38,-96,-29
1739482382.5562477,-81,-78,10
1739482382.6022477,10,-50,16
1739482382.6482477,11,-35,0
1739482382.6932476,-29,-18,-44
1739482382.7392476,10,-12,-134
1739482382.7852476,-7,-4,-49
1739482382.8302476,-28,6,-25
1739482382.8762476,48,-21,3
1739482382.9222476,160,39,-63
1739482382.9732475,24,18,-126
1739482383.0192475,57,-77,-55
1739482383.0652475,-1,-62,-29
1739482383.1102476,-86,-64,-25
1739482383.1562476,17,-85,-20
1739482383.2022476,-66,-2,-41
1739482383.2482476,40,7,-16
1739482383.2932477,3,57,95
1739482383.3392477,-38,-66,-96
1739482383.3852477,-19,7,-89
1739482383.4292476,-47,75,23
1739482383.4752476,28,70,41
1739482383.5212476,-5,-85,-47
1739482383.5662477,45,-102,-60
1739482383.6122477,-20,-52,-10
1739482383.6582477,7,7,22
1739482383.7042477,-44,50,-8
1739482383.7492476,32,-15,24
1739482383.7952476,-7,-120,-68
1739482383.8412476,-55,-112,-50
1739482383.8862476,-44,-102,-34
1739482383.9322476,-88,-118,-92
1739482383.9782476,-8,55,-72
1739482384.0242476,16,47,-10
1739482384.0692475,-94,-170,-4
1739482384.1152475,63,17,-10
1739482384.1612475,-36,-10,-153
1739482384.2062476,-47,-26,2
1739482384.2522476,16,77,-124
1739482384.2982476,-4,-66,86
1739482384.3442476,20,11,-97
1739482384.3892477,19,-119,12
1739482384.4352477,1,49,1
1739482384.4812477,6,-45,-21
1739482384.5262475,35,-51,-58
1739482384.5722475,40,-27,0
1739482384.6182475,-78,-110,30
1739482384.6642475,-8,-59,15
1739482384.7092476,-36,25,-71
1739482384.7552476,25,-40,-50
1739482384.8012476,32,47,-18
1739482384.8462474,26,-37,-46
1739482384.8922474,-49,-78,-132
1739482384.9382474,-42,192,-45
1739482384.9842474,72,-25,-23
1739482385.0292475,67,-117,-75
1739482385.0752475,18,-17,-273
1739482385.1212475,10,-65,-46
1739482385.1662476,-44,-172,-161
1739482385.2122476,19,-39,-68
1739482385.2582476,-13,-92,22
1739482385.3042476,45,-107,-132
1739482385.3492477,10,-39,53
1739482385.3952477,-64,-66,-21
1739482385.4412477,25,-85,63
1739482385.4862475,-9,-36,37
1739482385.5322475,-55,-61,-90
1739482385.5782475,7,114,-31
1739482385.6242476,100,-28,-64
1739482385.6692476,43,-8,29
1739482385.7152476,17,-144,108
1739482385.7612476,67,-52,-40
1739482385.8062477,91,-25,-64
1739482385.8522477,-23,-38,-8
1739482385.8982477,53,19,-57
1739482385.9442475,83,-70,-88
1739482385.9892476,-49,9,-5
1739482386.0352476,-13,-69,-110
1739482386.0812476,-34,-111,-13
1739482386.1262476,-78,-67,-87
1739482386.1722476,20,-10,17
1739482386.2182477,6,-36,15
1739482386.2632475,-16,62,-32
1739482386.3092475,89,-59,-28
1739482386.3552475,-77,-46,-28
1739482386.4012475,-77,14,71
1739482386.4462476,-53,-38,-18
1739482386.4922476,85,-123,-53
1739482386.5382476,-11,0,-67
1739482386.5832477,-17,42,-58
1739482386.6292477,12,-63,10
1739482386.6752477,56,-59,-96
1739482386.7212474,43,-25,-14
1739482386.7662475,-1,2,0
1739482386.8122475,-77,-42,-177
1739482386.8582475,-21,-20,25
1739482386.9032476,-70,-8,48
1739482386.9492476,-14,70,-51
1739482386.9952476,74,-39,6
1739482387.0412476,17,13,19
1739482387.0862474,38,-9,-60
1739482387.1322474,-68,-32,-30
1739482387.1782477,-18,36,-15
1739482387.2232475,-14,-44,-76
1739482387.2692475,-29,-50,51
1739482387.3152475,-35,-100,-138
1739482387.3612475,-40,-30,-27
1739482387.4062476,-4,-121,44
1739482387.4522476,21,87,-21
1739482387.4982476,69,53,-49
1739482387.5432477,22,-43,27
1739482387.5892477,40,-3,-81
1739482387.6352477,131,-9,-25
1739482387.6812477,52,-81,-135
1739482387.7262475,-65,-20,-129
1739482387.7722476,6,7,-93
1739482387.8182476,-87,-88,-120
1739482387.8632476,-20,-21,-169
1739482387.9092476,-60,-158,-65
1739482387.9552476,-33,116,-13
1739482388.0012476,-52,-90,45
1739482388.0462475,-1,66,-28
1739482388.0922475,-37,40,10
1739482388.1382475,-1,-144,-10
1739482388.1832476,-85,-68,-12
1739482388.2292476,0,18,-39
1739482388.2752476,-82,-72,-85
1739482388.3212476,-42,-138,-72
1739482388.3662477,-10,7,-193
1739482388.4122477,-23,14,-11
1739482388.4582477,12,-85,-75
1739482388.5032475,20,-81,-122
1739482388.5492475,0,18,-63
1739482388.5952475,-9,2,-48
1739482388.6412475,18,-101,-104
1739482388.6862476,-20,-56,-14
1739482388.7322476,29,-5,8
1739482388.7782476,-54,-48,-2
1739482388.8232474,70,-9,-64
1739482388.8692474,9,23,-45
1739482388.9152474,14,35,-65
1739482388.9612474,71,-115,-17
1739482389.0062475,-43,-130,-57
1739482389.0522475,-84,-92,-40
1739482389.0982475,-8,-33,12
1739482389.1432476,-39,6,-57
1739482389.1892476,65,5,-37
1739482389.2352476,-8,-44,-113
1739482389.2812476,-14,94,-9
1739482389.3262477,-31,26,-76
1739482389.3722477,-72,-36,-100
1739482389.4182477,-59,66,-72
1739482389.4632475,-24,-100,2
1739482389.5092475,17,-50,-71
1739482389.5552475,-41,84,-17
1739482389.6012475,-40,-10,0
1739482389.6462476,9,-17,-100
1739482389.6922476,-54,-38,-144
1739482389.7382476,-42,-86,-86
1739482389.7832477,64,77,-77
1739482389.8292477,53,-53,-41
1739482389.8752477,-5,-104,-109
1739482389.9212475,-40,-14,-126
1739482389.9662476,-36,-90,-87
1739482390.0122476,5,-95,19
1739482390.0582476,-48,-30,-10
1739482390.1032476,-22,40,-22
1739482390.1492476,38,21,65
1739482390.1952477,25,59,-21
1739482390.2412477,-15,14,-44
1739482390.2862475,21,-189,-76
1739482390.3322475,-6,-161,-15
1739482390.3782475,17,91,-47
1739482390.4232476,-6,74,-110
1739482390.4692476,104,-11,-31
1739482390.5152476,-37,86,-41
1739482390.5612476,-79,-88,-18
1739482390.6062477,-15,-108,6
1739482390.6522477,-12,12,-41
1739482390.6982474,-37,18,136
1739482390.7432475,85,-31,-3
1739482390.7892475,-72,-72,89
1739482390.8352475,15,75,-74
1739482390.8812475,24,-53,66
1739482390.9262476,28,-95,60
1739482390.9722476,-24,-24,-238
1739482391.0182476,-11,-84,91
1739482391.0632474,-53,28,-140
1739482391.1092474,56,-123,15
1739482391.1552474,-15,-52,-42
1739482391.2012477,-36,48,28
1739482391.2462475,-69,-34,5
1739482391.2922475,-6,-33,-115
1739482391.3382475,-7,-25,-46
1739482391.3832476,44,-109,-103
1739482391.4292476,55,-73,43
1739482391.4752476,19,-45,-70
1739482391.5212476,-3,-31,42
1739482391.5662477,17,10,-42
1739482391.6122477,41,-5,9
1739482391.6582477,-11,-37,-36
1739482391.7032475,39,25,-110
1739482391.7492476,-55,6,-52
1739482391.7952476,16,-147,-28
1739482391.8412476,27,-23,39
1739482391.8862476,4,3,-71
1739482391.9322476,-2,62,42
1739482391.9782476,103,-77,-54
1739482392.0232477,24,0,8
1739482392.0692475,7,77,-3
1739482392.1152475,-26,-120,-7
1739482392.1612475,122,11,74
1739482392.2062476,0,-19,-38
1739482392.2522476,-5,-164,26
1739482392.2982476,1,-29,-86
1739482392.3432477,-31,44,36
1739482392.3892477,51,-29,-104
1739482392.4352477,50,-51,-49
1739482392.4812477,32,-119,-89
1739482392.5252476,88,-61,-45
1739482392.5712476,18,7,-99
1739482392.6172476,-42,-9,-81
1739482392.6622477,-116,-64,35
1739482392.7082477,-22,44,-36
1739482392.7542477,-49,-188,-48
1739482392.7992475,-25,-46,-133
1739482392.8452475,3,33,-37
1739482392.8912475,-18,-70,-110
1739482392.9372475,-7,-2,-104
1739482392.9882476,-90,-46,-30
1739482393.0342476,-30,37,-65
1739482393.0792477,36,18,-102
1739482393.1252477,-18,-133,-2
1739482393.1712475,19,-39,11
1739482393.2172475,-59,-32,26
1739482393.2622476,24,-85,2
1739482393.3082476,-30,-62,88
1739482393.3542476,3,12,-5
1739482393.3992476,-15,20,-15
1739482393.4452477,-54,-116,-58
1739482393.4912477,63,13,-23
1739482393.5372477,17,-54,-13
1739482393.5822475,30,-11,18
1739482393.6282475,-26,-26,46
1739482393.6742475,1,-77,10
1739482393.7192476,-59,14,-63
1739482393.7652476,101,7,-9
1739482393.8112476,77,35,-29
1739482393.8572476,-50,-54,-115
1739482393.9022477,-1,-41,84
1739482393.9482474,-20,-32,-37
1739482393.9942474,1,-89,-138
1739482394.0392475,-69,-74,-20
1739482394.0852475,-32,-12,-41
1739482394.1312475,53,-93,-120
1739482394.1772475,17,107,-4
1739482394.2222476,38,-7,9
1739482394.2682476,-26,1,-39
1739482394.3142476,40,81,-60
1739482394.3592474,-12,19,53
1739482394.4052474,-32,-6,73
1739482394.4512477,95,47,-10
1739482394.4972477,-102,-10,-10
1739482394.5422475,-32,50,-48
1739482394.5882475,50,-41,-21
1739482394.6342475,-54,-120,9
1739482394.6792476,74,-5,-17
1739482394.7252476,62,-19,105
1739482394.7712476,-15,112,28
1739482394.8172476,25,19,-94
1739482394.8622477,-24,-82,29
1739482394.9082477,-69,30,-95
1739482394.9542477,-10,28,-98
1739482394.9992476,1,36,47
1739482395.0452476,90,-13,-85
1739482395.0912476,-16,-34,101
1739482395.1372476,-25,-18,137
1739482395.1822476,-97,-16,10
1739482395.2282476,-79,-20,148
1739482395.2742476,40,-15,-55
1739482395.3192475,-79,-88,50
1739482395.3652475,79,-29,-87
1739482395.4112475,47,-69,18
1739482395.4572475,38,21,9
1739482395.5022476,-60,-72,34
1739482395.5482476,29,55,27
1739482395.5942476,25,1,51
1739482395.6392477,-5,-82,-68
1739482395.6852477,-8,16,42
1739482395.7312477,-1,-11,-36
1739482395.7772477,-36,-14,0
1739482395.8222475,-11,-73,0
1739482395.8682475,1,-18,57
1739482395.9142475,0,-49,-23
1739482395.9592476,-15,-154,-35
1739482396.0052476,-50,-22,-110
1739482396.0512476,58,-1,11
1739482396.0972476,16,-113,-51
1739482396.1422474,-15,-20,-20
1739482396.1882474,0,115,-37
1739482396.2342474,-6,-78,3
1739482396.2792475,74,65,90
1739482396.3262477,10,33,21
1739482396.3722477,-66,-36,53
1739482396.4182477,79,41,-26
1739482396.4632475,68,-93,-33
1739482396.5092475,41,-63,-128
1739482396.5552475,-89,50,34
1739482396.6012475,-20,60,-84
1739482396.6462476,2,-60,-38
1739482396.6922476,-55,38,-29
1739482396.7382476,-18,2,-21
1739482396.7832477,-51,-58,-43
1739482396.8292477,-1,33,-23
1739482396.8752477,-29,22,-28
1739482396.9212475,16,109,32
1739482396.9662476,-34,88,-53
1739482397.0122476,-14,-22,91
1739482397.0582476,5,95,-68
1739482397.1032476,-31,-56,-88
1739482397.1492476,-38,-138,-118
1739482397.1952477,21,-83,66
1739482397.2412477,-45,-134,21
1739482397.2862475,38,53,9
1739482397.3322475,27,-25,-38
1739482397.3782475,81,-9,38
1739482397.4232476,-9,-20,-56
1739482397.4692476,1,-14,-50
1739482397.5152476,-9,-26,62
1739482397.5612476,32,-19,7
1739482397.6062477,3,-74,72
1739482397.6522477,-52,52,-4
1739482397.6982474,18,-19,-97
1739482397.7432475,-7,-140,-64
1739482397.7892475,-3,29,-25
1739482397.8352475,-25,-118,-122
1739482397.8812475,72,-39,-101
1739482397.9262476,-15,-16,-43
1739482397.9722476,-20,-76,-99
1739482398.0182476,-5,40,-17
1739482398.0632474,7,19,-129
1739482398.1092474,-77,-30,-58
1739482398.1552474,27,-29,-69
1739482398.2012477,39,123,68
1739482398.2462475,-79,-80,-9
1739482398.2922475,-31,-54,78
1739482398.3382475,19,-3,-30
1739482398.3832476,39,-5,-36
1739482398.4292476,-49,-68,13
1739482398.4752476,-20,50,60
1739482398.5212476,-104,-22,-63
1739482398.5662477,20,47,-5
1739482398.6122477,-5,-106,-79
1739482398.6582477,-7,44,-64
1739482398.7032475,-55,-112,-214
1739482398.7492476,-22,-78,-40
1739482398.7952476,-94,-142,91
1739482398.8412476,-32,-22,-48
1739482398.8862476,-77,88,-71
1739482398.9322476,-70,34,-176
1739482398.9782476,59,121,-35
1739482399.0232477,-45,20,56
1739482399.0692475,9,1,-26
1739482399.1152475,-56,26,-28
1739482399.1612475,40,-129,-28
1739482399.2062476,32,-67,34
1739482399.2522476,-101,60,-85
1739482399.2982476,-43,6,-83
1739482399.3432477,23,-87,0
1739482399.3892477,-103,108,42
1739482399.4352477,-56,-138,44
1739482399.4812477,19,-37,-80
1739482399.5262475,-65,-114,-10
1739482399.5722475,-68,-40,-24
1739482399.6182475,-29,-48,53
1739482399.6632476,84,-57,17
1739482399.7092476,-3,-78,-208
1739482399.7552476,-28,10,0
1739482399.8012476,1,-56,-31
1739482399.8462474,-46,-196,-41
1739482399.8922474,-11,24,-258
1739482399.9382474,-9,-64,-169
1739482399.9832475,-50,-142,-58
1739482400.0292475,37,-49,49
1739482400.0752475,-59,-100,-82
1739482400.1212475,26,-138,-65
1739482400.1662476,-26,-50,-4
1739482400.2122476,12,-28,-25
1739482400.2582476,-11,-123,8
1739482400.3032477,-38,-64,76
1739482400.3492477,-24,-74,-54
1739482400.3952477,80,9,-49
1739482400.4412477,-56,36,-38
1739482400.4862475,-68,30,-44
1739482400.5322475,53,21,-61
1739482400.5782475,-38,68,-14
1739482400.6232476,81,-3,-115
1739482400.6692476,36,23,-86
1739482400.7152476,11,9,57
1739482400.7612476,57,-31,-86
1739482400.8062477,10,70,-25
1739482400.8522477,-46,-14,-116
1739482400.8982477,43,-29,0
1739482400.9432476,-20,-84,-66
1739482400.9892476,59,-27,-12
1739482401.0352476,56,-37,34
1739482401.0812476,3,6,-87
1739482401.1262476,12,-50,-57
1739482401.1722476,-34,-52,-36
1739482401.2182477,73,-95,-6
1739482401.2632475,0,-55,-15
1739482401.3092475,77,-49,2
1739482401.3552475,-58,-132,-72
1739482401.4012475,19,-28,-52
1739482401.4462476,-8,66,9
1739482401.4922476,-32,-76,-39
1739482401.5382476,0,-55,-3
1739482401.5832477,20,-17,-15
1739482401.6292477,-1,6,-11
1739482401.6752477,27,19,32
1739482401.7212474,64,-57,-70
1739482401.7662475,-7,12,-111
1739482401.8122475,6,-2,-24
1739482401.8582475,1,-32,-129
1739482401.9032476,-58,2,-89
1739482401.9492476,105,23,3
1739482401.9952476,27,-59,18
1739482402.0412476,-10,-102,17
1739482402.0862474,-44,-53,15
1739482402.1322474,80,-235,61
1739482402.1782477,-35,-27,38
1739482402.2232475,52,101,-57
1739482402.2692475,83,-93,34
1739482402.3152475,-4,-160,-40
1739482402.3612475,65,-183,21
1739482402.4062476,2,62,47
1739482402.4522476,-103,18,-97
1739482402.4982476,34,-25,-108
1739482402.5432477,-123,38,12
1739482402.5892477,-44,-86,-44
1739482402.6352477,43,3,37
1739482402.6812477,-45,-28,-43
1739482402.7262475,20,-35,53
1739482402.7722476,0,-156,-79
1739482402.8182476,0,13,-78
1739482402.8632476,20,-41,-45
1739482402.9092476,-29,2,75
1739482402.9552476,15,1,-37
1739482403.0062475,-16,-58,-204
1739482403.0522475,-32,80,-19
1739482403.0982475,29,-20,120
1739482403.1432476,14,23,-63
1739482403.1892476,20,10,-57
1739482403.2352476,27,-11,-4
1739482403.2812476,35,-19,113
1739482403.3262477,3,-96,93
1739482403.3722477,49,41,1
1739482403.4182477,58,-169,31
1739482403.4632475,48,-33,-76
1739482403.5092475,-11,19,-37
1739482403.5552475,-141,-64,-114
1739482403.6012475,35,-89,20
1739482403.6462476,49,45,10
1739482403.6922476,-28,36,-179
1739482403.7382476,8,-7,55
1739482403.7832477,6,-89,-66
1739482403.8292477,-5,-83,-87
1739482403.8752477,39,-67,-39
1739482403.9212475,-86,-122,-17
1739482403.9662476,1,-178,33
1739482404.0122476,16,-31,-43
1739482404.0582476,-31,62,-20
1739482404.1032476,-3,74,13
1739482404.1492476,35,-109,-44
1739482404.1952477,15,-69,-11
1739482404.2412477,-3,-49,-31
1739482404.2862475,51,-51,11
1739482404.3322475,-14,-78,-79
1739482404.3782475,-10,-103,10
1739482404.4232476,-2,-58,42
1739482404.4692476,28,-45,7
1739482404.5152476,85,-69,-45
1739482404.5612476,6,-121,-113
1739482404.6062477,42,-101,-84
1739482404.6522477,-30,-104,81
1739482404.6982474,41,-41,-50
1739482404.7432475,49,125,-70
1739482404.7892475,22,-99,-1
1739482404.8352475,-36,-10,-50
1739482404.8812475,7,51,16
1739482404.9262476,30,-45,15
1739482404.9722476,-47,-104,-62
1739482405.0182476,19,-89,-44
1739482405.0632474,0,-54,34
1739482405.1092474,3,-15,15
1739482405.1552474,38,-93,-78
1739482405.2012477,53,4,-105
1739482405.2462475,50,-31,81
1739482405.2922475,22,-78,8
1739482405.3382475,-15,-18,-84
1739482405.3832476,19,26,-41
1739482405.4292476,19,-10,-92
1739482405.4752476,-47,38,-41
1739482405.5212476,8,55,-38
1739482405.5662477,46,-15,-85
1739482405.6122477,76,39,6
1739482405.6582477,21,9,-38
1739482405.7032475,-36,-40,-8
1739482405.7492476,96,-51,-169
1739482405.7952476,4,23,-21
1739482405.8412476,-22,-88,-47
1739482405.8862476,-9,-3,24
1739482405.9322476,-6,0,24
1739482405.9782476,2,35,-122
1739482406.0232477,40,-13,-42
1739482406.0692475,-87,0,-5
1739482406.1152475,-33,77,50
1739482406.1612475,-28,42,-72
1739482406.2062476,38,7,17
1739482406.2522476,-3,98,-43
1739482406.2982476,31,-129,-71
1739482406.3432477,-5,-38,-114
1739482406.3892477,-73,-100,-1
1739482406.4352477,30,-55,-122
1739482406.4812477,30,-67,-85
1739482406.5262475,-16,26,21
1739482406.5722475,39,7,-6
1739482406.6182475,23,-55,85
1739482406.6632476,-17,-140,-3
1739482406.7092476,-56,-12,-25
1739482406.7552476,-26,-108,-98
1739482406.8012476,13,-13,48
1739482406.8462474,19,13,-105
1739482406.8922474,4,-71,38
1739482406.9382474,-78,-124,86
1739482406.9832475,15,13,-24
1739482407.0292475,11,-110,-28
1739482407.0752475,30,-24,-146
1739482407.1212475,-24,2,-12
1739482407.1662476,-57,-51,-120
1739482407.2122476,-26,-52,-84
1739482407.2582476,14,-143,-83
1739482407.3032477,-31,-128,-162
1739482407.3492477,34,-10,-71
1739482407.3952477,-27,-138,2
1739482407.4412477,-40,-68,-39
1739482407.4852476,-31,-134,-76
1739482407.5312476,-15,89,-18
1739482407.5772476,47,-53,44
1739482407.6222477,-15,-60,-90
1739482407.6682477,45,29,-153
1739482407.7142477,12,-102,-72
1739482407.7592475,65,-75,-129
1739482407.8052475,-27,-72,-30
1739482407.8512475,-49,-14,18
1739482407.8972476,-24,44,-110
1739482407.9422476,7,37,-95
1739482407.9882476,24,-59,-46
1739482408.0342476,9,-20,-23
1739482408.0792477,4,-88,-18
1739482408.1252477,-17,53,73
1739482408.1712475,24,-98,127
1739482408.2172475,5,26,-89
1739482408.2622476,45,50,-61
1739482408.3082476,86,-26,32
1739482408.3542476,-36,-77,-138
1739482408.3992476,-13,-35,-12
1739482408.4452477,-24,-65,-24
1739482408.4912477,2,-72,10
1739482408.5372477,13,-68,-54
1739482408.5822475,-40,19,1
1739482408.6282475,17,36,-83
1739482408.6742475,2,22,105
1739482408.7192476,-78,-35,30
1739482408.7652476,-35,-17,8
1739482408.8112476,-30,17,15
1739482408.8572476,14,-36,-5
1739482408.9022477,-15,7,83
1739482408.9482474,15,-58,-109
1739482408.9942474,11,-60,36
1739482409.0392475,-46,11,-82
1739482409.0852475,-26,-47,2
1739482409.1312475,-99,-17,-82
1739482409.1772475,20,-102,-53
1739482409.2222476,-53,49,17
1739482409.2682476,-6,-75,-27
1739482409.3142476,24,-152,-93
1739482409.3592474,-63,-17,-5
1739482409.4052474,33,68,-1
1739482409.4512477,10,2,-53
1739482409.4972477,-110,-17,26
1739482409.5422475,2,33,-107
1739482409.5882475,-80,-39,-30
1739482409.6342475,-13,21,-88
1739482409.6792476,36,90,-68
1739482409.7252476,-11,-13,-83
1739482409.7712476,-55,-63,-13
1739482409.8172476,19,-52,-67
1739482409.8622477,-76,-35,12
1739482409.9082477,-57,-177,76
1739482409.9542477,98,26,-106
1739482409.9992476,-12,-71,-135
1739482410.0452476,-47,-35,-15
1739482410.0912476,-4,82,59
1739482410.1372476,-61,-197,-156
1739482410.1822476,-1,26,-79
1739482410.2282476,27,-50,-75
1739482410.2742476,58,8,-26
1739482410.3192475,11,18,62
1739482410.3652475,-47,-33,28
1739482410.4112475,37,-36,39
1739482410.4572475,10,-28,-6
1739482410.5022476,32,28,-27
1739482410.5482476,-51,-31,-54
1739482410.5942476,-40,-13,-143
1739482410.6392477,-41,9,-4
1739482410.6852477,-73,-49,-63
1739482410.7312477,-86,57,22
1739482410.7772477,34,-16,-10
1739482410.8222475,-27,-103,-71
1739482410.8682475,65,-46,-74
1739482410.9142475,-13,-23,-76
1739482410.9592476,-22,-9,26
1739482411.0052476,-10,-43,-54
1739482411.0512476,-83,39,16
1739482411.0972476,66,0,-93
1739482411.1422474,29,-126,-52
1739482411.1882474,-44,0,-59
1739482411.2342474,-39,0,-178
1739482411.2792475,36,50,-131
1739482411.3252475,46,16,28
1739482411.3712475,-53,37,46
1739482411.4172475,-16,-45,51
1739482411.4622476,43,18,-138
1739482411.5082476,-19,-53,-17
1739482411.5542476,-62,-39,47
1739482411.5992477,-68,-49,-74
1739482411.6452477,-29,-27,37
1739482411.6912477,-24,-105,-46
1739482411.7372477,31,-6,-84
1739482411.7822475,7,-46,1
1739482411.8282475,12,34,-50
1739482411.8742476,29,10,4
1739482411.9192476,-28,15,42
1739482411.9652476,-12,27,28
1739482412.0112476,19,-6,-54
1739482412.0572476,26,30,-118
1739482412.1022477,13,-142,25
1739482412.1482477,15,146,-131
1739482412.1942475,-28,-73,-78
1739482412.2392476,-62,37,-103
1739482412.2852476,26,154,-41
1739482412.3312476,84,-118,-72
1739482412.3772476,-19,-21,-93
1739482412.4222476,31,52,-108
1739482412.4682477,-18,-157,-27
1739482412.5142477,-26,11,10
1739482412.5592475,-77,-13,-18
1739482412.6052475,-81,123,-81
1739482412.6512475,37,10,44
1739482412.6972475,88,-4,-91
1739482412.7422476,-20,15,-114
1739482412.7882476,-16,-67,-62
1739482412.8342476,10,-74,-10
1739482412.8792477,-8,3,89
1739482412.9252477,14,-94,-4
1739482412.9712474,50,18,-69
1739482413.0222476,11,-84,-123
1739482413.0682476,39,-116,21
1739482413.1142476,-62,-105,-8
1739482413.1592476,-2,15,-60
1739482413.2052476,-58,-45,0
1739482413.2512476,111,18,-6
1739482413.2972476,53,-114,32
1739482413.3422475,28,-30,-15
1739482413.3882475,6,-71,-67
1739482413.4342475,34,154,-78
1739482413.4792476,32,62,1
1739482413.5252476,13,4,-97
1739482413.5712476,-19,-11,34
1739482413.6172476,-8,43,-15
1739482413.6622477,28,4,-126
1739482413.7082477,-18,9,-54
1739482413.7542477,-10,-3,16
1739482413.7992475,-39,-11,-1
1739482413.8452475,-30,-43,28
1739482413.8912475,-27,-31,19
1739482413.9372475,-78,-35,50
1739482413.9822476,42,-140,-32
1739482414.0282476,-17,11,-136
1739482414.0742476,-29,47,-107
1739482414.1192474,-39,-9,20
1739482414.1652474,4,26,-33
1739482414.2112474,42,-60,-90
1739482414.2572474,-5,35,0
1739482414.3022475,39,-40,-29
1739482414.3482475,23,14,-163
1739482414.3942475,-21,-19,-58
1739482414.4392476,20,54,-70
1739482414.4852476,-45,29,-51
1739482414.5312476,-31,35,-30
1739482414.5772476,-13,-57,-51
1739482414.6222477,-41,-21,8
1739482414.6682477,43,-60,-119
1739482414.7142477,76,50,-39
1739482414.7592475,34,-68,-31
1739482414.8052475,40,0,-86
1739482414.8512475,-13,-13,-43
1739482414.8972476,-6,-133,25
1739482414.9422476,38,0,-53
1739482414.9882476,30,92,-89
1739482415.0342476,45,-58,35
1739482415.0792477,8,-22,-19
1739482415.1252477,22,-68,-16
1739482415.1712475,43,4,-22
1739482415.2172475,-13,-27,37
1739482415.2622476,9,-34,15
1739482415.3082476,-34,35,-36
1739482415.3542476,-17,-129,-3
1739482415.3992476,64,-108,91
1739482415.4452477,35,-18,44
1739482415.4912477,102,-108,8
1739482415.5372477,-73,37,33
1739482415.5822475,-4,-1,31
1739482415.6282475,-101,-111,-130
1739482415.6742475,-84,-129,-93
1739482415.7192476,-103,-81,-5
1739482415.7652476,-25,-7,-6
1739482415.8112476,-8,-19,-32
1739482415.8572476,-36,-27,-102
1739482415.9022477,-2,-42,-12
1739482415.9482474,-19,-44,-29
1739482415.9942474,31,-22,-23
1739482416.0392475,10,-122,-96
1739482416.0852475,29,-36,-32
1739482416.1312475,-11,-40,-4
1739482416.1772475,2,-61,-59
1739482416.2222476,53,-34,-22
1739482416.2682476,-17,-107,30
1739482416.3142476,-50,7,-145
1739482416.3592474,-18,31,-5
1739482416.4052474,0,52,80
1739482416.4512477,-6,-77,-15
1739482416.4972477,-39,-22,49
1739482416.5422475,69,-8,120
1739482416.5882475,-73,-3,-44
1739482416.6342475,65,-54,95
1739482416.6792476,-38,49,-8
1739482416.7252476,75,-34,-78
1739482416.7712476,-7,-50,-55
1739482416.8172476,0,43,-66
1739482416.8622477,79,-40,30
1739482416.9082477,-28,-29,119
1739482416.9542477,-9,-28,-11
1739482416.9992476,23,-22,-104
1739482417.0452476,-37,-21,-97
1739482417.0912476,-39,-56,34
1739482417.1372476,-52,51,47
1739482417.1822476,17,-81,13
1739482417.2282476,-22,-25,-55
1739482417.2742476,9,-80,8
1739482417.3192475,33,-120,-72
1739482417.3652475,54,-66,-15
1739482417.4112475,-17,-45,-102
1739482417.4572475,-50,43,-60
1739482417.5022476,-13,-17,-91
1739482417.5482476,29,-10,-7
1739482417.5942476,-10,73,5
1739482417.6392477,-61,-53,15
1739482417.6852477,-45,49,-35
1739482417.7312477,1,-17,-47
1739482417.7772477,-48,-115,-61
1739482417.8222475,166,-100,-88
1739482417.8682475,25,-80,-115
1739482417.9142475,-24,-39,-41
1739482417.9592476,43,-81,-8
1739482418.0052476,-6,111,-123
1739482418.0512476,-60,-171,28
1739482418.0972476,-17,-25,94
1739482418.1422474,6,-39,110
1739482418.1882474,10,20,-54
1739482418.2342474,-8,-11,-83
1739482418.2792475,-63,-13,-48
1739482418.3252475,55,16,-82
1739482418.3712475,72,36,66
1739482418.4162476,3,30,-40
1739482418.4622476,-40,-123,-25
1739482418.5082476,36,-70,37
1739482418.5542476,0,-61,98
1739482418.5992477,39,-6,-82
1739482418.6452477,20,48,-38
1739482418.6912477,44,32,3
1739482418.7362475,35,-68,30
1739482418.7822475,7,-103,-1
1739482418.8282475,13,-33,-120
1739482418.8742476,25,-2,-88
1739482418.9192476,108,-102,-53
1739482418.9652476,-17,87,39
1739482419.0112476,49,-46,-8
1739482419.0562477,-45,-19,-22
1739482419.1022477,-19,-39,-69
1739482419.1482477,-47,-55,-30
1739482419.1942475,-7,-103,-84
1739482419.2392476,31,-164,-105
1739482419.2852476,36,-6,-52
1739482419.3312476,-14,-63,-32
1739482419.3762476,-43,-63,-52
1739482419.4222476,21,-58,-206
1739482419.4682477,-40,-21,-54
1739482419.5142477,-48,39,14
1739482419.5592475,61,-94,-143
1739482419.6052475,-20,-151,-84
1739482419.6512475,17,62,11
1739482419.6962476,37,112,-36
1739482419.7422476,-8,-7,-56
1739482419.7882476,-19,-1,54
1739482419.8342476,6,-81,-77
1739482419.8792477,20,-60,38
1739482419.9252477,-23,-77,-143
1739482419.9712474,-74,-121,-7
1739482420.0162475,-82,59,30
1739482420.0622475,-77,-17,-112
1739482420.1082475,65,-16,-84
1739482420.1542475,-44,-65,4
1739482420.1992476,-6,89,-75
1739482420.2452476,-8,128,-22
1739482420.2912476,-50,17,-17
1739482420.3362474,-18,-31,-54
1739482420.3822474,55,-90,13
1739482420.4282477,21,-10,-77
1739482420.4742477,31,-4,-111
1739482420.5192475,28,62,84
1739482420.5652475,-1,-102,-55
1739482420.6112475,43,-14,1
1739482420.6562476,-19,-79,-13
1739482420.7022476,-3,-156,-91
1739482420.7482476,-54,69,-48
1739482420.7942476,46,-34,-175
1739482420.8392477,-45,-65,54
1739482420.8852477,91,-18,-50
1739482420.9312477,-20,17,34
1739482420.9762475,-29,-35,46
1739482421.0222476,-9,-47,-91
1739482421.0682476,-23,-69,-31
1739482421.1142476,-17,48,37
1739482421.1592476,-23,55,-92
1739482421.2052476,-38,-7,-100
1739482421.2512476,5,67,0
1739482421.2962475,11,-46,-35
1739482421.3422475,9,-16,30
1739482421.3882475,59,-48,-32
1739482421.4342475,-82,3,-20
1739482421.4792476,56,-72,-78
1739482421.5252476,18,-25,-50
1739482421.5712476,-8,-3,-103
1739482421.6162477,9,-4,42
1739482421.6622477,-38,11,-67
1739482421.7082477,24,-76,-74
1739482421.7542477,75,-52,100
1739482421.7992475,-99,-13,-31
1739482421.8452475,-21,93,57
1739482421.8912475,-23,-71,-130
1739482421.9362476,-108,0,-146
1739482421.9822476,95,-106,85
1739482422.0282476,36,-76,-111
1739482422.0742476,40,57,39
1739482422.1192474,36,94,107
1739482422.1652474,35,-18,55
1739482422.2112474,17,-18,0
1739482422.2562475,-7,-7,15
1739482422.3022475,0,51,-31
1739482422.3482475,35,10,-18
1739482422.3942475,0,30,70
1739482422.4392476,-49,-109,16
1739482422.4852476,-2,59,36
1739482422.5312476,5,-17,-36
1739482422.5762477,77,8,-79
1739482422.6222477,73,-10,12
1739482422.6682477,-37,41,-104
1739482422.7142477,59,-184,-143
1739482422.7592475,-50,-31,-64
1739482422.8052475,20,92,66
1739482422.8512475,0,-7,-91
1739482422.8962476,1,11,-175
1739482422.9422476,22,-48,-6
1739482422.9882476,-31,21,-43
1739482423.0392475,73,2,-96
1739482423.0852475,-42,-73,-56
1739482423.1312475,-9,-2,-152
1739482423.1762476,58,0,-69
1739482423.2222476,-4,-43,41
1739482423.2682476,-59,49,25
1739482423.3142476,-46,-91,-27
1739482423.3592474,-17,15,-71
1739482423.4052474,28,-16,-89
1739482423.4512477,14,42,110
1739482423.4962475,17,-22,36
1739482423.5422475,71,-126,-20
1739482423.5882475,-43,3,94
1739482423.6342475,-61,-99,-10
1739482423.6792476,77,32,-83
1739482423.7252476,45,-46,63
1739482423.7712476,38,-34,-50
1739482423.8162477,-11,61,-24
1739482423.8622477,-71,-53,-42
1739482423.9082477,-48,-19,-116
1739482423.9542477,-6,12,-72
1739482423.9992476,6,68,-22
1739482424.0452476,-26,-13,-31
1739482424.0912476,-30,-23,-94
1739482424.1362476,23,24,9
1739482424.1822476,-19,-61,67
1739482424.2282476,41,-40,24
1739482424.2742476,-33,-39,-43
1739482424.3192475,-48,55,-71
1739482424.3652475,29,-40,45
1739482424.4112475,55,-24,-116
1739482424.4562476,-24,-13,-29
1739482424.5022476,52,-4,-8
1739482424.5482476,37,47,-17
1739482424.5942476,-25,49,96
1739482424.6392477,0,55,73
1739482424.6852477,9,-68,-141
1739482424.7312477,-2,-46,-42
1739482424.7762475,-24,-98,26
1739482424.8222475,9,-36,34
1739482424.8682475,9,-212,-53
1739482424.9142475,-10,-88,52
1739482424.9592476,36,-70,-115
1739482425.0052476,28,-70,0
1739482425.0512476,-1,-17,-16
1739482425.0962474,-50,-80,-90
1739482425.1422474,44,-47,-26
1739482425.1882474,54,-3,-69
1739482425.2342474,3,-97,47
1739482425.2792475,4,-66,2
1739482425.3252475,37,-97,-25
1739482425.3712475,7,-94,-95
1739482425.4162476,26,-37,96
1739482425.4622476,-53,5,5
1739482425.5082476,-101,-72,-50
1739482425.5542476,-30,-25,-27
1739482425.5992477,16,38,-20
1739482425.6452477,22,-145,104
1739482425.6912477,77,18,28
1739482425.7362475,40,-22,-123
1739482425.7822475,51,56,-85
1739482425.8282475,25,-172,-64
1739482425.8742476,24,-28,-16
1739482425.9192476,60,-25,71
1739482425.9652476,63,-73,-45
1739482426.0112476,-65,-36,24
1739482426.0562477,6,-52,-61
1739482426.1022477,-35,-92,-24
1739482426.1482477,-40,-32,-96
1739482426.1942475,56,59,-90
1739482426.2392476,-36,-28,68
1739482426.2852476,-32,-26,-6
1739482426.3312476,51,-3,-13
1739482426.3762476,-17,-29,-16
1739482426.4222476,-122,52,-9
1739482426.4682477,-26,-46,-109
1739482426.5142477,-5,113,-41
1739482426.5592475,36,-36,-19
1739482426.6052475,-11,29,-96
1739482426.6512475,-18,15,-114
1739482426.6962476,37,-134,-129
1739482426.7422476,55,0,-88
1739482426.7882476,36,-54,-121
1739482426.8342476,21,-66,-46
1739482426.8792477,70,-36,-23
1739482426.9252477,12,-28,-112
1739482426.9712474,-46,-29,5
1739482427.0162475,-33,-5,5
1739482427.0622475,27,64,65
1739482427.1082475,68,-60,-40
1739482427.1542475,44,-80,134
1739482427.1992476,-47,-154,41
1739482427.2452476,68,-8,-75
1739482427.2912476,-6,-38,15
1739482427.3362474,73,-90,-39
1739482427.3822474,47,-118,-47
1739482427.4282477,12,-36,-15
1739482427.4742477,-43,-31,66
1739482427.5192475,100,0,0
1739482427.5652475,-20,-3,-73
1739482427.6112475,34,18,-63
1739482427.6562476,3,45,-3
1739482427.7022476,-55,-32,7
1739482427.7482476,-3,-40,-3
1739482427.7942476,-19,23,-101
1739482427.8392477,82,-85,-194
1739482427.8852477,86,-19,-69
1739482427.9312477,-13,-174,16
1739482427.9762475,-16,-94,-5
1739482428.0222476,-5,-66,37
1739482428.0682476,-11,8,-38
1739482428.1142476,-46,-10,21
1739482428.1592476,1,-88,-46
1739482428.2052476,10,-2,-45
1739482428.2512476,-25,-43,-56
1739482428.2962475,35,-18,-23
1739482428.3422475,-27,61,80
1739482428.3882475,-60,-63,-27
1739482428.4342475,-6,-12,-36
1739482428.4792476,34,-84,51
1739482428.5252476,-9,-46,-53
1739482428.5712476,50,-74,0
1739482428.6162477,-95,-69,-22
1739482428.6622477,-40,117,-9
1739482428.7082477,-34,-31,-61
1739482428.7542477,-3,21,-74
1739482428.7992475,27,-133,-146
1739482428.8452475,1,41,50
1739482428.8912475,-15,-16,-90
1739482428.9362476,-18,-162,-110
1739482428.9822476,-21,8,-46
1739482429.0282476,29,18,23
1739482429.0742476,-31,-57,-21
1739482429.1192474,4,24,56
1739482429.1652474,17,-50,-84
1739482429.2112474,-63,17,49
1739482429.2562475,14,-26,-92
1739482429.3022475,-21,-80,-91
1739482429.3482475,-18,14,34
1739482429.3942475,-26,-110,-31
1739482429.4392476,81,35,-127
1739482429.4852476,-52,10,-61
1739482429.5312476,-25,54,-27
1739482429.5762477,18,-75,14
1739482429.6222477,37,-163,-28
1739482429.6682477,72,-3,-51
1739482429.7142477,-54,26,88
1739482429.7592475,21,11,18
1739482429.8052475,-15,-29,80
1739482429.8512475,-46,-70,-1
1739482429.8962476,8,30,-116
1739482429.9422476,-53,50,-58
1739482429.9882476,0,-14,-28
1739482430.0342476,-30,-16,54
1739482430.0792477,46,-143,-94
1739482430.1252477,-58,60,4
1739482430.1712475,-14,-91,-6
1739482430.2162476,48,7,-29
1739482430.2622476,-39,60,42
1739482430.3082476,38,-109,-50
1739482430.3542476,-38,-18,-132
1739482430.3992476,-101,4,23
1739482430.4452477,-36,30,-1
1739482430.4912477,-64,-48,-190
1739482430.5362475,-20,-142,-3
1739482430.5822475,5,-5,-56
1739482430.6282475,13,-29,-1
1739482430.6742475,-33,-38,-18
1739482430.7192476,-34,36,-15
1739482430.7652476,-24,-20,-131
1739482430.8112476,44,19,-19
1739482430.8562477,11,-102,-88
1739482430.9022477,-25,-6,-31
1739482430.9482474,-51,-12,-8
1739482430.9942474,-51,-54,-42
1739482431.0392475,10,-9,-6
1739482431.0852475,7,-5,52
1739482431.1312475,-7,-7,25
1739482431.1762476,62,-109,0
1739482431.2222476,51,63,64
1739482431.2682476,36,-61,-32
1739482431.3142476,-57,0,-60
1739482431.3592474,5,30,-134
1739482431.4052474,20,34,55
1739482431.4512477,-60,141,-72
1739482431.4962475,-5,-27,97
1739482431.5422475,37,-49,-131
1739482431.5882475,40,-19,-86
1739482431.6342475,-52,-78,-4
1739482431.6792476,-5,-78,-42
1739482431.7252476,111,-18,-63
1739482431.7712476,0,-134,-109
1739482431.8162477,19,-66,47
1739482431.8622477,30,-66,-119
1739482431.9082477,-41,-37,-104
1739482431.9542477,-89,-69,-66
1739482431.9992476,-59,-5,-58
1739482432.0452476,18,-138,-3
1739482432.0912476,32,-138,77
1739482432.1362476,-41,37,-176
1739482432.1822476,-6,-25,-113
1739482432.2282476,-6,-5,-89
1739482432.2742476,66,-22,-24
1739482432.3192475,24,59,-179
1739482432.3652475,46,-56,-99
1739482432.4112475,33,-2,-19
1739482432.4562476,30,-31,-6
1739482432.5022476,0,60,72
1739482432.5482476,-39,-55,16
1739482432.5942476,38,28,-22
1739482432.6392477,-39,-93,-5
1739482432.6852477,-7,-5,-90
1739482432.7312477,-41,-36,16
1739482432.7762475,1,80,-44
1739482432.8222475,22,-64,45
1739482432.8682475,-8,-67,-100
1739482432.9142475,23,-70,4
1739482432.9592476,-24,71,-59
1739482433.0112476,11,49,-168
1739482433.0562477,-43,7,-45
1739482433.1022477,-27,89,-68
1739482433.1482477,30,-76,27
1739482433.1942475,38,68,-78
1739482433.2392476,-39,-74,-82
1739482433.2852476,-21,-19,-97
1739482433.3312476,41,-94,-60
1739482433.3762476,48,35,36
1739482433.4222476,-22,20,-59
1739482433.4682477,-21,-131,22
1739482433.5142477,79,-7,37
1739482433.5592475,-80,34,-183
1739482433.6052475,52,-128,27
1739482433.6512475,-48,67,25
1739482433.6962476,-33,47,-92
1739482433.7422476,51,-123,17
1739482433.7882476,-36,-73,-166
1739482433.8342476,-1,40,-13
1739482433.8792477,-29,-91,-28
1739482433.9252477,-9,22,-118
1739482433.9712474,-8,57,-70
1739482434.0162475,30,-33,-38
1739482434.0622475,31,-77,-96
1739482434.1082475,31,-9,-25
1739482434.1542475,-21,108,-80
1739482434.1992476,79,30,-57
1739482434.2452476,-45,-23,-44
1739482434.2912476,63,6,0
1739482434.3362474,-19,-95,-98
1739482434.3822474,103,-32,-76
1739482434.4282477,-49,63,18
1739482434.4742477,51,-14,-86
1739482434.5192475,-37,-79,-47
1739482434.5652475,8,-76,-6
1739482434.6112475,-9,-49,53
1739482434.6562476,43,31,22
1739482434.7022476,-23,30,40
1739482434.7482476,34,-5,-65
1739482434.7942476,12,-64,-20
1739482434.8392477,-11,-54,41
1739482434.8852477,43,75,-132
1739482434.9312477,2,2,91
1739482434.9762475,7,-131,18
1739482435.0222476,-18,-72,87
1739482435.0682476,-30,52,-27
1739482435.1142476,49,7,-21
1739482435.1592476,5,-23,-78
1739482435.2052476,15,-70,-20
1739482435.2512476,-89,-102,-163
1739482435.2962475,-39,-56,-156
1739482435.3422475,-62,60,-30
1739482435.3882475,-14,-44,-58
1739482435.4342475,24,52,-165
1739482435.4792476,16,-14,38
1739482435.5252476,30,46,-75
1739482435.5712476,-39,-89,-134
1739482435.6162477,-27,-33,-51
1739482435.6622477,29,0,-45
1739482435.7082477,24,-70,7
1739482435.7542477,58,46,94
1739482435.7992475,0,-38,-166
1739482435.8452475,3,-74,19
1739482435.8912475,-31,45,-107
1739482435.9362476,-30,27,-65
1739482435.9822476,19,-42,25
1739482436.0282476,3,60,-111
1739482436.0742476,33,-60,-96
1739482436.1192474,-48,33,-64
1739482436.1652474,15,-52,49
1739482436.2112474,-33,58,49
1739482436.2562475,-23,-106,-77
1739482436.3022475,-14,-54,53
1739482436.3482475,6,-76,-77
1739482436.3942475,66,-43,41
1739482436.4392476,-12,-46,65
1739482436.4852476,41,-87,9
1739482436.5312476,-12,27,-41
1739482436.5762477,8,2,-164
1739482436.6222477,-16,-44,3
1739482436.6682477,-57,-36,24
1739482436.7142477,-39,-112,-27
1739482436.7592475,4,39,-136
1739482436.8052475,24,88,-102
1739482436.8512475,-131,-109,-76
1739482436.8962476,-2,-26,-153
1739482436.9422476,-70,-155,5
1739482436.9882476,42,-120,-13
1739482437.0342476,23,-44,94
1739482437.0792477,-1,41,-32
1739482437.1252477,29,-114,-91
1739482437.1712475,-57,-16,-103
1739482437.2162476,-59,-90,-42
1739482437.2622476,24,-87,-111
1739482437.3082476,-86,-76,-117
1739482437.3542476,-17,-22,-186
1739482437.3992476,-54,78,-20
1739482437.4452477,-3,42,-152
1739482437.4912477,11,-69,-48
1739482437.5362475,18,-19,13
1739482437.5822475,-103,32,-5
1739482437.6282475,-51,-80,-67
1739482437.6742475,-33,-7,131
1739482437.7192476,17,-50,-30
1739482437.7652476,9,-14,-61
1739482437.8112476,-19,-49,-58
1739482437.8562477,18,-49,-87
1739482437.9022477,-47,-58,-83
1739482437.9482474,81,-141,-74
1739482437.9942474,-10,133,0
1739482438.0392475,24,33,54
1739482438.0852475,-84,-38,-114
1739482438.1312475,41,-21,-96
1739482438.1762476,-57,-126,-41
1739482438.2222476,47,-43,-48
1739482438.2682476,-3,-38,-105
1739482438.3142476,-70,-86,-118
1739482438.3592474,-4,-28,-26
1739482438.4052474,-60,-22,33
1739482438.4512477,24,-13,-33
1739482438.4962475,54,-111,65
1739482438.5422475,64,41,23
1739482438.5882475,0,-25,-101
1739482438.6342475,26,-41,38
1739482438.6792476,8,-158,77
1739482438.7252476,-7,-96,-66
1739482438.7712476,-39,-60,-67
1739482438.8162477,21,48,-13
1739482438.8622477,21,-21,0
1739482438.9082477,30,-31,-51
1739482438.9542477,23,-62,-109
1739482438.9992476,58,-14,-88
1739482439.0452476,38,-134,-87
1739482439.0912476,17,85,7
1739482439.1362476,94,59,18
1739482439.1822476,15,31,-72
1739482439.2282476,17,2,-16
1739482439.2742476,79,-18,19
1739482439.3192475,76,-4,-65
1739482439.3652475,-26,27,-57
1739482439.4112475,37,-90,-29
1739482439.4562476,-22,69,-176
1739482439.5022476,-35,39,-61
1739482439.5482476,-21,35,-89
1739482439.5942476,-19,-56,0
1739482439.6392477,12,-35,0
1739482439.6852477,-66,-30,-124
1739482439.7312477,-30,26,3
1739482439.7762475,-18,16,-29
1739482439.8222475,29,49,-9
1739482439.8682475,4,37,-44
1739482439.9142475,-1,-122,-38
1739482439.9592476,-1,-38,89
1739482440.0052476,51,-1,68
1739482440.0512476,20,-75,-27
1739482440.0962474,46,-88,-96
1739482440.1422474,3,-176,14
1739482440.1882474,71,-101,36
1739482440.2342474,36,-11,-43
1739482440.2792475,-3,-64,-115
1739482440.3252475,-1,-52,-85
1739482440.3712475,12,6,-25
1739482440.4162476,2,-106,-92
1739482440.4622476,-42,-123,23
1739482440.5082476,-13,-84,-128
1739482440.5542476,-43,79,-26
1739482440.5992477,-35,-34,64
1739482440.6452477,-80,-52,-124
1739482440.6912477,-13,-18,-106
1739482440.7362475,-54,-22,-117
1739482440.7822475,-32,-71,21
1739482440.8282475,-21,15,-9
1739482440.8742476,-85,-108,-54
1739482440.9192476,57,-125,-3
1739482440.9652476,-10,-48,142
1739482441.0112476,-1,43,11
1739482441.0562477,68,-77,-10
1739482441.1022477,35,-46,-140
1739482441.1482477,-18,-102,-41
1739482441.1942475,64,-39,-113
1739482441.2392476,-12,29,-48
1739482441.2852476,41,-11,68
1739482441.3312476,44,-3,-45
1739482441.3762476,-18,48,-29
1739482441.4222476,-22,36,3
1739482441.4682477,-31,32,-14
1739482441.5142477,-98,-36,21
1739482441.5592475,-17,-146,-55
1739482441.6052475,27,-111,-54
1739482441.6512475,-4,12,-37
1739482441.6962476,-22,-2,41
1739482441.7422476,-27,-94,25
1739482441.7882476,77,-29,-83
1739482441.8342476,0,-84,-15
1739482441.8792477,82,-67,-72
1739482441.9252477,-44,18,31
1739482441.9712474,15,-129,-43
1739482442.0162475,-38,70,14
1739482442.0622475,41,-57,-39
1739482442.1082475,61,-65,14
1739482442.1542475,-101,-74,-28
1739482442.1992476,64,35,32
1739482442.2452476,33,4,53
1739482442.2912476,40,131,-118
1739482442.3362474,3,-110,40
1739482442.3822474,17,25,78
1739482442.4282477,23,67,-24
1739482442.4742477,16,-17,-32
1739482442.5192475,47,33,-28
1739482442.5652475,26,19,-15
1739482442.6112475,82,-191,-54
1739482442.6562476,38,21,-38
1739482442.7022476,3,-11,-91
1739482442.7482476,-9,-29,7
1739482442.7942476,-15,12,-120
1739482442.8392477,-77,31,-25
1739482442.8852477,94,-76,62
1739482442.9312477,101,-43,22
1739482442.9762475,8,-231,33
1739482443.0282476,2,-73,22
1739482443.0742476,1,-73,42
1739482443.1192474,-9,61,-7
1739482443.1652474,19,-48,-65
1739482443.2112474,12,0,21
1739482443.2562475,39,38,85
1739482443.3022475,59,-53,-13
1739482443.3482475,58,-25,-142
1739482443.3942475,56,61,-55
1739482443.4392476,78,-77,39
1739482443.4852476,0,64,31
1739482443.5312476,51,-131,-41
1739482443.5762477,21,61,-139
1739482443.6222477,8,-21,-111
1739482443.6682477,-11,54,-98
1739482443.7142477,-89,-65,-83
1739482443.7592475,34,-73,-43
1739482443.8052475,59,-24,-47
1739482443.8512475,23,-58,31
1739482443.8962476,-54,41,-97
1739482443.9422476,61,52,29
1739482443.9882476,75,-68,99
1739482444.0342476,24,-114,-13
1739482444.0792477,27,-90,-143
1739482444.1252477,-42,-52,138
1739482444.1712475,-35,6,-68
1739482444.2162476,-8,-90,-83
1739482444.2622476,26,-96,-29
1739482444.3082476,-11,-30,-106
1739482444.3542476,0,-22,-12
1739482444.3992476,-91,-143,-11
1739482444.4452477,-15,-91,-84
1739482444.4912477,27,44,-30
1739482444.5362475,-20,-59,0
1739482444.5822475,35,14,-32
1739482444.6282475,-9,26,-160
1739482444.6742475,0,77,18
1739482444.7192476,-77,75,-14
1739482444.7652476,-107,33,-20
1739482444.8112476,-91,-97,-99
1739482444.8562477,63,-76,-33
1739482444.9022477,-27,17,13
1739482444.9482474,61,0,-45
1739482444.9942474,-45,108,-48
1739482445.0392475,-24,-36,-31
1739482445.0852475,36,21,-94
1739482445.1312475,97,-35,-51
1739482445.1762476,33,21,-49
1739482445.2222476,-40,2,-61
1739482445.2682476,-14,-24,-85
1739482445.3142476,-88,-42,-48
1739482445.3592474,-23,-90,-38
1739482445.4052474,-24,22,25
1739482445.4512477,-1,58,-9
1739482445.4962475,-4,61,-139
1739482445.5422475,35,-150,-100
1739482445.5882475,-11,-139,-86
1739482445.6342475,92,-44,-117
1739482445.6792476,-52,-75,-12
1739482445.7252476,-6,-55,35
1739482445.7712476,-66,-28,12
1739482445.8162477,-46,-45,-163
1739482445.8622477,-2,-46,-44
1739482445.9082477,-86,-56,33
1739482445.9542477,50,-51,-53
1739482445.9992476,11,-74,71
1739482446.0452476,70,-42,-34
1739482446.0912476,62,-46,-30
1739482446.1362476,1,-162,52
1739482446.1822476,-2,-73,-6
1739482446.2282476,-7,-63,-175
1739482446.2742476,-19,-39,18
1739482446.3192475,71,13,-116
1739482446.3652475,52,-18,2
1739482446.4112475,-43,-49,20
1739482446.4562476,-13,-131,94
1739482446.5022476,-58,41,-58
1739482446.5482476,7,-78,-1
1739482446.5942476,-24,-104,-38
1739482446.6392477,-47,-118,14
1739482446.6852477,22,5,-168
1739482446.7312477,92,-31,5
1739482446.7762475,-2,-124,-100
1739482446.8222475,6,-28,-180
1739482446.8682475,-64,41,-134
1739482446.9142475,12,-32,1
1739482446.9592476,-49,-129,-5
1739482447.0052476,-78,-104,85
1739482447.0512476,39,99,-113
1739482447.0962474,-23,90,1
1739482447.1422474,76,36,5
1739482447.1882474,-6,-2,77
1739482447.2342474,-20,-65,-42
1739482447.2792475,40,-68,-47
1739482447.3252475,4,-60,-82
1739482447.3712475,25,-13,-92
1739482447.4162476,3,-4,9
1739482447.4622476,-92,6,-8
1739482447.5082476,-9,143,95
1739482447.5542476,-82,-46,9
1739482447.5992477,55,-198,-63
1739482447.6452477,96,-48,-129
1739482447.6912477,16,-67,-118
1739482447.7362475,-62,-69,-139
1739482447.7822475,-19,18,-19
1739482447.8282475,-28,-38,-125
1739482447.8742476,-26,2,7
1739482447.9192476,56,-71,29
1739482447.9652476,24,79,-100
1739482448.0112476,21,-236,0
1739482448.0562477,-40,-38,-74
1739482448.1022477,6,-31,-36
1739482448.1482477,-44,36,-75
1739482448.1942475,-21,-79,80
1739482448.2392476,-38,-33,46
1739482448.2852476,1,92,51
1739482448.3312476,-15,41,-103
1739482448.3762476,-31,-43,-136
1739482448.4222476,64,-143,59
1739482448.4682477,-8,36,-109
1739482448.5142477,-3,-18,48
1739482448.5592475,-21,-23,-17
1739482448.6052475,62,91,-19
1739482448.6512475,75,1,67
1739482448.6962476,23,39,-68
1739482448.7422476,-13,8,-20
1739482448.7882476,-58,0,-79
1739482448.8342476,-16,-74,-70
1739482448.8792477,-24,-12,76
1739482448.9252477,4,116,68
1739482448.9712474,-8,-68,-116
1739482449.0162475,5,-95,23
1739482449.0622475,-17,-16,6
1739482449.1082475,-87,-78,111
1739482449.1542475,46,-37,-35
1739482449.1992476,-20,-180,-95
1739482449.2452476,68,33,-49
1739482449.2912476,-26,-144,-71
1739482449.3362474,-29,-130,-15
1739482449.3822474,-11,50,0
1739482449.4282477,3,-45,-16
1739482449.4742477,14,-45,-96
1739482449.5192475,-31,68,-129
1739482449.5642476,-54,-68,-96
1739482449.6102476,49,23,-56
1739482449.6552474,0,-66,-68
1739482449.7012477,33,-2,-70
1739482449.7472477,-68,-35,-37
1739482449.7922475,-12,-121,11
1739482449.8382475,36,-28,17
1739482449.8842475,21,-94,152
1739482449.9302475,-3,-16,-27
1739482449.9752476,23,21,-33
1739482450.0212476,-39,60,-75
1739482450.0672476,33,23,-20
1739482450.1122477,28,93,-26
1739482450.1582477,10,-199,11
1739482450.2042477,3,-77,-180
1739482450.2502477,2,-100,-14
1739482450.2952476,-42,4,-51
1739482450.3412476,-53,88,-69
1739482450.3872476,-1,-73,-28
1739482450.4322476,43,-17,-81
1739482450.4782476,71,85,-93
1739482450.5242476,-7,6,-20
1739482450.5702477,113,-47,-96
1739482450.6152475,16,47,41
1739482450.6612475,60,-63,-87
1739482450.7072475,6,169,-92
1739482450.7522476,-41,-38,-89
1739482450.7982476,39,7,-79
1739482450.8442476,57,67,-11
1739482450.8892477,-92,-80,-60
1739482450.9352477,19,-7,-2
1739482450.9812477,13,-23,-28
1739482451.0272477,26,63,-5
1739482451.0722475,43,-11,88
1739482451.1182475,-32,15,-29
1739482451.1642475,33,-160,19
1739482451.2092476,12,-8,61
1739482451.2552476,-25,-131,-120
1739482451.3012476,-45,-33,-43
1739482451.3472476,0,-157,-38
1739482451.3922474,25,-28,61
1739482451.4382474,15,20,-6
1739482451.4842474,48,-89,-66
1739482451.5292475,-29,46,-38
1739482451.5752475,102,-75,44
1739482451.6212475,-13,46,109
1739482451.6672475,5,-23,-131
1739482451.7122476,7,83,88
1739482451.7582476,6,-95,-51
1739482451.8042476,11,-38,50
1739482451.8492477,-40,-64,-91
1739482451.8952477,-1,-83,-42
1739482451.9412477,-6,-76,-21
1739482451.9872477,-8,-24,-12
1739482452.0322475,36,-51,-193
1739482452.0782475,0,-85,-10
1739482452.1242476,22,-63,29
1739482452.1692476,-6,100,21
1739482452.2152476,84,73,46
1739482452.2612476,-36,12,-66
1739482452.3072476,-30,-22,8
1739482452.3522477,21,-47,-5
1739482452.3982477,21,-117,-37
1739482452.4442475,14,-13,-11
1739482452.4892476,-50,40,-45
1739482452.5352476,10,-51,-71
1739482452.5812476,-21,-109,4
1739482452.6272476,2,-52,-39
1739482452.6722476,22,-123,14
1739482452.7182477,-12,1,-7
1739482452.7642477,-3,26,48
1739482452.8092475,-86,-52,2
1739482452.8552475,98,17,-23
1739482452.9012475,4,-58,49
1739482452.9472475,21,65,-64
1739482452.9922476,6,-135,-70
1739482453.0442476,31,69,-55
1739482453.0892477,73,69,-4
1739482453.1352477,0,-62,22
1739482453.1812477,12,-19,9
1739482453.2272477,10,-67,-40
1739482453.2722476,27,33,-5
1739482453.3182476,-57,-98,-14
1739482453.3642476,-54,-56,-74
1739482453.4092476,-42,-68,-92
1739482453.4552476,48,-51,-8
1739482453.5012476,-9,-27,10
1739482453.5472476,73,-19,-49
1739482453.5922475,28,-47,21
1739482453.6382475,13,-121,-36
1739482453.6842475,13,-55,-104
1739482453.7292476,20,-48,55
1739482453.7752476,-6,63,-33
1739482453.8212476,-37,-116,-13
1739482453.8652475,12,-157,41
1739482453.9112475,62,-77,-44
1739482453.9572475,-59,56,42
1739482454.0032475,-11,-13,-127
1739482454.0482476,16,-13,-85
1739482454.0942476,60,-147,-24
1739482454.1402476,-46,-2,-59
1739482454.1852477,0,37,-99
1739482454.2312477,-17,-164,-38
1739482454.2772477,60,67,-118
1739482454.3232474,40,-79,-53
1739482454.3682475,5,-43,28
1739482454.4142475,38,-101,-23
1739482454.4602475,-78,-62,-25
1739482454.5052476,19,81,-42
1739482454.5512476,-30,-36,-122
1739482454.5972476,95,65,32
1739482454.6432476,-9,-110,8
1739482454.6882474,48,47,32
1739482454.7342474,-33,-30,-113
1739482454.7802474,15,-31,-59
1739482454.8252475,-32,-90,-52
1739482454.8712475,-40,-8,-163
1739482454.9172475,10,-62,3
1739482454.9632475,21,-50,75
1739482455.0082476,10,69,22
1739482455.0542476,65,1,-117
1739482455.1002476,-4,30,4
1739482455.1452477,26,-161,4
1739482455.1912477,73,123,-28
1739482455.2372477,-88,40,86
1739482455.2832477,-80,-6,76
1739482455.3282475,2,-65,-155
1739482455.3742476,20,33,51
1739482455.4202476,-9,-6,-109
1739482455.4652476,16,-161,70
1739482455.5112476,-79,18,-58
1739482455.5572476,0,-1,-27
1739482455.6032476,-20,-24,57
1739482455.6482477,65,37,35
1739482455.6942475,52,-53,-77
1739482455.7402475,0,-51,143
1739482455.7852476,-75,-30,-64
1739482455.8312476,36,-137,34
1739482455.8772476,57,-55,19
1739482455.9232476,-13,-54,-2
1739482455.9682477,0,22,-13
1739482456.0142477,51,-91,-11
1739482456.0602477,-17,-62,-58
1739482456.1052475,38,7,-65
1739482456.1512475,-4,-37,3
1739482456.1972475,36,-69,-27
1739482456.2432475,5,-218,89
1739482456.2882476,-25,-12,-113
1739482456.3342476,-22,-26,8
1739482456.3802476,-9,-178,-12
1739482456.4252477,32,-19,-1
1739482456.4712474,-51,56,-78
1739482456.5172474,55,63,-17
1739482456.5632474,-52,-60,23
1739482456.6082475,-18,-76,34
1739482456.6542475,-77,-26,-45
1739482456.7002475,-1,-22,-172
1739482456.7452476,-54,-4,-51
1739482456.7912476,-48,20,-42
1739482456.8372476,4,-6,7
1739482456.8832476,66,-25,-14
1739482456.9282477,0,-28,64
1739482456.9742477,-54,-14,125
1739482457.0202477,-45,-140,-18
1739482457.0652475,42,-67,98
1739482457.1112475,56,15,-41
1739482457.1572475,52,-53,-116
1739482457.2032475,-16,12,13
1739482457.2482476,-26,-85,-11
1739482457.2942476,6,0,-63
1739482457.3402476,0,-31,-116
1739482457.3852477,-4,-98,6
1739482457.4312477,-14,-80,-1
1739482457.4772477,-35,-132,42
1739482457.5232477,-37,-20,-53
1739482457.5682476,-64,-64,0
1739482457.6142476,19,-47,-74
1739482457.6602476,-23,-103,-106
1739482457.7052476,107,-127,-55
1739482457.7512476,24,-43,116
1739482457.7972476,-25,-70,-7
1739482457.8432477,5,31,-81
1739482457.8882475,-7,-130,-51
1739482457.9342475,52,55,-63
1739482457.9802475,0,-28,-91
1739482458.0252476,-99,6,-104
1739482458.0712476,10,-31,58
1739482458.1172476,-60,-14,-71
1739482458.1632476,-120,66,3
1739482458.2082477,79,-7,54
1739482458.2542477,79,15,-87
1739482458.3002477,-58,36,121
1739482458.3452475,15,-83,-49
1739482458.3912475,-16,-4,39
1739482458.4372475,-18,2,5
1739482458.4832475,25,-81,-34
1739482458.5282476,-87,38,-45
1739482458.5742476,-26,-66,-33
1739482458.6202476,-62,-42,38
1739482458.6652474,56,-143,-59
1739482458.7112474,-29,-34,-30
1739482458.7572474,-29,8,-28
1739482458.8032477,-48,-112,-18
1739482458.8482475,88,-63,67
1739482458.8942475,-19,-77,-34
1739482458.9402475,15,-77,96
1739482458.9852476,-23,18,-97
1739482459.0312476,12,-127,-14
1739482459.0772476,5,-5,-105
1739482459.1232476,-55,-32,-56
1739482459.1682477,-18,-12,19
1739482459.2142477,65,87,-173
1739482459.2602477,64,-39,-29
1739482459.3052475,43,-103,-67
1739482459.3512475,-17,36,-33
1739482459.3972476,-104,-6,22
1739482459.4432476,54,-109,-120
1739482459.4882476,-4,-91,-98
1739482459.5342476,-59,144,48
1739482459.5802476,-31,30,-33
1739482459.6252477,-31,-66,-81
1739482459.6712475,2,40,-222
1739482459.7172475,11,-1,20
1739482459.7632475,-2,-27,-57
1739482459.8082476,72,-111,-30
1739482459.8542476,-36,-12,9
1739482459.9002476,-27,-24,-112
1739482459.9452477,-14,-32,-16
1739482459.9912477,-20,-150,-93
1739482460.0372477,52,17,-36
1739482460.0832477,-9,-66,-70
1739482460.1282475,47,-63,-9
1739482460.1742475,23,-135,13
1739482460.2202475,51,-33,-15
1739482460.2652476,30,109,122
1739482460.3112476,63,-11,15
1739482460.3572476,-61,-42,-107
1739482460.4032476,-35,4,-118
1739482460.4482474,17,49,-25
1739482460.4942474,36,-71,-34
1739482460.5402474,1,-35,-24
1739482460.5852475,59,117,-68
1739482460.6312475,119,-95,-13
1739482460.6772475,13,-21,-98
1739482460.7232475,11,-22,-48
1739482460.7682476,-63,10,47
1739482460.8142476,-21,-102,-61
1739482460.8602476,-108,-34,10
1739482460.9052474,1,-67,0
1739482460.9512477,0,69,23
1739482460.9972477,-39,-22,-106
1739482461.0432477,-69,10,11
1739482461.0882475,77,45,-91
1739482461.1342475,19,-23,-19
1739482461.1802475,-2,-39,-67
1739482461.2252476,22,-77,33
1739482461.2712476,-91,-10,-100
1739482461.3172476,-18,-78,-21
1739482461.3632476,-66,-148,-60
1739482461.4082477,-31,-56,-58
1739482461.4542477,54,-31,1
1739482461.5002477,33,23,-126
1739482461.5452476,-36,10,-87
1739482461.5912476,-17,-52,-22
1739482461.6372476,-33,-52,-80
1739482461.6832476,-25,-64,51
1739482461.7282476,-18,-12,-6
1739482461.7742476,-57,-52,-46
1739482461.8202477,-8,62,-48
1739482461.8652475,73,-1,-82
1739482461.9112475,-50,-10,6
1739482461.9572475,-11,33,-52
1739482462.0032475,26,-71,-129
1739482462.0482476,-34,-70,-35
1739482462.0942476,-60,130,-24
1739482462.1402476,83,-37,-61
1739482462.1852477,-15,-135,25
1739482462.2312477,-17,0,-39
1739482462.2772477,10,-57,-123
1739482462.3232474,13,-69,11
1739482462.3682475,-12,-34,-44
1739482462.4142475,66,-7,-87
1739482462.4602475,-19,-110,30
1739482462.5052476,16,-89,-26
1739482462.5512476,-23,24,-131
1739482462.5972476,-17,-12,-83
1739482462.6432476,-12,44,-54
1739482462.6882474,23,-25,62
1739482462.7342474,-60,-130,-60
1739482462.7802474,67,1,-99
1739482462.8252475,6,-99,-42
1739482462.8712475,-84,-10,-105
1739482462.9172475,0,-175,-51
1739482462.9632475,-16,-14,-150
1739482463.0082476,6,99,-140
1739482463.0602477,5,-53,-135
1739482463.1052475,-22,-152,-50
1739482463.1512475,-32,-50,-126
1739482463.1972475,72,73,72
1739482463.2432475,22,3,56
1739482463.2882476,14,5,6
1739482463.3342476,47,-1,-1
1739482463.3802476,-8,-180,-25
1739482463.4252477,-28,18,-83
1739482463.4712474,-57,2,42
1739482463.5172474,-11,-55,-38
1739482463.5632474,-89,-16,-97
1739482463.6082475,59,-189,-50
1739482463.6542475,-65,6,5
1739482463.7002475,39,-37,-19
1739482463.7452476,75,-75,-133
1739482463.7912476,39,-19,-70
1739482463.8372476,-36,66,36
1739482463.8832476,-25,-144,-22
1739482463.9282477,34,-93,-61
1739482463.9742477,13,-147,45
1739482464.0202477,22,-49,-81
1739482464.0652475,-23,-78,10
1739482464.1112475,15,79,132
1739482464.1572475,-45,118,-88
1739482464.2032475,25,-61,89
1739482464.2482476,-42,-42,-116
1739482464.2942476,10,29,-26
1739482464.3402476,-86,80,-26
1739482464.3852477,61,21,-91
1739482464.4312477,31,-171,125
1739482464.4772477,60,67,39
1739482464.5232477,-16,-46,47
1739482464.5682476,34,-51,12
1739482464.6142476,59,-159,21
1739482464.6602476,-58,-106,-16
1739482464.7052476,42,55,0
1739482464.7512476,-10,110,37
1739482464.7972476,61,-167,-83
1739482464.8432477,58,3,-107
1739482464.8882475,64,3,-104
1739482464.9342475,-58,-84,-27
1739482464.9802475,-23,-76,33
1739482465.0252476,-9,6,-1
1739482465.0712476,77,63,14
1739482465.1172476,-4,-66,-93
1739482465.1632476,4,71,-51
1739482465.2082477,-80,10,-1
1739482465.2542477,-50,-100,54
1739482465.3002477,1,44,-98
1739482465.3452475,18,-37,-49
1739482465.3912475,-107,-62,-11
1739482465.4372475,-52,-38,-64
1739482465.4832475,44,-7,-32
1739482465.5282476,-37,-116,-78
1739482465.5742476,-28,-92,18
1739482465.6202476,-13,-20,-67
1739482465.6652474,1,-63,40
1739482465.7112474,23,-21,125
1739482465.7572474,11,-125,-69
1739482465.8032477,30,1,18
1739482465.8482475,-33,-10,93
1739482465.8942475,70,35,-32
1739482465.9402475,134,-79,1
1739482465.9852476,-120,-24,-108
1739482466.0312476,-34,-48,-17
1739482466.0772476,0,74,-74
1739482466.1232476,20,-33,-100
1739482466.1682477,38,-123,-31
1739482466.2142477,15,9,-64
1739482466.2602477,22,-29,-16
1739482466.3052475,24,-23,163
1739482466.3512475,52,-33,-61
1739482466.3972476,-6,-55,31
1739482466.4432476,9,-17,31
1739482466.4882476,70,29,34
1739482466.5342476,-44,-40,-49
1739482466.5802476,65,-35,45
1739482466.6252477,7,-139,35
1739482466.6712475,-85,-54,-10
1739482466.7172475,-31,50,60
1739482466.7632475,19,-59,69
1739482466.8082476,-50,-68,-76
1739482466.8542476,92,59,-112
1739482466.9002476,-3,-18,-79
1739482466.9452477,26,33,5
1739482466.9912477,-17,-20,-85
1739482467.0372477,10,137,-42
1739482467.0832477,39,-55,14
1739482467.1282475,-34,-96,-36
1739482467.1742475,-76,48,-44
1739482467.2202475,29,-141,-11
1739482467.2652476,9,95,-6
1739482467.3112476,-91,-62,43
1739482467.3572476,-38,44,-27
1739482467.4032476,47,-81,-52
1739482467.4482474,3,-36,-138
1739482467.4942474,-8,-52,-12
1739482467.5402474,-23,-22,40
1739482467.5852475,35,-109,-95
1739482467.6312475,-20,-70,-1
1739482467.6772475,0,-38,11
1739482467.7232475,41,-103,-53
1739482467.7682476,16,-139,-116
1739482467.8142476,-36,-128,-76
1739482467.8602476,31,-5,-123
1739482467.9052474,11,-37,-24
1739482467.9512477,-27,14,-4
1739482467.9972477,-72,-60,-18
1739482468.0432477,13,9,-43
1739482468.0882475,-1,-73,-138
1739482468.1342475,-41,-16,134
1739482468.1802475,23,-33,17
1739482468.2252476,-35,140,56
1739482468.2712476,-77,-34,35
1739482468.3172476,33,-15,-133
1739482468.3632476,0,-8,-41
1739482468.4082477,-25,-64,-4
1739482468.4542477,-49,6,-26
1739482468.5002477,-54,28,-83
1739482468.5452476,68,0,-39
1739482468.5912476,1,-21,-107
1739482468.6372476,34,-193,-43
1739482468.6832476,-20,16,-9
1739482468.7282476,1,-37,-44
1739482468.7742476,-24,-42,-5
1739482468.8202477,-42,-46,-78
1739482468.8652475,-61,-94,40
1739482468.9112475,-83,-98,-150
1739482468.9572475,-23,-96,-128
1739482469.0032475,57,61,29
1739482469.0482476,13,141,88
1739482469.0942476,-56,0,27
1739482469.1402476,69,-23,-21
1739482469.1852477,25,-133,43
1739482469.2312477,-39,-82,75
1739482469.2772477,22,-25,147
1739482469.3232474,-27,-52,-38
1739482469.3682475,-65,-56,-102
1739482469.4142475,15,41,86
1739482469.4602475,9,-111,-16
1739482469.5052476,-38,-34,-64
1739482469.5512476,37,29,-168
1739482469.5972476,-16,-104,-56
1739482469.6432476,5,-116,-28
1739482469.6882474,-6,-6,-29
1739482469.7342474,11,-83,-22
1739482469.7802474,7,-45,-37
1739482469.8252475,-4,-125,-25
1739482469.8712475,3,-11,12
1739482469.9172475,-4,-46,-34
1739482469.9632475,-67,-162,-51
1739482470.0082476,0,34,-84
1739482470.0542476,-79,-60,19
1739482470.1002476,49,135,146
1739482470.1452477,10,-167,-29
1739482470.1912477,10,150,34
1739482470.2372477,-24,-84,-8
1739482470.2832477,-22,93,-3
1739482470.3282475,2,38,-13
1739482470.3742476,-36,58,-54
1739482470.4202476,47,7,18
1739482470.4652476,-46,-98,-41
1739482470.5112476,-82,-2,-40
1739482470.5572476,38,-99,36
1739482470.6032476,-41,-112,116
1739482470.6482477,-3,-186,-81
1739482470.6942475,12,-31,-101
1739482470.7402475,33,123,-12
1739482470.7852476,0,42,-11
1739482470.8312476,57,-75,-1
1739482470.8772476,12,-100,-79
1739482470.9232476,-9,-2,-56
1739482470.9682477,115,-29,0
1739482471.0142477,-8,62,-109
1739482471.0602477,66,15,-52
1739482471.1052475,-84,0,-26
1739482471.1512475,57,23,-27
1739482471.1972475,32,-123,-19
1739482471.2432475,-19,74,-15
1739482471.2882476,106,-57,80
1739482471.3342476,-14,56,-38
1739482471.3802476,36,75,-37
1739482471.4252477,-2,-79,-3
1739482471.4712474,13,-82,5
1739482471.5172474,42,-23,6
1739482471.5632474,-19,134,7
1739482471.6082475,-9,4,-65
1739482471.6542475,-29,-138,-66
1739482471.7002475,-60,-40,-37
1739482471.7452476,119,7,-8
1739482471.7912476,-4,-30,-58
1739482471.8372476,4,-99,-116
1739482471.8832476,52,69,-12
1739482471.9282477,-20,-106,49
1739482471.9742477,35,67,88
1739482472.0202477,-63,-24,-44
1739482472.0652475,-13,-52,-68
1739482472.1112475,-67,-114,58
1739482472.1572475,2,-187,-44
1739482472.2032475,20,65,-72
1739482472.2482476,-5,-142,94
1739482472.2942476,22,-13,-39
1739482472.3402476,-19,-46,-21
1739482472.3852477,-25,-76,39
1739482472.4312477,24,91,-35
1739482472.4772477,-73,-38,44
1739482472.5232477,37,0,-42
1739482472.5682476,52,-69,119
1739482472.6142476,-13,-162,-35
1739482472.6602476,0,-91,-29
1739482472.7052476,53,25,-68
1739482472.7512476,-37,30,-153
1739482472.7972476,1,39,-182
1739482472.8432477,48,19,-12
1739482472.8882475,28,-39,-78
1739482472.9342475,-38,-44,-48
1739482472.9802475,-44,-26,-33
1739482473.0252476,27,33,-140
1739482473.0772476,-2,-26,-63
1739482473.1232476,13,31,-65
1739482473.1682477,67,-17,33
1739482473.2142477,-37,-30,52
1739482473.2602477,50,-259,-137
1739482473.3052475,8,85,-59
1739482473.3512475,-11,61,-5
1739482473.3972476,6,-43,19
1739482473.4432476,80,7,-124
1739482473.4882476,-19,48,-62
1739482473.5342476,31,3,65
1739482473.5802476,-15,-104,-61
1739482473.6252477,-32,-44,-103
1739482473.6712475,-8,-148,-150
1739482473.7172475,87,-9,-45
1739482473.7632475,-16,15,-19
1739482473.8082476,25,-16,-75
1739482473.8542476,52,-51,47
1739482473.9002476,-21,-55,-51
1739482473.9452477,-67,-44,3
1739482473.9912477,-11,-38,13
1739482474.0372477,15,1,-69
1739482474.0832477,-60,-20,15
1739482474.1282475,142,41,-121
1739482474.1742475,-14,-29,-15
1739482474.2202475,-11,8,19
1739482474.2652476,-27,12,-37
1739482474.3112476,-15,-154,8
1739482474.3572476,-53,-80,-126
1739482474.4032476,-6,-62,-50
1739482474.4482474,-23,24,35
1739482474.4942474,-38,-166,22
1739482474.5402474,26,-73,22
1739482474.5852475,-62,88,-37
1739482474.6312475,25,9,-116
1739482474.6772475,-1,15,24
1739482474.7232475,20,-45,13
1739482474.7682476,-24,-20,-67
1739482474.8142476,-84,16,-42
1739482474.8602476,-22,-28,55
1739482474.9052474,-4,-118,-151
1739482474.9512477,22,-121,-14
1739482474.9972477,-37,-12,17
1739482475.0432477,-81,-194,-17
1739482475.0882475,28,-35,-83
1739482475.1342475,-83,-50,8
1739482475.1802475,3,-92,-92
1739482475.2252476,44,-47,184
1739482475.2712476,-84,-104,-127
1739482475.3172476,-63,-116,0
1739482475.3632476,-20,-92,-28
1739482475.4082477,-46,-60,90
1739482475.4542477,-12,64,-67
1739482475.5002477,-18,46,-64
1739482475.5452476,-3,74,72
1739482475.5912476,-32,-10,-104
1739482475.6372476,-30,-34,-62
1739482475.6832476,-28,-36,-114
1739482475.7282476,-8,-44,-27
1739482475.7742476,-35,-72,-26
1739482475.8202477,33,8,20
1739482475.8652475,48,-88,-21
1739482475.9112475,-10,-47,23
1739482475.9572475,-30,-17,-147
1739482476.0032475,15,31,-119
1739482476.0482476,-60,1,-11
1739482476.0942476,0,-53,-37
1739482476.1402476,74,-10,-4
1739482476.1852477,30,-4,6
1739482476.2312477,29,-16,-40
1739482476.2772477,-52,-143,-8
1739482476.3232474,14,43,-166
1739482476.3682475,-11,-35,9
1739482476.4142475,-30,-49,-103
1739482476.4602475,31,-18,-6
1739482476.5052476,8,-18,14
1739482476.5512476,-18,-39,-21
1739482476.5972476,62,-2,60
1739482476.6432476,69,-40,-60
1739482476.6882474,-16,-13,-68
1739482476.7342474,62,2,-14
1739482476.7802474,-37,33,-138
1739482476.8252475,-47,-5,-90
1739482476.8712475,-7,-69,-7
1739482476.9172475,78,-68,-69
1739482476.9632475,47,-102,17
1739482477.0082476,62,-144,-137
1739482477.0542476,-46,-25,-62
1739482477.1002476,2,55,-23
1739482477.1452477,-23,33,20
1739482477.1912477,-7,-43,-115
1739482477.2372477,-27,-105,-29
1739482477.2832477,-52,43,-128
1739482477.3282475,-94,-53,-121
1739482477.3742476,-3,39,-46
1739482477.4202476,-91,-29,-48
1739482477.4652476,-70,-101,-33
1739482477.5112476,-125,-1,-108
1739482477.5572476,-65,-135,-104
1739482477.6022477,5,-38,84
1739482477.6482477,-54,-85,-161
1739482477.6942475,71,-6,-9
1739482477.7402475,38,78,11
1739482477.7852476,49,-86,114
1739482477.8312476,-20,-167,-6
1739482477.8772476,19,-6,84
1739482477.9232476,51,-94,66
1739482477.9682477,-3,73,-2
1739482478.0142477,-26,-53,64
1739482478.0602477,74,-98,-122
1739482478.1052475,-45,-149,-144
1739482478.1512475,10,34,-29
1739482478.1972475,-7,-7,39
1739482478.2432475,20,-22,-51
1739482478.2882476,24,-142,-100
1739482478.3342476,-2,49,-99
1739482478.3802476,-28,-5,-90
1739482478.4252477,26,-72,-42
1739482478.4712474,57,4,-49
1739482478.5172474,-26,-51,-53
1739482478.5632474,37,18,42
1739482478.6082475,-65,-37,54
1739482478.6542475,-17,-123,-43
1739482478.7002475,-41,-81,12
1739482478.7452476,74,4,-51
1739482478.7912476,5,-20,-44
1739482478.8372476,6,-64,19
1739482478.8832476,3,-48,-138
1739482478.9282477,18,22,-112
1739482478.9742477,-50,-63,-80
1739482479.0202477,-28,25,19
1739482479.0652475,59,-52,-69
1739482479.1112475,25,0,-9
1739482479.1572475,1,-6,20
1739482479.2032475,-91,-65,19
1739482479.2482476,-128,-89,-60
1739482479.2942476,-19,5,28
1739482479.3402476,-39,-91,-12
1739482479.3852477,-24,-101,-44
1739482479.4312477,-9,45,-7
1739482479.4772477,15,-50,12
1739482479.5232477,-69,-41,-230
1739482479.5682476,-5,12,-28
1739482479.6142476,-21,-77,-3
1739482479.6602476,-32,-25,-91
1739482479.7052476,29,-56,-38
1739482479.7512476,-24,-21,-35
1739482479.7972476,-88,-11,0
1739482479.8432477,-23,63,-49
1739482479.8882475,-17,47,14
1739482479.9342475,43,-40,-100
1739482479.9792476,33,84,-88
1739482480.0242476,2,-48,-23
1739482480.0702477,57,84,29
1739482480.1162477,-13,-27,-36
1739482480.1612475,31,-52,-26
1739482480.2072475,-61,-73,-30
1739482480.2532475,12,-16,34
1739482480.2992475,-78,-145,-35
1739482480.3442476,0,-1,40
1739482480.3902476,34,-50,-2
1739482480.4362476,36,-32,-65
1739482480.4812477,95,0,54
1739482480.5272477,73,-60,0
1739482480.5732474,-16,-129,-9
1739482480.6192474,9,-48,-63
1739482480.6642475,-28,7,-19
1739482480.7102475,53,-66,-46
1739482480.7562475,19,-110,-20
1739482480.8012476,53,-72,-24
1739482480.8472476,-5,15,58
1739482480.8932476,54,52,51
1739482480.9392476,-37,117,-30
1739482480.9842474,-89,25,-26
1739482481.0302474,-29,-27,51
1739482481.0762477,32,-2,12
1739482481.1212475,-73,-51,30
1739482481.1672475,51,-62,-55
1739482481.2132475,36,-108,-57
1739482481.2592475,-6,45,-20
1739482481.3042476,-8,-47,-50
1739482481.3502476,9,8,-85
1739482481.3962476,21,-40,-108
1739482481.4412477,-52,-111,-91
1739482481.4872477,-95,-63,-187
1739482481.5332477,41,-86,-11
1739482481.5792477,-29,-5,-97
1739482481.6242476,55,20,88
1739482481.6702476,-3,-93,-56
1739482481.7162476,-109,-85,43
1739482481.7612476,23,-90,-64
1739482481.8072476,-24,-35,-55
1739482481.8532476,1,-43,13
1739482481.8992476,-57,-9,7
1739482481.9442475,-6,13,-34
1739482481.9902475,11,-24,-97
1739482482.0362475,-25,29,-102
1739482482.0812476,-17,33,-51
1739482482.1272476,-68,-105,-120
1739482482.1732476,-13,-103,-31
1739482482.2192476,-14,-73,-100
1739482482.2642477,-45,-41,-79
1739482482.3102477,57,-48,-41
1739482482.3562477,-39,-109,-101
1739482482.4012475,9,50,43
1739482482.4472475,35,8,-18
1739482482.4932475,-53,-59,67
1739482482.5392475,-25,-111,-128
1739482482.5842476,-13,-87,-33
1739482482.6302476,28,16,-153
1739482482.6762476,9,-2,-8
1739482482.7212474,-14,-63,-16
1739482482.7672474,-21,-13,56
1739482482.8132474,-59,-5,11
1739482482.8592474,4,13,76
1739482482.9042475,-52,65,-37
1739482482.9502475,-34,-53,-64
1739482482.9962475,-72,-91,-90
1739482483.0472476,3,10,165
1739482483.0932477,12,-48,-10
1739482483.1382475,-42,49,29
1739482483.1842475,31,-64,-24
1739482483.2302475,-36,-57,-5
1739482483.2772477,-21,41,-27
1739482483.3222475,-13,-71,-48
1739482483.3682475,15,56,47
1739482483.4142475,0,18,70
1739482483.4602475,51,-116,-75
1739482483.5052476,-35,-33,-99
1739482483.5512476,0,52,-75
1739482483.5972476,-2,-34,-114
1739482483.6422474,127,-156,74
1739482483.6882474,-67,-79,92
1739482483.7342474,-33,63,42
1739482483.7802474,-34,-5,-19
1739482483.8252475,-17,7,-83
1739482483.8712475,52,-82,115
1739482483.9172475,-32,-25,74
1739482483.9622476,-18,17,26
1739482484.0082476,-8,-127,-28
1739482484.0542476,-42,93,15
1739482484.1002476,17,6,50
1739482484.1452477,10,-59,-76
1739482484.1912477,2,-175,8
1739482484.2372477,9,74,-51
1739482484.2822475,-64,1,29
1739482484.3282475,-37,103,-124
1739482484.3742476,-11,159,-8
1739482484.4202476,-32,-23,-18
1739482484.4652476,-24,11,-131
1739482484.5112476,5,-28,-144
1739482484.5572476,-33,-37,-50
1739482484.6022477,-24,-45,-36
1739482484.6482477,7,62,13
1739482484.6942475,-106,13,-81
1739482484.7402475,-38,-107,17
1739482484.7852476,-38,-69,-16
1739482484.8312476,-69,-59,-40
1739482484.8772476,14,8,-36
1739482484.9222476,54,-170,-124
1739482484.9682477,-35,-93,-88
1739482485.0142477,15,43,-71
1739482485.0602477,-84,73,-73
1739482485.1052475,-6,-118,-71
1739482485.1512475,73,-58,-104
1739482485.1972475,37,-134,-26
1739482485.2422476,82,-94,-28
1739482485.2882476,47,2,-24
1739482485.3342476,-31,-11,-122
1739482485.3802476,-51,43,-99
1739482485.4252477,62,-26,-130
1739482485.4712474,38,-70,80
1739482485.5172474,-78,17,-12
1739482485.5622475,16,-20,59
1739482485.6082475,-28,-11,7
1739482485.6542475,23,-60,-62
1739482485.7002475,-79,-87,35
1739482485.7452476,-107,-91,-60
1739482485.7912476,-9,-56,-32
1739482485.8372476,3,-10,-16
1739482485.8822474,4,-40,-58
1739482485.9282477,14,-37,-85
1739482485.9742477,-39,-81,-41
1739482486.0202477,24,86,-44
1739482486.0652475,-101,-219,-159
1739482486.1112475,1,-49,108
1739482486.1572475,10,-116,-8
1739482486.2022476,21,-147,-95
1739482486.2482476,43,2,57
1739482486.2942476,-22,-69,-136
1739482486.3402476,57,50,-25
1739482486.3852477,-16,53,-57
1739482486.4312477,-48,-137,-77
1739482486.4772477,0,-69,-6
1739482486.5222476,-34,25,-43
1739482486.5682476,54,-48,-73
1739482486.6142476,-85,15,-31
1739482486.6602476,-5,21,-65
1739482486.7052476,0,-42,-105
1739482486.7512476,7,-8,29
1739482486.7972476,36,32,3
1739482486.8422475,0,100,-31
1739482486.8882475,47,-32,-100
1739482486.9342475,-19,11,-78
1739482486.9802475,46,-122,-2
1739482487.0252476,1,-65,22
1739482487.0712476,-4,-15,-33
1739482487.1172476,42,-176,59
1739482487.1622477,61,22,89
1739482487.2082477,27,-84,-37
1739482487.2542477,36,38,57
1739482487.3002477,-11,21,-47
1739482487.3452475,-33,-37,-82
1739482487.3912475,-55,61,-22
1739482487.4372475,-72,-35,72
1739482487.4822476,38,-24,-77
1739482487.5282476,51,-40,-45
1739482487.5742476,-47,-67,-83
1739482487.6202476,0,-146,-71
1739482487.6652474,12,10,-136
1739482487.7112474,-30,-79,-96
1739482487.7572474,-3,24,-10
1739482487.8022475,-66,15,-42
1739482487.8482475,43,46,-8
1739482487.8942475,-112,-31,-172
1739482487.9402475,48,-106,-75
1739482487.9852476,21,44,-106
1739482488.0312476,0,-37,-50
1739482488.0772476,27,-76,42
1739482488.1222477,-2,-11,-7
1739482488.1682477,-33,-101,-39
1739482488.2142477,-50,93,-43
1739482488.2602477,-9,-33,0
1739482488.3052475,65,10,46
1739482488.3512475,-26,-5,23
1739482488.3972476,45,-52,-40
1739482488.4422476,10,84,-24
1739482488.4882476,45,-100,-24
1739482488.5342476,-84,-15,-61
1739482488.5802476,29,0,5
1739482488.6252477,33,20,-62
1739482488.6712475,-63,45,-112
1739482488.7172475,-13,-35,0
1739482488.7622476,84,-24,-40
1739482488.8082476,0,-14,25
1739482488.8542476,-30,3,8
1739482488.9002476,-21,-45,-48
1739482488.9452477,-37,-33,15
1739482488.9912477,-32,-107,8
1739482489.0372477,10,64,-9
1739482489.0822475,-94,-105,4
1739482489.1282475,38,32,-23
1739482489.1742475,36,58,119
1739482489.2202475,-83,55,-82
1739482489.2652476,55,4,-68
1739482489.3112476,-9,-149,-27
1739482489.3572476,0,-145,-93
1739482489.4022477,-50,45,12
1739482489.4482474,-2,-101,8
1739482489.4942474,-13,-79,-243
1739482489.5402474,-42,17,69
1739482489.5852475,0,-14,-73
1739482489.6312475,-48,-39,-113
1739482489.6772475,-27,-15,6
1739482489.7222476,0,-36,49
1739482489.7682476,15,-28,-12
1739482489.8142476,39,-18,-98
1739482489.8602476,-32,-149,85
1739482489.9052474,-68,-21,0
1739482489.9512477,-3,35,-41
1739482489.9972477,-48,-9,20
1739482490.0422475,-62,49,88
1739482490.0882475,81,-58,-43
1739482490.1342475,11,-130,-65
1739482490.1802475,-32,11,-120
1739482490.2252476,-70,23,-32
1739482490.2712476,28,-36,-65
1739482490.3172476,-66,-73,-3
1739482490.3622477,17,-84,-92
1739482490.4082477,34,-38,-153
1739482490.4542477,48,-8,-51
1739482490.5002477,-28,-53,-42
1739482490.5452476,45,-72,14
1739482490.5912476,37,-18,58
1739482490.6372476,-4,117,-73
1739482490.6822476,-1,3,-4
1739482490.7282476,0,-13,-85
1739482490.7742476,91,-88,51
1739482490.8202477,43,-54,-65
1739482490.8652475,-50,3,-63
1739482490.9112475,-50,-69,29
1739482490.9572475,-64,-111,91
1739482491.0022476,-19,-1,87
1739482491.0482476,43,-44,19
1739482491.0942476,-31,-53,-10
1739482491.1402476,52,144,-214
1739482491.1852477,37,8,-7
1739482491.2312477,-48,59,-22
1739482491.2772477,2,28,-50
1739482491.3222475,-56,-143,-14
1739482491.3682475,-51,67,7
1739482491.4142475,-20,-27,-126
1739482491.4602475,65,120,5
1739482491.5052476,-110,-85,-20
1739482491.5512476,-65,-83,-109
1739482491.5972476,2,-45,-118
1739482491.6422474,-77,-41,-53
1739482491.6882474,34,-78,54
1739482491.7342474,8,-60,-24
1739482491.7802474,-3,-60,-135
1739482491.8252475,-10,57,-102
1739482491.8712475,-101,-117,-152
1739482491.9172475,-33,97,-41
1739482491.9622476,46,-2,60
1739482492.0082476,7,-140,-151
1739482492.0542476,6,-161,-95
1739482492.1002476,-61,-23,-8
1739482492.1452477,-23,-33,-95
1739482492.1912477,34,-32,-184
1739482492.2372477,-116,-215,-34
1739482492.2822475,-4,-149,-119
1739482492.3282475,-41,23,5
1739482492.3742476,60,-36,-37
1739482492.4202476,32,-80,-213
1739482492.4652476,24,-138,-85
1739482492.5112476,41,54,-2
1739482492.5572476,39,-58,-55
1739482492.6022477,-43,-75,69
1739482492.6482477,9,36,-25
1739482492.6942475,-5,21,-56
1739482492.7402475,-8,-11,-56
1739482492.7852476,58,-24,15
1739482492.8312476,-1,-152,0
1739482492.8772476,-4,-1,-31
1739482492.9222476,-80,-1,-32
1739482492.9682477,22,90,20
1739482493.0142477,-58,-143,23
1739482493.0652475,-35,179,-21
1739482493.1112475,-10,-20,-127
1739482493.1572475,-10,-67,-121
1739482493.2022476,-37,-57,-32
1739482493.2482476,-4,-83,58
1739482493.2942476,-51,-45,-48
1739482493.3402476,7,-210,14
1739482493.3852477,-1,54,0
1739482493.4312477,6,-18,128
1739482493.4772477,-16,81,-18
1739482493.5222476,52,-84,-6
1739482493.5682476,-7,75,-45
1739482493.6142476,25,28,0
1739482493.6602476,29,-144,-43
1739482493.7052476,-16,-11,62
1739482493.7512476,39,-46,-156
1739482493.7972476,31,-96,-72
1739482493.8422475,52,4,24
1739482493.8882475,20,-34,76
1739482493.9342475,-1,19,41
1739482493.9802475,91,28,13
1739482494.0252476,-87,-7,21
1739482494.0712476,-37,3,28
1739482494.1172476,-65,-21,42
1739482494.1622477,-50,31,-83
1739482494.2082477,-39,-39,9
1739482494.2542477,-33,-17,-103
1739482494.3002477,32,-10,-12
1739482494.3452475,31,52,-12
1739482494.3912475,18,11,-45
1739482494.4372475,-32,-45,44
1739482494.4822476,-6,-1,86
1739482494.5282476,-55,27,-76
1739482494.5742476,28,144,48
1739482494.6202476,18,-26,-41
1739482494.6652474,76,94,-6
1739482494.7112474,-62,-123,-88
1739482494.7572474,-46,77,-91
1739482494.8022475,32,36,-50
1739482494.8482475,16,-12,59
1739482494.8942475,3,-222,-87
1739482494.9402475,24,-12,-17
1739482494.9852476,47,-56,-97
1739482495.0312476,46,-104,-59
1739482495.0772476,14,-75,-21
1739482495.1222477,23,-42,19
1739482495.1682477,-58,13,1
1739482495.2142477,-1,85,-16
1739482495.2602477,3,-30,36
1739482495.3052475,17,-46,-99
1739482495.3512475,-7,41,-152
1739482495.3972476,-3,7,31
1739482495.4412477,-7,23,-85
1739482495.4872477,27,47,7
1739482495.5332477,-7,7,-37
1739482495.5782475,18,-90,-113
1739482495.6242476,18,-38,-44
1739482495.6702476,-3,-92,5
1739482495.7162476,-48,-103,1
1739482495.7612476,28,28,162
1739482495.8072476,-20,-37,30
1739482495.8532476,-67,-19,15
1739482495.8982477,59,-58,57
1739482495.9442475,-8,77,-120
1739482495.9902475,23,-100,44
1739482496.0362475,-24,-141,77
1739482496.0812476,30,0,107
1739482496.1272476,4,6,-35
1739482496.1732476,27,-48,-118
1739482496.2182477,19,-16,-13
1739482496.2642477,-43,19,-33
1739482496.3102477,-10,-39,-88
1739482496.3562477,118,-44,28
1739482496.4012475,-15,-43,-159
1739482496.4472475,15,22,-30
1739482496.4932475,-9,-55,-107
1739482496.5382476,18,-89,-11
1739482496.5842476,50,108,-85
1739482496.6302476,-32,111,27
1739482496.6762476,61,-44,-126
1739482496.7212474,82,-72,41
1739482496.7672474,-15,-13,-158
1739482496.8132474,11,20,-62
1739482496.8582475,29,37,-50
1739482496.9042475,37,138,-107
1739482496.9502475,51,-66,26
1739482496.9962475,80,0,-38
1739482497.0412476,96,4,-67
1739482497.0872476,6,88,36
1739482497.1332476,97,40,31
1739482497.1782477,-52,-47,48
1739482497.2242477,19,-120,-27
1739482497.2702477,82,4,3
1739482497.3162477,-45,-83,78
1739482497.3612475,54,20,51
1739482497.4072475,64,-28,20
1739482497.4532475,3,-42,-59
1739482497.4982476,-42,46,-175
1739482497.5442476,11,-3,52
1739482497.5902476,89,-44,-9
1739482497.6362476,-16,-27,0
1739482497.6812477,15,-112,-30
1739482497.7272477,-2,-161,-43
1739482497.7732477,-3,4,-64
1739482497.8182476,35,-20,120
1739482497.8642476,45,-128,-94
1739482497.9102476,-86,-19,0
1739482497.9562476,-6,11,-55
1739482498.0012476,-63,9,-1
1739482498.0472476,10,-100,-83
1739482498.0932477,56,-17,-49
1739482498.1382475,34,-205,-47
1739482498.1842475,105,22,-64
1739482498.2302475,-27,43,-22
1739482498.2762475,64,-36,-72
1739482498.3212476,8,-19,-16
1739482498.3672476,-12,-77,-26
1739482498.4132476,-16,-21,0
1739482498.4582477,0,-69,-66
1739482498.5042477,4,-57,33
1739482498.5502477,64,-110,-28
1739482498.5962474,-73,-67,101
1739482498.6412475,-2,-149,-121
1739482498.6872475,12,-41,-24
1739482498.7332475,-32,-75,-51
1739482498.7782476,-30,28,-54
1739482498.8242476,12,94,-67
1739482498.8702476,19,-131,-12
1739482498.9162476,81,22,-23
1739482498.9612474,-47,-79,-24
1739482499.0072474,34,-49,-77
1739482499.0532477,-4,-14,1
1739482499.0982475,-36,35,139
1739482499.1442475,67,-144,29
1739482499.1902475,-12,74,-62
1739482499.2362475,56,24,-97
1739482499.2812476,63,4,-40
1739482499.3272476,3,-113,-93
1739482499.3732476,-2,70,39
1739482499.4182477,15,-50,-27
1739482499.4642477,-42,72,-77
1739482499.5102477,41,-61,37
1739482499.5562477,-34,-70,-50
1739482499.6012475,49,-144,23
1739482499.6472476,50,80,11
1739482499.6932476,63,36,0
1739482499.7382476,105,30,1
1739482499.7842476,5,55,-132
1739482499.8302476,11,20,-39
1739482499.8762476,-35,-55,-8
1739482499.9212475,0,-11,-10
1739482499.9672475,-58,139,47
1739482500.0132475,34,-14,32
1739482500.0582476,-42,-57,33
1739482500.1042476,-33,-31,-26
1739482500.1502476,25,0,-35
1739482500.1962476,-83,-57,-199
1739482500.2412477,40,12,-35
1739482500.2872477,-23,-15,-135
1739482500.3332477,18,31,-117
1739482500.3782475,22,-20,-73
1739482500.4242475,-3,-39,-40
1739482500.4702475,55,-86,-28
1739482500.5162475,-63,-75,0
1739482500.5612476,69,-26,-76
1739482500.6072476,2,-2,-10
1739482500.6532476,-50,-85,-86
1739482500.6982474,36,12,48
1739482500.7442474,-99,25,-111
1739482500.7902474,34,-160,-53
1739482500.8362474,-61,45,91
1739482500.8812475,-24,-159,-153
1739482500.9272475,17,33,-172
1739482500.9732475,5,-44,-146
1739482501.0182476,-42,85,-80
1739482501.0642476,-19,-45,60
1739482501.1102476,33,24,-60
1739482501.1562476,-17,116,29
1739482501.2012477,-1,69,-3
1739482501.2472477,37,12,-29
1739482501.2932477,52,-14,-54
1739482501.3382475,3,-114,42
1739482501.3842475,-51,-45,4
1739482501.4302475,29,-32,37
1739482501.4762475,-65,-5,84
1739482501.5212476,-27,-67,-43
1739482501.5672476,-85,15,-101
1739482501.6132476,16,-1,-206
1739482501.6582477,-11,-125,20
1739482501.7042477,-2,19,-109
1739482501.7502477,-15,-27,-153
1739482501.7962475,-128,107,-7
1739482501.8412476,-64,-29,19
1739482501.8872476,52,38,-11
1739482501.9332476,35,-2,-79
1739482501.9782476,-84,23,-72
1739482502.0242476,-33,-23,-89
1739482502.0702477,-18,-127,-16
1739482502.1162477,68,-54,-144
1739482502.1612475,-59,51,-34
1739482502.2072475,-69,-99,-32
1739482502.2532475,13,-44,-34
1739482502.2982476,-28,1,0
1739482502.3442476,-30,-175,-85
1739482502.3902476,-113,-31,-53
1739482502.4362476,30,-37,-163
1739482502.4812477,9,-5,47
1739482502.5272477,-1,-50,29
1739482502.5732474,55,-84,-61
1739482502.6182475,11,-20,-26
1739482502.6642475,3,-11,-32
1739482502.7102475,63,-90,-57
1739482502.7562475,-91,-95,111
1739482502.8012476,52,-8,-43
1739482502.8472476,-24,1,57
1739482502.8932476,2,-106,-149
1739482502.9382474,15,-36,-67
1739482502.9842474,-7,27,-38
1739482503.0302474,36,11,-85
1739482503.0812476,44,92,-37
1739482503.1272476,18,-175,22
1739482503.1732476,-27,-89,-17
1739482503.2182477,-14,-91,9
1739482503.2642477,24,-74,55
1739482503.3102477,39,34,-26
1739482503.3562477,-54,-119,-25
1739482503.4012475,-7,15,-68
1739482503.4472475,48,22,-136
1739482503.4932475,-100,-67,9
1739482503.5382476,16,-40,-106
1739482503.5842476,-29,-33,37
1739482503.6302476,-16,-69,-37
1739482503.6762476,0,16,-47
1739482503.7212474,22,4,-73
1739482503.7672474,-88,-60,-108
1739482503.8132474,-10,-72,28
1739482503.8582475,20,-65,-57
1739482503.9042475,10,-122,-29
1739482503.9502475,-16,-162,-52
1739482503.9962475,-47,-10,-120
1739482504.0412476,18,-30,-102
1739482504.0872476,110,-114,49
1739482504.1332476,46,38,22
1739482504.1782477,-50,37,-119
1739482504.2242477,0,-51,-22
1739482504.2702477,4,-12,-13
1739482504.3162477,-85,81,88
1739482504.3612475,-40,-73,19
1739482504.4072475,-80,-11,-36
1739482504.4532475,-78,-84,-78
1739482504.4982476,33,0,149
1739482504.5442476,16,-67,-230
1739482504.5902476,2,-54,38
1739482504.6362476,7,-86,25
1739482504.6812477,39,-38,70
1739482504.7272477,12,-48,-114
1739482504.7732477,-73,1,-45
1739482504.8182476,29,-102,-102
1739482504.8642476,91,-88,105
1739482504.9102476,23,8,12
1739482504.9562476,-42,19,24
1739482505.0012476,-21,151,65
1739482505.0472476,16,-13,-77
1739482505.0932477,2,103,-4
1739482505.1382475,-53,-82,69
1739482505.1842475,-6,5,-151
1739482505.2302475,0,-68,-15
1739482505.2762475,43,-48,101
1739482505.3212476,-29,9,-9
1739482505.3672476,44,30,-53
1739482505.4132476,3,84,0
1739482505.4582477,-13,101,-60
1739482505.5042477,117,24,-70
1739482505.5502477,-15,47,-61
1739482505.5962474,-3,-84,-52
1739482505.6412475,-36,-3,-19
1739482505.6872475,-49,65,24
1739482505.7332475,6,-28,-8
1739482505.7782476,-16,-113,7
1739482505.8242476,23,-82,-5
1739482505.8702476,38,-16,24
1739482505.9162476,-2,-51,-11
1739482505.9612474,-35,61,-35
1739482506.0072474,17,-202,-87
1739482506.0532477,-15,-53,-100
1739482506.0982475,36,-66,-29
1739482506.1442475,-4,-29,20
1739482506.1902475,-18,13,-61
1739482506.2362475,19,8,-64
1739482506.2812476,44,-4,-41
1739482506.3272476,27,-64,-80
1739482506.3732476,52,16,-144
1739482506.4182477,-41,-149,47
1739482506.4642477,-37,103,-79
1739482506.5102477,-60,13,-77
1739482506.5562477,-78,-161,-7
1739482506.6012475,30,-64,-81
1739482506.6472476,1,-11,0
1739482506.6932476,-42,87,-151
1739482506.7382476,-38,33,35
1739482506.7842476,12,-96,-36
1739482506.8302476,-24,-94,34
1739482506.8762476,57,-87,-4
1739482506.9212475,27,-71,-39
1739482506.9672475,-38,132,30
1739482507.0132475,-58,34,42
1739482507.0582476,-8,-50,-4
1739482507.1042476,82,-9,-184
1739482507.1502476,7,-56,-35
1739482507.1962476,14,-99,-86
1739482507.2412477,15,-27,-70
1739482507.2872477,50,-68,-89
1739482507.3332477,-35,39,-157
1739482507.3782475,-3,34,-8
1739482507.4242475,-64,-52,7
1739482507.4702475,-90,-16,-82
1739482507.5162475,-14,-45,-13
1739482507.5612476,-97,-97,67
1739482507.6072476,119,-146,-81
1739482507.6532476,41,16,27
1739482507.6982474,-64,75,-99
1739482507.7442474,3,-50,39
1739482507.7902474,-54,-83,-70
1739482507.8362474,-44,-163,-4
1739482507.8812475,21,-100,51
1739482507.9272475,2,-29,36
1739482507.9732475,147,-34,-115
1739482508.0182476,0,63,-62
1739482508.0642476,-20,29,2
1739482508.1102476,-4,-58,-56
1739482508.1562476,-60,126,-95
1739482508.2012477,78,-97,2
1739482508.2472477,25,-80,-60
1739482508.2932477,-87,-27,42
1739482508.3382475,33,28,-28
1739482508.3842475,5,-18,-81
1739482508.4302475,14,4,-104
1739482508.4762475,-18,-41,27
1739482508.5212476,-48,77,39
1739482508.5672476,45,-124,-8
1739482508.6132476,-55,-11,-32
1739482508.6582477,17,47,-32
1739482508.7042477,-85,-51,-57
1739482508.7502477,-11,-2,27
1739482508.7962475,8,-73,0
1739482508.8412476,9,119,-47
1739482508.8872476,-23,-65,-30
1739482508.9332476,-16,75,10
1739482508.9782476,8,-52,76
1739482509.0242476,-22,50,71
1739482509.0702477,69,-81,-193
1739482509.1162477,14,-40,-15
1739482509.1612475,-45,16,0
1739482509.2072475,35,-15,-46
1739482509.2532475,-51,-130,30
1739482509.2982476,26,-22,-72
1739482509.3442476,-64,-127,-65
1739482509.3902476,29,-12,-49
1739482509.4362476,-22,5,-113
1739482509.4812477,-48,-81,-34
1739482509.5272477,-71,95,-142
1739482509.5732474,8,1,-14
1739482509.6182475,-77,-151,-51
1739482509.6642475,-5,-38,-32
1739482509.7102475,-13,30,48
1739482509.7562475,-9,47,-16
1739482509.8012476,13,34,-78
1739482509.8472476,0,-73,24
1739482509.8932476,3,21,32
1739482509.9382474,-55,-37,55
1739482509.9842474,-4,21,-40
1739482510.0302474,-40,-136,-51
1739482510.0762477,37,-91,-9
1739482510.1212475,-4,-18,-54
1739482510.1672475,-54,30,-33
1739482510.2132475,-9,49,-83
1739482510.2582476,-50,34,-115
1739482510.3042476,9,0,0
1739482510.3502476,-49,-104,43
1739482510.3962476,0,72,-2
1739482510.4412477,45,-74,54
1739482510.4872477,-36,-64,5
1739482510.5332477,-14,3,-3
1739482510.5782475,-61,-60,9
1739482510.6242476,-91,-97,-76
1739482510.6702476,-34,-7,-11
1739482510.7162476,-8,9,-124
1739482510.7612476,28,30,-69
1739482510.8072476,-4,-5,66
1739482510.8532476,-2,-88,-26
1739482510.8982477,-24,-118,1
1739482510.9442475,10,-68,-20
1739482510.9902475,-41,-122,-66
1739482511.0362475,28,-98,-14
1739482511.0812476,-20,-25,37
1739482511.1272476,-21,-93,-39
1739482511.1732476,-27,-37,-105
1739482511.2182477,-7,-132,-10
1739482511.2642477,69,-31,-22
1739482511.3102477,91,-31,-54
1739482511.3562477,-46,94,-1
1739482511.4012475,19,-111,-45
1739482511.4472475,30,81,-59
1739482511.4932475,0,-48,-37
1739482511.5382476,-25,-26,-104
1739482511.5842476,-8,58,-23
1739482511.6302476,-19,-106,-53
1739482511.6762476,18,-38,3
1739482511.7212474,16,-1,-49
1739482511.7672474,-12,0,-35
1739482511.8132474,47,-11,10
1739482511.8582475,-23,-93,49
1739482511.9042475,-74,-94,-67
1739482511.9502475,20,-124,-13
1739482511.9962475,-3,-38,-36
1739482512.0412476,122,-50,37
1739482512.0872476,-17,-13,52
1739482512.1332476,80,2,-109
1739482512.1782477,-33,-81,10
1739482512.2242477,27,42,-30
1739482512.2702477,71,-5,-39
1739482512.3162477,51,-17,-81
1739482512.3612475,19,-49,9
1739482512.4072475,-25,-9,28
1739482512.4532475,34,-2,-39
1739482512.4982476,25,-35,-28
1739482512.5442476,23,-5,43
1739482512.5902476,-1,-55,46
1739482512.6362476,98,14,56
1739482512.6812477,-16,78,-74
1739482512.7272477,-17,31,-117
1739482512.7732477,69,43,91
1739482512.8182476,-30,51,10
1739482512.8642476,-22,-6,-67
1739482512.9102476,-32,80,-10
1739482512.9562476,-13,-1,-72
1739482513.0012476,-33,78,22
1739482513.0472476,-4,-51,6
1739482513.0982475,-23,-89,19
1739482513.1442475,-31,3,-132
1739482513.1902475,107,-55,71
1739482513.2362475,39,-83,-72
1739482513.2812476,1,-52,-80
1739482513.3272476,-94,-1,-8
1739482513.3732476,-52,-27,-119
1739482513.4182477,-32,-51,-28
1739482513.4642477,-52,31,-135
1739482513.5102477,31,-48,15
1739482513.5562477,8,32,18
1739482513.6012475,22,66,23
1739482513.6472476,31,66,-82
1739482513.6932476,38,35,-114
1739482513.7382476,48,52,22
1739482513.7842476,-57,-51,-50
1739482513.8302476,-29,-33,-83
1739482513.8762476,11,-30,17
1739482513.9212475,-17,13,-45
1739482513.9672475,26,-94,9
1739482514.0132475,-10,-47,-65
1739482514.0582476,-29,-21,48
1739482514.1042476,-21,-92,-62
1739482514.1502476,32,-26,-114
1739482514.1962476,59,-90,-168
1739482514.2412477,-83,33,-88
1739482514.2872477,16,-52,-66
1739482514.3332477,-26,-139,-97
1739482514.3782475,17,-47,-18
1739482514.4242475,-29,30,-42
1739482514.4702475,31,-57,76
1739482514.5162475,-40,-50,-73
1739482514.5612476,-23,43,-97
1739482514.6072476,22,-44,-68
1739482514.6532476,60,-29,-75
1739482514.6982474,13,-19,-73
1739482514.7442474,-43,75,-84
1739482514.7902474,16,-127,28
1739482514.8362474,29,-109,-26
1739482514.8812475,48,-80,60
1739482514.9272475,7,61,-59
1739482514.9732475,24,-52,-7
1739482515.0182476,10,42,-52
1739482515.0642476,1,18,42
1739482515.1102476,40,-140,11
1739482515.1552474,29,91,-29
1739482515.2012477,52,38,25
1739482515.2472477,29,-36,-55
1739482515.2932477,-12,55,-83
1739482515.3382475,83,-82,-28
1739482515.3842475,-57,83,-59
1739482515.4302475,117,-24,-37
1739482515.4752476,36,-28,-109
1739482515.5212476,-40,-59,-28
1739482515.5672476,25,-18,-41
1739482515.6132476,-51,51,64
1739482515.6582477,-5,92,-119
1739482515.7042477,82,-110,23
1739482515.7502477,75,14,-104
1739482515.7952476,-38,-147,15
1739482515.8412476,35,-170,32
1739482515.8872476,66,-92,-60
1739482515.9332476,30,110,-62
1739482515.9782476,-32,77,48
1739482516.0242476,52,-42,-2
1739482516.0702477,-59,-23,-21
1739482516.1152475,0,15,-72
1739482516.1612475,65,-194,-98
1739482516.2072475,-23,13,-7
1739482516.2532475,15,-5,-7
1739482516.2982476,-68,-58,-39
1739482516.3442476,67,-97,-14
1739482516.3902476,41,-177,-1
1739482516.4352477,21,-63,-3
1739482516.4812477,-33,-114,-66
1739482516.5272477,-26,16,-53
1739482516.5732474,-60,28,45
1739482516.6182475,-48,-58,-55
1739482516.6642475,-5,-26,-2
1739482516.7102475,-24,-76,-68
1739482516.7552476,-83,21,-19
1739482516.8012476,-41,-3,-31
1739482516.8472476,-56,15,-75
1739482516.8932476,15,42,11
1739482516.9382474,83,-26,-43
1739482516.9842474,-10,-14,59
1739482517.0302474,-52,-176,-48
1739482517.0752475,33,126,-30
1739482517.1212475,1,-15,-108
1739482517.1672475,32,-66,-48
1739482517.2132475,40,-124,-47
1739482517.2582476,-3,-44,-76
1739482517.3042476,-42,0,11
1739482517.3502476,-30,-14,-93
1739482517.3952477,-26,-18,-11
1739482517.4412477,-62,68,-23
1739482517.4872477,0,-94,48
1739482517.5332477,-20,-48,-28
1739482517.5782475,28,-78,-7
1739482517.6242476,-6,-77,-153
1739482517.6702476,-90,-43,-83
1739482517.7152476,-5,-25,72
1739482517.7612476,16,79,27
1739482517.8072476,-14,-136,61
1739482517.8532476,20,21,-108
1739482517.8982477,28,-51,15
1739482517.9442475,-2,-82,10
1739482517.9902475,-29,80,50
1739482518.0352476,7,45,113
1739482518.0812476,16,65,-107
1739482518.1272476,30,-115,-129
1739482518.1732476,5,15,-55
1739482518.2182477,5,47,44
1739482518.2642477,-29,16,-83
1739482518.3102477,-15,-66,-37
1739482518.3552475,32,-91,64
1739482518.4012475,35,-61,-106
1739482518.4472475,25,0,-20
1739482518.4932475,18,-92,119
1739482518.5382476,23,16,-107
1739482518.5842476,-45,-23,-48
1739482518.6302476,-109,39,33
1739482518.6752477,-44,45,51
1739482518.7212474,18,26,-63
1739482518.7672474,66,-53,33
1739482518.8132474,43,0,-67
1739482518.8582475,-28,38,-24
1739482518.9042475,-85,-156,-42
1739482518.9502475,77,63,37
1739482518.9952476,19,-75,-33
1739482519.0412476,-63,-22,-137
1739482519.0872476,61,-41,-88
1739482519.1332476,-49,38,15
1739482519.1782477,-16,-23,-4
1739482519.2242477,-58,-21,92
1739482519.2702477,27,-43,-154
1739482519.3152475,-55,0,15
1739482519.3612475,-24,101,0
1739482519.4072475,5,15,-36
1739482519.4532475,-23,54,-195
1739482519.4982476,-17,-156,-29
1739482519.5442476,67,-220,-104
1739482519.5902476,-39,-171,-43
1739482519.6352477,-8,8,31
1739482519.6812477,-39,-122,7
1739482519.7272477,-28,-76,-38
1739482519.7732477,-29,-48,185
1739482519.8182476,-34,-116,-149
1739482519.8642476,31,-179,-65
1739482519.9102476,-7,16,3
1739482519.9552476,40,78,-85
1739482520.0012476,21,-68,-25
1739482520.0472476,-39,-51,-78
1739482520.0932477,-129,-121,4
1739482520.1382475,20,-35,-62
1739482520.1842475,65,33,-64
1739482520.2302475,97,-3,-90
1739482520.2752476,-43,9,-82
1739482520.3212476,58,-78,-121
1739482520.3672476,-2,39,30
1739482520.4132476,39,-36,11
1739482520.4582477,-30,-3,23
1739482520.5042477,42,-101,-68
1739482520.5502477,3,-180,118
1739482520.5952475,-12,80,-39
1739482520.6412475,0,-88,-80
1739482520.6872475,-82,-58,135
1739482520.7332475,9,-34,-61
1739482520.7782476,66,-90,-113
1739482520.8242476,19,-10,-46
1739482520.8702476,1,-6,-65
1739482520.9152474,-26,-30,-38
1739482520.9612474,1,2,-41
1739482521.0072474,-12,-51,39
1739482521.0532477,14,-13,-86
1739482521.0982475,15,18,90
1739482521.1442475,26,37,-128
1739482521.1902475,40,-12,-40
1739482521.2352476,51,5,-17
1739482521.2812476,30,111,2
1739482521.3272476,59,-63,-100
1739482521.3732476,26,11,-148
1739482521.4182477,-51,-45,38
1739482521.4642477,-40,-72,-10
1739482521.5102477,-25,-50,11
1739482521.5542476,52,-127,16
1739482521.6002476,36,-125,-6
1739482521.6462476,54,-63,1
1739482521.6912477,0,29,-33
1739482521.7372477,-16,-96,-119
1739482521.7832477,31,0,66
1739482521.8292477,-77,3,-76
1739482521.8742476,-32,-153,-103
1739482521.9202476,-6,-75,31
1739482521.9662476,34,-86,16
1739482522.0112476,18,4,58
1739482522.0572476,49,-20,-145
1739482522.1032476,-12,-67,-19
1739482522.1492476,-20,69,82
1739482522.1942475,63,-100,-71
1739482522.2402475,-9,2,0
1739482522.2862475,3,16,-62
1739482522.3312476,27,-101,-46
1739482522.3772476,-45,-32,113
1739482522.4232476,84,-67,-74
1739482522.4692476,-80,-42,121
1739482522.5142477,27,-71,-133
1739482522.5602477,-30,-42,-29
1739482522.6062477,-41,74,-95
1739482522.6512475,-52,-90,74
1739482522.6972475,-33,12,-34
1739482522.7432475,-26,40,-7
1739482522.7892475,-62,52,-7
1739482522.8342476,42,-35,-14
1739482522.8802476,-47,85,-149
1739482522.9262476,3,-66,3
1739482522.9712474,-11,36,-105
1739482523.0172474,15,-59,-13
1739482523.0632474,33,4,-35
1739482523.1142476,37,-47,-33
1739482523.1602476,8,-51,-20
1739482523.2062476,-8,-106,-24
1739482523.2512476,-25,16,-85
1739482523.2972476,-114,-32,-15
1739482523.3432477,61,-15,-23
1739482523.3892477,1,34,39
1739482523.4342475,-17,-42,32
1739482523.4802475,-3,163,8
1739482523.5262475,-42,-12,-15
1739482523.5712476,14,27,-86
1739482523.6172476,-25,70,-13
1739482523.6632476,-38,-108,-17
1739482523.7092476,32,-105,4
1739482523.7542477,50,1,107
1739482523.8002477,-3,-100,-86
1739482523.8462474,-1,68,147
1739482523.8912475,26,71,51
1739482523.9372475,0,-122,29
1739482523.9832475,-11,-88,-67
1739482524.0292475,19,-29,31
1739482524.0742476,21,-81,-68
1739482524.1202476,45,-37,2
1739482524.1662476,-31,-34,-5
1739482524.2112474,-35,-31,6
1739482524.2572474,19,-67,88
1739482524.3032477,-67,-53,-45
1739482524.3492477,-8,-185,98
1739482524.3942475,6,69,-34
1739482524.4402475,69,-90,-169
1739482524.4862475,9,-56,60
1739482524.5312476,51,-4,145
1739482524.5772476,2,-164,-57
1739482524.6232476,33,-88,59
1739482524.6692476,23,14,-83
1739482524.7142477,-52,33,-27
1739482524.7602477,-71,-51,131
1739482524.8062477,-67,127,-11
1739482524.8512475,146,42,-119
1739482524.8972476,-61,1,123
1739482524.9432476,66,-54,-63
1739482524.9892476,113,-52,-26
1739482525.0342476,-15,111,-11
1739482525.0802476,49,-118,-6
1739482525.1262476,-81,-113,-42
1739482525.1712475,-13,21,51
1739482525.2172475,7,137,-21
1739482525.2632475,113,-32,-53
1739482525.3092475,-46,-54,-21
1739482525.3552475,-39,-4,11
1739482525.4012475,43,-63,-29
1739482525.4472475,12,-55,104
1739482525.4932475,-2,38,-107
1739482525.5382476,-25,-20,-52
1739482525.5842476,-95,16,45
1739482525.6302476,25,23,-114
1739482525.6752477,-5,60,63
1739482525.7212474,57,-55,56
1739482525.7672474,67,-9,-29
1739482525.8132474,61,19,-51
1739482525.8582475,78,-47,88
1739482525.9042475,-34,-44,93
1739482525.9502475,-7,-88,1
1739482525.9952476,-75,-36,-52
1739482526.0412476,6,19,52
1739482526.0872476,6,-41,-5
1739482526.1332476,3,-10,-122
1739482526.1782477,27,-35,0
1739482526.2242477,-21,8,-154
1739482526.2702477,29,-102,45
1739482526.3152475,45,-58,-97
1739482526.3612475,22,-74,6
1739482526.4072475,16,-4,0
1739482526.4532475,-21,5,-66
1739482526.4982476,-29,-5,-56
1739482526.5442476,-21,-86,-39
1739482526.5902476,44,-155,-37
1739482526.6352477,33,-79,-78
1739482526.6812477,6,3,-40
1739482526.7272477,-49,-146,59
1739482526.7732477,18,67,-34
1739482526.8182476,-63,84,-70
1739482526.8642476,-13,-20,-5
1739482526.9102476,-32,16,49
1739482526.9552476,-14,-118,76
1739482527.0012476,66,125,98
1739482527.0472476,45,65,-106
1739482527.0932477,-1,-61,-38
1739482527.1382475,-20,-62,81
1739482527.1842475,1,14,-84
1739482527.2302475,4,-43,-104
1739482527.2752476,-59,-100,-24
1739482527.3212476,36,-83,-65
1739482527.3672476,49,-9,-40
1739482527.4132476,-4,-89,-111
1739482527.4582477,-9,-126,-101
1739482527.5042477,-36,-60,6
1739482527.5502477,9,-110,-43
1739482527.5952475,-52,54,-88
1739482527.6412475,48,75,45
1739482527.6872475,11,57,6
1739482527.7332475,-36,8,-37
1739482527.7782476,-73,-46,59
1739482527.8242476,-2,-43,12
1739482527.8702476,9,-6,-129
1739482527.9152474,19,31,-71
1739482527.9612474,-21,-50,-48
1739482528.0072474,-44,-36,-65
1739482528.0532477,14,-65,-71
1739482528.0982475,-21,-14,-32
1739482528.1442475,-40,152,-32
1739482528.1902475,-15,56,-117
1739482528.2352476,0,-58,-158
1739482528.2812476,48,-15,-15
1739482528.3272476,-14,44,-11
1739482528.3732476,-89,-50,-24
1739482528.4182477,-56,0,-22
1739482528.4642477,17,-4,-86
1739482528.5102477,25,-88,20
1739482528.5552475,-27,-25,14
1739482528.6012475,79,-25,-20
1739482528.6472476,-26,-98,-86
1739482528.6932476,-33,-20,14
1739482528.7382476,-88,-24,-28
1739482528.7842476,36,-211,-93
1739482528.8302476,42,-93,-32
1739482528.8752477,-29,-16,20
1739482528.9212475,2,125,55
1739482528.9672475,-70,-80,-16
1739482529.0132475,95,-37,1
1739482529.0582476,10,13,-49
1739482529.1042476,-33,-10,-18
1739482529.1502476,40,-113,8
1739482529.1952477,9,-122,4
1739482529.2412477,-57,-92,96
1739482529.2872477,112,119,-33
1739482529.3332477,0,-108,26
1739482529.3782475,-33,-94,105
1739482529.4242475,-45,-82,-81
1739482529.4702475,48,-93,-75
1739482529.5152476,81,-73,21
1739482529.5612476,-63,102,6
1739482529.6072476,32,-37,40
1739482529.6532476,66,4,48
1739482529.6982474,-16,-101,7
1739482529.7442474,8,-19,-9
1739482529.7902474,81,-91,-10
1739482529.8352475,2,-31,-1
1739482529.8812475,14,80,83
1739482529.9272475,4,-62,19
1739482529.9732475,39,-22,-24
1739482530.0182476,4,-49,-87
1739482530.0642476,-15,20,14
1739482530.1102476,-60,-106,44
1739482530.1552474,-55,62,-39
1739482530.2012477,-7,58,9
1739482530.2472477,-43,-70,-75
1739482530.2932477,57,40,-7
1739482530.3382475,-42,-109,-45
1739482530.3842475,-1,14,41
1739482530.4302475,-68,-98,-9
1739482530.4752476,32,-7,15
1739482530.5212476,-83,40,-131
1739482530.5672476,59,27,-15
1739482530.6132476,-35,21,-59
1739482530.6582477,82,-88,37
1739482530.7042477,-32,7,-1
1739482530.7502477,-19,-5,-93
1739482530.7952476,-58,-21,-118
1739482530.8412476,36,80,-94
1739482530.8872476,76,-44,49
1739482530.9332476,-29,-50,0
1739482530.9782476,0,83,-18
1739482531.0242476,21,-10,-62
1739482531.0702477,-30,-44,66
1739482531.1152475,-34,-46,-57
1739482531.1612475,-40,10,-55
1739482531.2072475,0,-66,-20
1739482531.2532475,62,35,9
1739482531.2982476,74,-71,-69
1739482531.3442476,19,29,-61
1739482531.3902476,8,-129,0
1739482531.4352477,54,-91,-59
1739482531.4812477,-52,66,-47
1739482531.5272477,14,-27,-43
1739482531.5732474,32,-63,-45
1739482531.6182475,34,49,-82
1739482531.6642475,-76,-10,63
1739482531.7102475,49,-49,-8
1739482531.7552476,-22,28,51
1739482531.8012476,-19,41,-82
1739482531.8472476,-55,3,49
1739482531.8932476,8,103,-59
1739482531.9382474,46,-3,13
1739482531.9842474,-20,24,-59
1739482532.0302474,40,-63,-122
1739482532.0752475,39,-7,-26
1739482532.1212475,27,-1,30
1739482532.1672475,12,-48,64
1739482532.2132475,-38,81,-54
1739482532.2582476,-52,-95,9
1739482532.3042476,-37,-61,22
1739482532.3502476,-30,74,37
1739482532.3952477,-20,-38,10
1739482532.4412477,66,-77,7
1739482532.4872477,20,-56,-34
1739482532.5332477,0,7,-40
1739482532.5782475,-51,18,-41
1739482532.6242476,8,2,-129
1739482532.6702476,-23,-148,32
1739482532.7152476,13,33,-26
1739482532.7612476,86,-32,25
1739482532.8072476,-48,-52,-16
1739482532.8532476,2,-66,-10
1739482532.8982477,-44,-68,4
1739482532.9442475,37,-125,-145
1739482532.9902475,-32,-28,46
1739482533.0352476,9,21,-127
1739482533.0872476,-10,6,-9
1739482533.1332476,-7,1,-92
1739482533.1782477,-4,-59,-34
1739482533.2242477,8,-72,-81
1739482533.2702477,-74,-103,-6
1739482533.3152475,0,-154,-12
1739482533.3612475,-114,-101,-85
1739482533.4072475,30,16,-13
1739482533.4532475,21,-74,-99
1739482533.4982476,56,-88,-120
1739482533.5442476,-18,89,18
1739482533.5902476,-24,-1,-10
1739482533.6352477,40,-112,27
1739482533.6812477,56,-133,-4
1739482533.7272477,64,-68,-24
1739482533.7732477,0,-64,48
1739482533.8182476,-32,17,1
1739482533.8642476,-44,-101,-119
1739482533.9102476,83,-144,-81
1739482533.9552476,-39,-91,-189
1739482534.0012476,-17,36,-15
1739482534.0472476,-9,40,-2
1739482534.0932477,-54,66,-140
1739482534.1382475,-9,-2,-11
1739482534.1842475,44,91,-94
1739482534.2302475,51,-85,-96
1739482534.2752476,24,-49,2
1739482534.3212476,-57,-62,-202
1739482534.3672476,-40,-106,-58
1739482534.4132476,25,-55,0
1739482534.4582477,30,-38,-46
1739482534.5042477,-14,-52,-45
1739482534.5502477,-59,92,65
1739482534.5952475,15,-36,22
1739482534.6412475,-3,50,-173
1739482534.6872475,4,-51,-49
1739482534.7332475,-19,-58,133
1739482534.7782476,-87,2,-52
1739482534.8242476,-36,11,-25
1739482534.8702476,-55,97,104
1739482534.9152474,-18,96,-64
1739482534.9612474,76,-104,50
1739482535.0072474,13,-19,-103
1739482535.0532477,-98,56,-35
1739482535.0982475,30,-7,-165
1739482535.1442475,27,-55,-54
1739482535.1902475,62,81,-127
1739482535.2352476,-57,-96,-37
1739482535.2812476,33,-46,-7
1739482535.3272476,19,-64,-59
1739482535.3732476,-42,18,20
1739482535.4182477,-60,-121,28
1739482535.4642477,81,-74,3
1739482535.5102477,-7,-17,-41
1739482535.5552475,9,-33,-26
1739482535.6012475,-74,-30,-13
1739482535.6472476,37,-11,-57
1739482535.6932476,-57,-114,13
1739482535.7382476,-14,-53,-14
1739482535.7842476,-13,17,-56
1739482535.8302476,17,-129,-50
1739482535.8752477,91,-15,-15
1739482535.9212475,-4,117,7
1739482535.9672475,-45,-32,-4
1739482536.0132475,11,-174,-29
1739482536.0582476,0,8,-114
1739482536.1042476,-91,-30,-43
1739482536.1502476,0,58,72
1739482536.1952477,16,21,-141
1739482536.2412477,-33,114,39
1739482536.2872477,-25,-110,39
1739482536.3332477,-2,-35,-80
1739482536.3782475,-15,-61,33
1739482536.4242475,-11,-87,-4
1739482536.4702475,28,-65,66
1739482536.5152476,23,-6,-83
1739482536.5612476,-51,58,-148
1739482536.6072476,36,-37,-100
1739482536.6532476,29,-25,-88
1739482536.6982474,66,-75,-2
1739482536.7442474,6,-61,-60
1739482536.7902474,-10,40,33
1739482536.8352475,-46,-24,46
1739482536.8812475,22,0,-49
1739482536.9272475,-7,-57,139
1739482536.9732475,-64,-100,61
1739482537.0172474,31,-29,-15
1739482537.0632474,68,-11,-36
1739482537.1092474,58,-52,-76
1739482537.1542475,-46,-35,-80
1739482537.2002475,-27,-77,69
1739482537.2462475,0,-112,13
1739482537.2912476,0,-12,26
1739482537.3372476,-81,-95,-27
1739482537.3832476,21,-118,-5
1739482537.4292476,27,22,-114
1739482537.4742477,-6,-72,87
1739482537.5202477,-41,-57,-44
1739482537.5662477,-58,23,26
1739482537.6112475,-4,44,-161
1739482537.6572475,-47,8,-53
1739482537.7032475,-9,92,-29
1739482537.7492476,6,-103,1
1739482537.7942476,-7,52,-45
1739482537.8402476,59,-41,-100
1739482537.8862476,-10,-70,-11
1739482537.9312477,-27,-10,53
1739482537.9772477,-119,-74,-15
1739482538.0232477,-38,20,-78
1739482538.0692475,13,1,9
1739482538.1142476,6,-122,100
1739482538.1602476,9,-17,-125
1739482538.2062476,-12,-70,24
1739482538.2512476,29,-33,-74
1739482538.2972476,2,-41,-51
1739482538.3432477,0,-94,-78
1739482538.3892477,-38,-62,27
1739482538.4342475,8,-68,-25
1739482538.4802475,52,-143,84
1739482538.5262475,-42,34,0
1739482538.5712476,-60,-120,2
1739482538.6172476,-13,-4,-50
1739482538.6632476,-63,-90,-31
1739482538.7092476,-67,20,-25
1739482538.7542477,-70,-76,-44
1739482538.8002477,71,35,-56
1739482538.8462474,11,-131,47
1739482538.8912475,54,-37,67
1739482538.9372475,41,-93,-57
1739482538.9832475,27,-139,-56
1739482539.0292475,14,50,40
1739482539.0742476,94,-33,44
1739482539.1202476,10,-62,-50
1739482539.1662476,-81,2,77
1739482539.2112474,25,0,31
1739482539.2572474,-3,-98,-142
1739482539.3032477,36,-109,-50
1739482539.3492477,-56,14,-6
1739482539.3942475,16,-3,-8
1739482539.4402475,12,-51,-58
1739482539.4862475,78,-35,25
1739482539.5312476,-118,-22,-74
1739482539.5772476,24,-177,-106
1739482539.6232476,77,0,-74
1739482539.6692476,-14,-36,-72
1739482539.7142477,49,-63,-63
1739482539.7602477,7,-7,-40
1739482539.8062477,16,-69,-66
1739482539.8512475,42,35,-35
1739482539.8972476,-19,19,-70
1739482539.9432476,45,1,-208
1739482539.9892476,36,37,-16
1739482540.0342476,61,-105,5
1739482540.0802476,65,-95,-31
1739482540.1262476,5,90,-107
1739482540.1712475,25,-57,-41
1739482540.2172475,-99,-26,-17
1739482540.2632475,41,-67,-25
1739482540.3092475,-14,-41,21
1739482540.3542476,-15,-54,-96
1739482540.4002476,-14,-40,-25
1739482540.4462476,29,5,-69
1739482540.4912477,-14,44,-16
1739482540.5372477,-33,64,-26
1739482540.5832477,49,-29,-29
1739482540.6292477,-103,-12,29
1739482540.6742475,31,-45,26
1739482540.7202475,57,-25,5
1739482540.7662475,0,-1,-11
1739482540.8112476,-12,-64,35
1739482540.8572476,40,-69,-38
1739482540.9032476,3,117,18
1739482540.9492476,10,-101,20
1739482540.9942474,57,-59,83
1739482541.0402474,-51,-96,-8
1739482541.0862474,50,-11,-47
1739482541.1312475,45,-9,11
1739482541.1772475,-8,68,1
1739482541.2232475,-18,16,-8
1739482541.2692475,-33,-86,-121
1739482541.3142476,-30,16,0
1739482541.3602476,31,23,21
1739482541.4062476,-15,32,-60
1739482541.4512477,41,-38,-87
1739482541.4972477,23,-92,40
1739482541.5432477,47,72,60
1739482541.5892477,-76,-2,-78
1739482541.6342475,86,-31,-6
1739482541.6802475,-38,4,-102
1739482541.7262475,26,45,-52
1739482541.7712476,51,-6,-64
1739482541.8172476,-99,9,-27
1739482541.8632476,-24,-83,-134
1739482541.9092476,27,-24,-45
1739482541.9542477,-29,-141,-76
1739482542.0002477,-45,-115,69
1739482542.0462475,63,-38,-55
1739482542.0912476,52,10,3
1739482542.1372476,-22,-25,144
1739482542.1832476,38,146,103
1739482542.2292476,-26,-181,5
1739482542.2742476,-20,-25,-64
1739482542.3202477,25,0,-3
1739482542.3662477,-11,23,59
1739482542.4112475,9,-17,-4
1739482542.4572475,6,-14,-100
1739482542.5032475,16,-128,-38
1739482542.5492475,19,4,-5
1739482542.5942476,-8,-17,78
1739482542.6402476,24,-54,85
1739482542.6862476,44,-32,-116
1739482542.7312477,9,-10,-50
1739482542.7772477,-21,91,52
1739482542.8232474,6,20,-26
1739482542.8692474,14,-36,-25
1739482542.9142475,-57,-54,17
1739482542.9602475,-20,-55,-93
1739482543.0062475,-5,-131,-78
1739482543.0512476,-37,34,-22
1739482543.1032476,-13,-40,-4
1739482543.1492476,36,-11,-94
1739482543.1942475,51,37,-17
1739482543.2402475,-50,-48,-42
1739482543.2862475,24,-123,-11
1739482543.3312476,19,37,-60
1739482543.3782475,41,-5,-148
1739482543.4242475,91,-135,-33
1739482543.4702475,-31,-58,-36
1739482543.5152476,-1,-27,-36
1739482543.5612476,32,1,-114
1739482543.6072476,46,-211,-126
1739482543.6532476,13,55,-16
1739482543.6982474,118,69,-11
1739482543.7442474,-23,-42,-35
1739482543.7902474,16,-141,-5
1739482543.8352475,-21,-92,-45
1739482543.8812475,44,-65,-37
1739482543.9272475,82,-20,71
1739482543.9722476,-24,-2,4
1739482544.0182476,-88,-54,-56
1739482544.0642476,3,-66,48
1739482544.1102476,-10,-60,45
1739482544.1552474,-17,0,-78
1739482544.2012477,-29,-24,-49
1739482544.2472477,43,-108,-52
1739482544.2932477,46,112,-26
1739482544.3382475,67,-58,16
1739482544.3842475,52,0,34
1739482544.4302475,89,-121,-52
1739482544.4752476,-10,-84,-42
1739482544.5212476,37,61,-129
1739482544.5672476,87,-131,14
1739482544.6132476,-84,-37,0
1739482544.6582477,-65,-94,-70
1739482544.7042477,-2,-2,0
1739482544.7502477,34,-54,-75
1739482544.7952476,-61,-46,-126
1739482544.8412476,-62,-69,-5
1739482544.8872476,-49,87,45
1739482544.9332476,-9,97,7
1739482544.9782476,24,-92,-46
1739482545.0242476,66,-34,-47
1739482545.0702477,7,10,-7
1739482545.1152475,46,-63,-26
1739482545.1612475,-13,70,-132
1739482545.2072475,8,-54,-42
1739482545.2532475,-55,103,-1
1739482545.2982476,-28,-22,-34
1739482545.3442476,-79,-74,-51
1739482545.3902476,-16,24,22
1739482545.4352477,-10,30,-131
1739482545.4812477,6,-53,-97
1739482545.5272477,9,-5,-94
1739482545.5732474,-116,38,-54
1739482545.6182475,13,-35,-25
1739482545.6642475,60,-95,-127
1739482545.7102475,-87,-58,0
1739482545.7552476,67,-13,-128
1739482545.8012476,-29,-60,-95
1739482545.8472476,-23,24,78
1739482545.8932476,36,39,-74
1739482545.9382474,100,-121,60
1739482545.9842474,37,-153,1
1739482546.0302474,111,-43,28
1739482546.0752475,-42,-42,-39
1739482546.1212475,13,73,-52
1739482546.1672475,-3,-114,86
1739482546.2132475,-24,-86,-84
1739482546.2582476,72,-83,26
1739482546.3042476,-25,-38,10
1739482546.3502476,-22,-72,-16
1739482546.3952477,-15,-42,-20
1739482546.4412477,27,-103,-22
1739482546.4872477,7,73,11
1739482546.5332477,41,-3,-67
1739482546.5782475,24,-9,-152
1739482546.6242476,-24,-18,61
1739482546.6702476,72,11,-5
1739482546.7152476,90,-97,31
1739482546.7612476,54,-141,-36
1739482546.8072476,33,-13,-95
1739482546.8532476,14,51,-16
1739482546.8982477,8,-5,100
1739482546.9442475,-26,44,-29
1739482546.9902475,67,-59,-43
1739482547.0352476,15,-45,14
1739482547.0812476,25,0,55
1739482547.1272476,18,-81,1
1739482547.1722476,-4,-5,-39
1739482547.2182477,74,-229,-58
1739482547.2642477,82,-73,-1
1739482547.3102477,24,-57,-105
1739482547.3552475,-37,70,-26
1739482547.4012475,-3,-64,-21
1739482547.4472475,30,-67,-135
1739482547.4922476,33,-13,-42
1739482547.5382476,77,-33,16
1739482547.5842476,-36,12,-100
1739482547.6302476,33,-7,-77
1739482547.6752477,-8,-106,-150
1739482547.7212474,19,-24,-65
1739482547.7672474,70,-9,-98
1739482547.8122475,-77,-70,5
1739482547.8582475,61,-95,-54
1739482547.9042475,-9,-8,-108
1739482547.9502475,-87,-106,19
1739482547.9952476,51,-27,13
1739482548.0412476,35,-31,-48
1739482548.0872476,33,44,-70
1739482548.1322474,7,-98,-102
1739482548.1782477,-8,-50,23
1739482548.2242477,-50,-78,-24
1739482548.2702477,133,55,-76
1739482548.3152475,-12,-4,-68
1739482548.3612475,43,-105,-21
1739482548.4072475,11,28,-61
1739482548.4522476,15,-49,-70
1739482548.4982476,-13,-28,-48
1739482548.5442476,5,0,-114
1739482548.5902476,66,-67,-46
1739482548.6352477,-47,32,-57
1739482548.6812477,-6,-47,10
1739482548.7272477,47,23,-97
1739482548.7722476,39,-5,-4
1739482548.8182476,18,37,14
1739482548.8642476,-38,-64,-55
1739482548.9102476,35,-115,-122
1739482548.9552476,11,5,-67
1739482549.0012476,5,-105,-49
1739482549.0472476,-62,-94,-3
1739482549.0922475,42,-53,-32
1739482549.1382475,-59,-2,-57
1739482549.1842475,55,-79,-46
1739482549.2302475,-52,18,43
1739482549.2752476,-47,-58,-76
1739482549.3212476,-17,-54,-113
1739482549.3672476,5,-59,48
1739482549.4122477,-10,-116,-22
1739482549.4582477,-67,-98,-107
1739482549.5042477,-27,22,131
1739482549.5502477,-40,54,28
1739482549.5952475,74,-135,-103
1739482549.6412475,-36,-44,15
1739482549.6872475,43,-67,-19
1739482549.7322476,20,121,-54
1739482549.7782476,17,-157,-52
1739482549.8242476,-36,-76,40
1739482549.8702476,36,43,34
1739482549.9152474,-70,-38,-21
1739482549.9612474,3,-71,-53
1739482550.0072474,28,21,-89
1739482550.0522475,89,-31,-53
1739482550.0982475,-36,-48,-55
1739482550.1442475,0,-29,4
1739482550.1902475,41,-59,-150
1739482550.2352476,-32,-46,-83
1739482550.2812476,-87,-164,3
1739482550.3272476,-7,-66,6
1739482550.3722477,-13,-68,18
1739482550.4182477,81,75,3
1739482550.4642477,-80,46,7
1739482550.5102477,88,-49,-84
1739482550.5552475,-9,20,141
1739482550.6012475,58,-3,61
1739482550.6472476,34,-23,-13
1739482550.6922476,78,-3,40
1739482550.7382476,-75,12,-2
1739482550.7842476,-20,-6,-65
1739482550.8302476,-38,40,-36
1739482550.8752477,18,-79,-162
1739482550.9212475,-15,52,-61
1739482550.9672475,-76,34,13
1739482551.0122476,69,125,-13
1739482551.0582476,22,-25,34
1739482551.1042476,29,-11,72
1739482551.1502476,19,33,-149
1739482551.1952477,21,7,33
1739482551.2412477,-70,-18,-91
1739482551.2872477,22,-101,-100
1739482551.3322475,13,-13,27
1739482551.3782475,4,-1,-7
1739482551.4242475,-32,-18,-82
1739482551.4702475,24,-21,25
1739482551.5152476,9,105,37
1739482551.5612476,0,-75,-34
1739482551.6072476,13,-7,-134
1739482551.6522477,5,15,-109
1739482551.6982474,27,-65,68
1739482551.7442474,9,-71,-193
1739482551.7902474,-14,130,5
1739482551.8352475,-31,-186,-126
1739482551.8812475,-40,28,-85
1739482551.9272475,-39,-104,-19
1739482551.9722476,-63,-64,82
1739482552.0182476,84,3,-64
1739482552.0642476,-10,32,-135
1739482552.1102476,-34,24,-123
1739482552.1552474,-40,46,-28
1739482552.2012477,31,31,-46
1739482552.2472477,-68,46,-2
1739482552.2922475,-27,106,9
1739482552.3382475,-10,-96,18
1739482552.3842475,-2,-32,49
1739482552.4302475,-86,76,-37
1739482552.4752476,1,135,-125
1739482552.5212476,-11,24,-68
1739482552.5672476,-43,-2,-9
1739482552.6122477,4,65,-68
1739482552.6582477,35,63,-19
1739482552.7042477,-21,-19,-178
1739482552.7502477,-54,20,-89
1739482552.7952476,72,-39,0
1739482552.8412476,-18,-66,-110
1739482552.8872476,-1,-50,-12
1739482552.9322476,48,-183,-69
1739482552.9782476,-90,-28,62
1739482553.0242476,65,-83,-61
1739482553.0702477,-3,-126,-7
1739482553.1212475,-21,-10,49
1739482553.1672475,-43,-78,-15
1739482553.2122476,14,-41,-7
1739482553.2582476,35,-49,41
1739482553.3042476,-124,20,93
1739482553.3502476,-30,-12,-112
1739482553.3952477,34,-99,4
1739482553.4412477,-17,100,-30
1739482553.4872477,-16,42,-90
1739482553.5312476,10,-59,0
1739482553.5772476,-15,-26,20
1739482553.6232476,-42,-90,-60
1739482553.6682477,-22,-80,7
1739482553.7142477,59,13,-86
1739482553.7602477,14,11,31
1739482553.8062477,-87,4,9
1739482553.8512475,13,-61,-137
1739482553.8972476,-16,22,-20
1739482553.9432476,10,-101,-46
1739482553.9882476,24,-5,21
1739482554.0342476,43,-39,-177
1739482554.0802476,37,47,-67
1739482554.1262476,91,-19,-74
1739482554.1712475,118,43,-15
1739482554.2172475,-17,44,-69
1739482554.2632475,-25,-74,142
1739482554.3082476,-59,-2,-115
1739482554.3542476,14,63,-81
1739482554.4002476,44,-105,-14
1739482554.4462476,14,-61,-115
1739482554.4912477,11,25,-77
1739482554.5372477,23,-33,-91
1739482554.5832477,59,11,-45
1739482554.6282475,-1,-108,-21
1739482554.6742475,67,-109,-1
1739482554.7202475,0,10,-32
1739482554.7662475,18,1,-109
1739482554.8112476,56,-1,-56
1739482554.8572476,24,0,-86
1739482554.9032476,-31,-12,-30
1739482554.9482474,14,-99,-143
1739482554.9942474,-32,-64,21
1739482555.0402474,-32,-66,-117
1739482555.0862474,-1,-35,-133
1739482555.1312475,36,-51,-241
1739482555.1772475,72,-17,91
1739482555.2232475,-12,22,91
1739482555.2682476,-30,18,16
1739482555.3142476,-48,8,-80
1739482555.3602476,-37,-56,-158
1739482555.4062476,-24,-218,-88
1739482555.4512477,35,-27,-130
1739482555.4972477,-15,50,-167
1739482555.5432477,-17,8,-29
1739482555.5882475,0,-66,-15
1739482555.6342475,28,-43,19
1739482555.6802475,-32,-112,43
1739482555.7262475,36,-65,-3
1739482555.7712476,-66,-90,-129
1739482555.8172476,37,-25,95
1739482555.8632476,-102,-18,-109
1739482555.9082477,-4,35,-57
1739482555.9542477,-10,46,9
1739482556.0002477,-56,-22,-16
1739482556.0462475,42,-39,-4
1739482556.0912476,-82,44,-10
1739482556.1372476,-15,-68,77
1739482556.1832476,21,29,23
1739482556.2282476,15,-33,37
1739482556.2742476,22,59,-88
1739482556.3202477,-31,24,-42
1739482556.3662477,-31,56,-23
1739482556.4112475,96,43,-104
1739482556.4572475,-38,-42,149
1739482556.5032475,-17,-82,21
1739482556.5482476,-10,68,-118
1739482556.5942476,28,7,-76
1739482556.6402476,-105,-172,-65
1739482556.6862476,13,45,33
1739482556.7312477,26,-79,-126
1739482556.7772477,-79,-118,8
1739482556.8232474,-71,-24,0
1739482556.8682475,22,-149,-50
1739482556.9142475,70,-145,13
1739482556.9602475,-67,-100,-114
1739482557.0062475,22,-39,-1
1739482557.0512476,-39,-56,73
1739482557.0972476,36,-97,-81
1739482557.1432476,6,-45,41
1739482557.1882474,-43,-126,-122
1739482557.2342474,-26,-86,35
1739482557.2802474,0,-108,15
1739482557.3262477,-7,-132,-30
1739482557.3712475,-17,-62,1
1739482557.4172475,-43,-28,5
1739482557.4632475,0,117,-107
1739482557.5082476,-40,-8,-42
1739482557.5542476,-41,-32,-30
1739482557.6002476,-35,-4,48
1739482557.6462476,-73,-32,-90
1739482557.6912477,-25,-92,16
1739482557.7372477,-29,-46,64
1739482557.7832477,42,-19,-174
1739482557.8282475,-2,-9,68
1739482557.8742476,-28,-108,0
1739482557.9202476,-3,-26,5
1739482557.9662476,-39,-80,-99
1739482558.0112476,50,-23,32
1739482558.0572476,-52,28,-51
1739482558.1032476,39,-129,-94
1739482558.1482477,-123,44,-12
1739482558.1942475,67,-59,-28
1739482558.2402475,-11,57,5
1739482558.2862475,-36,-22,174
1739482558.3312476,-41,-38,-98
1739482558.3772476,22,105,-106
1739482558.4232476,14,15,43
1739482558.4682477,-55,-22,-58
1739482558.5142477,-46,94,-4
1739482558.5602477,-89,-78,47
1739482558.6062477,-81,86,14
1739482558.6512475,-23,-12,-52
1739482558.6972475,-29,-34,-92
1739482558.7432475,43,17,-20
1739482558.7882476,-60,58,1
1739482558.8342476,29,-25,-24
1739482558.8802476,-10,-66,-40
1739482558.9262476,27,-15,37
1739482558.9712474,33,-85,-77
1739482559.0172474,-51,-14,-26
1739482559.0632474,-102,-118,-33
1739482559.1082475,95,-37,-55
1739482559.1542475,20,-13,24
1739482559.2002475,11,-151,-63
1739482559.2462475,1,-98,6
1739482559.2912476,-12,-89,76
1739482559.3372476,-52,-52,30
1739482559.3832476,17,0,-41
1739482559.4282477,46,-3,-90
1739482559.4742477,12,29,-37
1739482559.5202477,10,-10,-45
1739482559.5662477,-12,0,-39
1739482559.6112475,-24,-96,-67
1739482559.6572475,22,-11,71
1739482559.7032475,-35,-44,12
1739482559.7482476,-5,38,-101
1739482559.7942476,10,37,39
1739482559.8402476,40,-155,-68
1739482559.8862476,-52,-34,-51
1739482559.9312477,70,-23,-64
1739482559.9772477,-81,-18,-68
1739482560.0232477,37,-77,5
1739482560.0682476,-50,4,-92
1739482560.1142476,15,-93,-40
1739482560.1602476,1,-198,18
1739482560.2062476,11,39,14
1739482560.2512476,5,-54,-156
1739482560.2972476,19,-119,-57
1739482560.3432477,-42,0,-55
1739482560.3882475,-126,-34,-47
1739482560.4342475,42,-143,-38
1739482560.4802475,35,-41,-2
1739482560.5262475,-8,-114,27
1739482560.5712476,-47,-8,-168
1739482560.6172476,54,-25,-75
1739482560.6632476,-107,82,-138
1739482560.7082477,48,-7,44
1739482560.7542477,-29,4,1
1739482560.8002477,64,-109,-34
1739482560.8462474,-1,-45,-46
1739482560.8912475,-4,-86,-22
1739482560.9372475,12,-13,-25
1739482560.9832475,59,-155,-20
1739482561.0282476,6,-54,15
1739482561.0742476,-35,-100,-68
1739482561.1202476,2,0,-9
1739482561.1662476,-26,-94,13
1739482561.2112474,52,67,-27
1739482561.2572474,15,-78,-69
1739482561.3032477,16,3,-41
1739482561.3482475,-10,-2,63
1739482561.3942475,-85,102,77
1739482561.4402475,-48,-54,-136
1739482561.4862475,49,-195,-91
1739482561.5312476,-45,-34,-25
1739482561.5772476,51,57,-60
1739482561.6232476,19,35,44
1739482561.6682477,-6,50,-44
1739482561.7142477,-21,46,52
1739482561.7602477,0,-146,-92
1739482561.8062477,-12,-92,-44
1739482561.8512475,-25,-100,16
1739482561.8972476,39,63,8
1739482561.9432476,7,-72,-18
1739482561.9882476,15,56,56
1739482562.0342476,66,-31,75
1739482562.0802476,2,146,96
1739482562.1262476,92,-45,-41
1739482562.1712475,-107,-44,-93
1739482562.2172475,62,-29,47
1739482562.2632475,-16,-76,-21
1739482562.3082476,0,-106,34
1739482562.3542476,-48,-10,-75
1739482562.4002476,28,-73,-27
1739482562.4462476,0,4,-24
1739482562.4912477,-43,32,85
1739482562.5372477,24,-33,37
1739482562.5832477,51,-87,26
1739482562.6272476,-10,44,0
1739482562.6732476,-44,-42,-35
1739482562.7192476,4,-19,-45
1739482562.7642477,-1,21,58
1739482562.8102477,-10,-85,-76
1739482562.8562477,8,-75,-12
1739482562.9022477,26,-83,-21
1739482562.9472475,10,-172,-1
1739482562.9932475,-14,44,-20
1739482563.0392475,-20,-64,10
1739482563.0842476,-4,33,-86
1739482563.1362476,-37,-40,-64
1739482563.1822476,-12,24,-90
1739482563.2272477,-35,2,-50
1739482563.2732477,-26,-134,-17
1739482563.3192475,-5,-61,-131
1739482563.3642476,39,55,-84
1739482563.4102476,52,135,-58
1739482563.4562476,-41,-32,-52
1739482563.5022476,-19,92,40
1739482563.5472476,33,-119,19
1739482563.5932477,-53,16,21
1739482563.6392477,-12,-28,-42
1739482563.6842475,16,-5,0
1739482563.7302475,59,-73,-50
1739482563.7762475,19,0,-128
1739482563.8222475,30,-85,-37
1739482563.8672476,-39,90,71
1739482563.9132476,-14,-36,27
1739482563.9592476,22,25,182
1739482564.0042477,-54,-24,-16
1739482564.0502477,45,3,-47
1739482564.0962474,-43,-52,-35
1739482564.1422474,-37,-20,-85
1739482564.1872475,42,-59,31
1739482564.2332475,46,55,84
1739482564.2792475,18,0,-107
1739482564.3242476,36,23,78
1739482564.3702476,-37,-32,73
1739482564.4162476,68,-55,-33
1739482564.4622476,54,-105,-13
1739482564.5072474,91,-99,-162
1739482564.5532477,67,-3,-66
1739482564.5992477,-47,30,-37
1739482564.6442475,-30,18,0
1739482564.6902475,0,73,0
1739482564.7362475,-1,-33,4
1739482564.7822475,47,-67,7
1739482564.8272476,41,31,-48
1739482564.8732476,-68,6,-49
1739482564.9192476,16,-71,-38
1739482564.9642477,18,-95,-42
1739482565.0102477,-6,26,-20
1739482565.0562477,47,-31,26
1739482565.1022477,-63,-90,125
1739482565.1472476,33,-11,-58
1739482565.1932476,25,-79,19
1739482565.2392476,15,-191,-71
1739482565.2842476,31,-69,-21
1739482565.3302476,41,-51,84
1739482565.3762476,6,32,-175
1739482565.4222476,0,-50,56
1739482565.4672475,-17,-2,-32
1739482565.5132475,-33,-148,-28
1739482565.5592475,-72,22,-76
1739482565.6042476,-152,86,-93
1739482565.6502476,-17,-14,-23
1739482565.6962476,-60,-118,-123
1739482565.7422476,78,29,-74
1739482565.7872477,-12,-18,-15
1739482565.8332477,21,-21,105
1739482565.8792477,-103,-60,-207
1739482565.9242475,14,-99,-68
1739482565.9702475,10,-191,-61
1739482566.0162475,32,-45,46
1739482566.0622475,-45,30,-17
1739482566.1072476,-56,-42,-63
1739482566.1532476,-38,-120,26
1739482566.1992476,18,3,-4
1739482566.2442474,-13,-10,87
1739482566.2902474,24,43,3
1739482566.3362474,28,19,-147
1739482566.3822474,52,-47,-51
1739482566.4282477,35,-33,-38
1739482566.4742477,19,75,-36
1739482566.5202477,3,23,-103
1739482566.5662477,-96,-12,2
1739482566.6112475,-39,-56,-13
1739482566.6572475,-21,-8,-98
1739482566.7032475,-4,-52,-7
1739482566.7482476,47,-49,1
1739482566.7942476,34,-135,41
1739482566.8402476,28,0,-45
1739482566.8862476,-64,-92,-67
1739482566.9312477,-1,79,29
1739482566.9772477,-47,-52,-113
1739482567.0232477,-58,-88,-120
1739482567.0682476,7,-48,77
1739482567.1142476,-72,-40,4
1739482567.1602476,0,11,-29
1739482567.2062476,-32,58,-86
1739482567.2512476,51,77,81
1739482567.2972476,-35,6,-96
1739482567.3432477,-5,-10,56
1739482567.3882475,53,69,-82
1739482567.4342475,66,35,14
1739482567.4802475,-38,20,-75
1739482567.5262475,23,-13,-94
1739482567.5712476,44,-9,-99
1739482567.6172476,-14,-32,-106
1739482567.6632476,40,-53,81
1739482567.7082477,30,-63,8
1739482567.7542477,4,24,113
1739482567.8002477,-4,21,-56
1739482567.8462474,9,4,-49
1739482567.8912475,-9,-38,-52
1739482567.9372475,9,15,51
1739482567.9832475,-70,-98,-93
1739482568.0282476,87,-117,-91
1739482568.0742476,-33,-26,47
1739482568.1202476,1,14,-44
1739482568.1662476,-41,-96,1
1739482568.2112474,-43,20,1
1739482568.2572474,-64,-98,-3
1739482568.3032477,7,11,-82
1739482568.3482475,14,23,65
1739482568.3942475,23,35,33
1739482568.4402475,49,-57,0
1739482568.4862475,14,-57,-185
1739482568.5312476,-18,-40,44
1739482568.5772476,-37,78,-166
1739482568.6232476,30,-41,-47
1739482568.6682477,7,-142,-132
1739482568.7142477,-21,-8,-56
1739482568.7602477,4,-100,44
1739482568.8062477,5,0,-84
1739482568.8512475,6,-44,95
1739482568.8972476,30,-1,-76
1739482568.9432476,-34,-102,-23
1739482568.9882476,-45,-24,-13
1739482569.0342476,-1,4,-62
1739482569.0802476,16,25,-142
1739482569.1262476,60,-111,-19
1739482569.1712475,-29,-88,20
1739482569.2172475,-69,32,-51
1739482569.2632475,2,-9,20
1739482569.3082476,-26,-4,-33
1739482569.3542476,52,-107,-61
1739482569.4002476,42,-1,-97
1739482569.4462476,-37,-60,-63
1739482569.4912477,-34,54,36
1739482569.5372477,10,-44,-51
1739482569.5832477,-28,-16,-103
1739482569.6282475,-46,-168,-9
1739482569.6742475,-43,78,-60
1739482569.7202475,-10,-96,68
1739482569.7662475,0,-68,-23
1739482569.8112476,33,-119,-17
1739482569.8572476,44,-45,-95
1739482569.9032476,1,-123,-74
1739482569.9482474,34,-179,-75
1739482569.9942474,42,9,-194
1739482570.0402474,-64,-80,2
1739482570.0862474,57,111,-7
1739482570.1312475,17,-60,-125
1739482570.1772475,-15,-66,87
1739482570.2232475,-67,-124,21
1739482570.2682476,3,3,47
1739482570.3142476,-19,-100,-3
1739482570.3602476,-1,-15,-13
1739482570.4062476,53,-19,-121
1739482570.4512477,-73,22,154
1739482570.4972477,-35,12,-50
1739482570.5432477,-77,-26,0
1739482570.5882475,-11,-66,-127
1739482570.6342475,25,-93,70
1739482570.6802475,1,-80,88
1739482570.7262475,-58,68,-61
1739482570.7712476,42,-115,-68
1739482570.8172476,21,-13,30
1739482570.8632476,31,63,-33
1739482570.9082477,-16,6,53
1739482570.9542477,-25,16,15
1739482571.0002477,-11,-130,2
1739482571.0462475,22,-153,107
1739482571.0912476,30,-9,54
1739482571.1372476,-29,128,-35
1739482571.1832476,12,-137,-42
1739482571.2282476,-104,-10,-125
1739482571.2742476,-15,-82,12
1739482571.3202477,-47,44,5
1739482571.3662477,-1,-38,5
1739482571.4112475,75,69,35
1739482571.4572475,9,23,23
1739482571.5032475,-41,-8,-123
1739482571.5482476,16,14,-85
1739482571.5942476,-31,38,-43
1739482571.6402476,-44,-144,-8
1739482571.6862476,-18,-30,6
1739482571.7312477,-76,-10,-118
1739482571.7772477,38,7,-32
1739482571.8232474,-23,-25,-26
1739482571.8682475,-16,-18,-90
1739482571.9142475,50,-105,-23
1739482571.9602475,39,-179,-57
1739482572.0062475,-68,78,18
1739482572.0512476,-5,-156,-19
1739482572.0972476,46,-19,-75
1739482572.1432476,24,-77,1
1739482572.1882474,-35,-104,-66
1739482572.2342474,-53,34,7
1739482572.2802474,7,-94,-85
1739482572.3262477,9,47,52
1739482572.3712475,2,-5,-118
1739482572.4172475,100,-49,-73
1739482572.4632475,-5,-14,-141
1739482572.5082476,26,19,-74
1739482572.5542476,-25,22,36
1739482572.6002476,52,-5,-164
1739482572.6462476,11,-92,16
1739482572.6912477,13,59,-11
1739482572.7372477,43,43,-48
1739482572.7832477,9,-75,-32
1739482572.8282475,-10,-41,-106
1739482572.8742476,-7,40,41
1739482572.9202476,-28,80,-169
1739482572.9662476,36,99,-7
1739482573.0112476,1,-24,-106
1739482573.0572476,-72,-54,-96
1739482573.1032476,-147,20,2
1739482573.1542475,21,103,80
1739482573.2002475,-23,60,-48
1739482573.2462475,33,-65,28
1739482573.2912476,-2,-177,-10
1739482573.3372476,-4,-77,6
1739482573.3832476,9,-60,-120
1739482573.4282477,65,-15,-50
1739482573.4742477,23,-10,21
1739482573.5202477,-19,-44,-87
1739482573.5662477,30,-29,-22
1739482573.6112475,-40,44,-18
1739482573.6572475,81,-1,-6
1739482573.7032475,-1,121,-16
1739482573.7482476,-62,-84,-198
1739482573.7942476,-9,-46,-49
1739482573.8402476,75,-117,3
1739482573.8862476,-114,0,-23
1739482573.9312477,-53,36,0
1739482573.9772477,32,-11,-35
1739482574.0232477,4,-74,32
1739482574.0682476,-38,-136,-127
1739482574.1142476,-18,-82,-68
1739482574.1602476,-22,-28,-18
1739482574.2062476,4,-19,-117
1739482574.2512476,-30,-58,-120
1739482574.2972476,62,-57,-30
1739482574.3432477,-26,28,11
1739482574.3882475,-25,-144,55
1739482574.4342475,-83,56,-40
1739482574.4802475,-91,34,-19
1739482574.5262475,-91,-136,-14
1739482574.5712476,-24,70,-23
1739482574.6172476,8,-29,-105
1739482574.6632476,38,-91,-29
1739482574.7082477,-34,24,-37
1739482574.7542477,117,55,-167
1739482574.8002477,8,-5,-130
1739482574.8462474,41,-13,-55
1739482574.8912475,15,-31,-40
1739482574.9372475,81,27,67
1739482574.9832475,-42,-86,-78
1739482575.0282476,0,-31,-88
1739482575.0742476,-13,-22,-76
1739482575.1202476,29,11,58
1739482575.1662476,46,-21,-52
1739482575.2112474,73,-13,-4
1739482575.2572474,-3,-51,4
1739482575.3032477,49,-119,-96
1739482575.3482475,-9,-106,-163
1739482575.3942475,27,-33,-68
1739482575.4402475,24,13,79
1739482575.4862475,-16,-58,-51
1739482575.5312476,-21,10,-141
1739482575.5772476,60,-37,-14
1739482575.6232476,-69,68,-84
1739482575.6682477,88,-51,-65
1739482575.7142477,-88,-4,61
1739482575.7602477,-22,86,47
1739482575.8062477,87,13,-62
1739482575.8512475,-22,-44,-40
1739482575.8972476,-98,-46,-36
1739482575.9432476,30,-29,-85
1739482575.9882476,10,-67,-100
1739482576.0342476,-30,-116,-77
1739482576.0802476,-29,-38,-88
1739482576.1262476,-61,12,-85
1739482576.1712475,1,2,-11
1739482576.2172475,-1,-17,44
1739482576.2632475,11,-77,2
1739482576.3082476,-2,47,-21
1739482576.3542476,30,-107,-113
1739482576.4002476,-82,-24,38
1739482576.4462476,-106,80,-19
1739482576.4912477,-21,-120,-22
1739482576.5372477,-53,-26,96
1739482576.5832477,-25,-44,-55
1739482576.6282475,-6,-41,-56
1739482576.6742475,-43,68,-40
1739482576.7202475,-48,-158,-77
1739482576.7662475,-67,90,-57
1739482576.8112476,67,-93,27
1739482576.8572476,60,1,-92
1739482576.9032476,-14,2,-58
1739482576.9482474,-8,-134,32
1739482576.9942474,-44,-38,-82
1739482577.0402474,40,-63,-76
1739482577.0862474,44,31,-105
1739482577.1312475,1,39,82
1739482577.1772475,-12,-70,-41
1739482577.2232475,-30,-24,-136
1739482577.2682476,15,83,-52
1739482577.3142476,-107,-16,-129
1739482577.3602476,-45,-140,-35
1739482577.4062476,60,59,95
1739482577.4512477,40,79,-6
1739482577.4972477,-68,-32,12
1739482577.5432477,-45,-96,-132
1739482577.5882475,-55,-100,-31
1739482577.6342475,-21,66,-116
1739482577.6802475,77,-5,-82
1739482577.7262475,40,-109,-61
1739482577.7712476,17,-5,-115
1739482577.8172476,33,-75,-92
1739482577.8632476,37,23,-37
1739482577.9082477,18,0,-106
1739482577.9542477,30,79,25
1739482578.0002477,-6,0,-41
1739482578.0462475,-52,-26,24
1739482578.0902476,-49,-74,86
1739482578.1362476,35,-77,-22
1739482578.1822476,49,-67,-86
1739482578.2272477,-15,-65,6
1739482578.2732477,-51,144,-26
1739482578.3192475,47,-5,-148
1739482578.3642476,0,-100,-74
1739482578.4102476,34,23,-91
1739482578.4562476,-72,-50,-147
1739482578.5022476,-10,-32,104
1739482578.5472476,-64,-94,-27
1739482578.5932477,-34,-82,-63
1739482578.6392477,53,-59,-68
1739482578.6842475,-1,-52,-50
1739482578.7302475,66,7,169
1739482578.7762475,-55,0,-40
1739482578.8222475,130,27,-132
1739482578.8672476,-23,-38,-79
1739482578.9132476,9,-83,32
1739482578.9592476,28,69,-37
1739482579.0042477,-22,28,-69
1739482579.0502477,44,-5,-79
1739482579.0962474,91,25,20
1739482579.1422474,62,-9,-53
1739482579.1872475,41,-71,-6
1739482579.2332475,4,18,61
1739482579.2792475,-25,-12,45
1739482579.3242476,-33,-36,-34
1739482579.3702476,12,53,10
1739482579.4162476,-8,-106,-16
1739482579.4612474,-17,78,149
1739482579.5072474,-3,-8,-43
1739482579.5532477,12,-79,-4
1739482579.5992477,-20,-50,-124
1739482579.6442475,84,-13,-47
1739482579.6902475,69,29,-133
1739482579.7362475,-88,-76,19
1739482579.7812476,35,103,-25
1739482579.8272476,3,29,-88
1739482579.8732476,9,-55,-108
1739482579.9192476,-26,-72,61
1739482579.9642477,5,-9,-93
1739482580.0102477,-6,48,58
1739482580.0562477,3,61,-34
1739482580.1012475,68,-25,-125
1739482580.1472476,43,-131,-25
1739482580.1932476,-19,46,47
1739482580.2392476,-6,-82,-7
1739482580.2842476,-40,-2,1
1739482580.3302476,-27,-62,-9
1739482580.3762476,2,-110,37
1739482580.4212475,58,-141,-36
1739482580.4672475,14,-91,-26
1739482580.5132475,39,-17,-71
1739482580.5592475,29,69,-112
1739482580.6042476,26,-9,33
1739482580.6502476,-20,-60,-23
1739482580.6962476,85,-113,-2
1739482580.7412477,37,-53,133
1739482580.7872477,-66,-124,-25
1739482580.8332477,104,-97,-68
1739482580.8792477,-8,-6,13
1739482580.9242475,6,-18,54
1739482580.9702475,56,-45,35
1739482581.0162475,-17,-6,-67
1739482581.0612476,11,-26,-61
1739482581.1072476,18,-93,53
1739482581.1532476,7,-57,-13
1739482581.1992476,38,-79,-42
1739482581.2442474,-88,-100,40
1739482581.2902474,0,89,-47
1739482581.3362474,-70,-46,153
1739482581.3812475,9,-73,-14
1739482581.4272475,56,-41,85
1739482581.4732475,-16,10,-23
1739482581.5192475,50,-1,-133
1739482581.5642476,28,-81,-71
1739482581.6102476,71,9,55
1739482581.6562476,-18,26,-59
1739482581.7012477,51,-61,-86
1739482581.7472477,-19,-62,-118
1739482581.7932477,-25,-46,-39
1739482581.8392477,-7,0,113
1739482581.8842475,-38,-4,-14
1739482581.9302475,29,71,-2
1739482581.9762475,11,29,41
1739482582.0212476,-49,-42,-4
1739482582.0672476,12,-8,94
1739482582.1132476,-11,-2,35
1739482582.1592476,5,-61,85
1739482582.2042477,-95,-64,-44
1739482582.2502477,11,43,-25
1739482582.2962475,-81,-70,-40
1739482582.3412476,-8,-9,16
1739482582.3872476,-24,-60,-86
1739482582.4332476,-5,0,-44
1739482582.4792476,-7,-4,-6
1739482582.5242476,31,-51,-48
1739482582.5702477,0,7,-54
1739482582.6162477,-24,-104,-36
1739482582.6612475,-9,-160,-132
1739482582.7072475,-7,-56,-46
1739482582.7532475,81,-41,-90
1739482582.7992475,45,-33,-128
1739482582.8442476,26,-99,-46
1739482582.8902476,-95,-66,-26
1739482582.9362476,-86,-78,-87
1739482582.9812477,-40,-72,-45
1739482583.0272477,7,65,61
1739482583.0732474,-36,32,-22
1739482583.1242476,5,-15,11
1739482583.1702476,-1,102,12
1739482583.2162476,-11,72,-77
1739482583.2612476,-39,8,-57
1739482583.3072476,-46,-78,-178
1739482583.3532476,9,-5,26
1739482583.3972476,8,-38,-6
1739482583.4432476,30,3,67
1739482583.4892476,3,85,-37
1739482583.5352476,28,-23,55
1739482583.5802476,-64,-68,-22
1739482583.6262476,30,-93,0
1739482583.6722476,-35,-40,-38
1739482583.7172475,-10,44,0
1739482583.7632475,57,-19,-57
1739482583.8092475,12,-93,-42
1739482583.8552475,-50,-24,-64
1739482583.9002476,10,-63,-46
1739482583.9462476,13,-49,-23
1739482583.9922476,58,55,-64
1739482584.0372477,4,-50,-14
1739482584.0832477,-5,-34,-15
1739482584.1292477,-13,-4,16
1739482584.1752477,43,-19,0
1739482584.2202475,10,63,-133
1739482584.2662475,-6,-198,-33
1739482584.3122475,9,-136,-22
1739482584.3572476,59,-53,55
1739482584.4032476,-18,-68,-104
1739482584.4492476,-102,-24,77
1739482584.4952476,-17,-14,-132
1739482584.5402474,-34,-50,-76
1739482584.5862474,18,-47,-40
1739482584.6322474,-23,-156,0
1739482584.6772475,-22,84,-51
1739482584.7232475,51,-31,-77
1739482584.7692475,-70,-82,25
1739482584.8152475,-132,-56,-61
1739482584.8602476,21,47,15
1739482584.9062476,-40,-46,-102
1739482584.9522476,71,-131,16
1739482584.9972477,25,28,-102
1739482585.0432477,-74,-120,-72
1739482585.0892477,-59,-46,-88
1739482585.1352477,54,-20,-15
1739482585.1802475,-84,12,113
1739482585.2262475,91,-19,-38
1739482585.2722476,-30,22,-4
1739482585.3172476,-18,-149,-6
1739482585.3632476,118,21,-27
1739482585.4092476,-22,46,-73
1739482585.4552476,11,100,-107
1739482585.5002477,17,-59,-69
1739482585.5462475,4,-16,-36
1739482585.5922475,-44,94,-28
1739482585.6372476,-18,-35,10
1739482585.6832476,40,33,-65
1739482585.7292476,20,-105,-4
1739482585.7752476,8,-65,-109
1739482585.8202477,-26,23,28
1739482585.8662477,-22,-133,-50
1739482585.9122477,47,99,0
1739482585.9572475,43,-163,21
1739482586.0032475,0,3,14
1739482586.0492475,28,37,-58
1739482586.0952475,-76,-44,-119
1739482586.1402476,-21,-110,94
1739482586.1862476,-23,62,12
1739482586.2322476,21,-53,-115
1739482586.2772477,0,-15,17
1739482586.3232474,9,-87,-21
1739482586.3692474,-28,-52,-83
1739482586.4152474,-29,10,14
1739482586.4602475,1,-34,-107
1739482586.5062475,11,35,-91
1739482586.5522475,-46,32,-9
1739482586.5972476,-54,-66,-43
1739482586.6432476,-8,42,-167
1739482586.6892476,17,-55,38
1739482586.7352476,12,-127,78
1739482586.7802474,19,-76,-53
1739482586.8262477,54,-45,-104
1739482586.8722477,61,-155,-101
1739482586.9172475,-35,18,32
1739482586.9632475,19,-29,46
1739482587.0092475,-65,10,-151
1739482587.0552475,-50,50,-42
1739482587.1002476,15,63,13
1739482587.1462476,-39,-110,-8
1739482587.1922476,66,77,9
1739482587.2372477,30,42,8
1739482587.2832477,-12,23,19
1739482587.3292477,25,-17,-139
1739482587.3752477,-9,-16,-69
1739482587.4202476,34,133,66
1739482587.4662476,-22,-108,-47
1739482587.5122476,29,0,-71
1739482587.5572476,-21,-144,-40
1739482587.6032476,25,-34,-16
1739482587.6492476,-56,-9,-44
1739482587.6952477,0,-117,-64
1739482587.7402475,-26,46,39
1739482587.7862475,20,29,-44
1739482587.8322475,22,95,-107
1739482587.8772476,0,29,-69
1739482587.9232476,-65,-114,2
1739482587.9692476,-27,-36,-2
1739482588.0152476,-99,-42,-49
1739482588.0602477,-14,86,-9
1739482588.1062477,-5,-68,-111
1739482588.1522477,22,-3,-80
1739482588.1972475,65,3,-73
1739482588.2432475,-41,-32,21
1739482588.2892475,24,9,0
1739482588.3352475,-17,-69,-80
1739482588.3802476,10,24,0
1739482588.4262476,-34,-45,-48
1739482588.4722476,-53,-59,-81
1739482588.5172474,17,-4,11
1739482588.5632474,31,24,-175
1739482588.6092474,-13,-31,-181
1739482588.6552474,41,-107,61
1739482588.7002475,-5,-110,-58
1739482588.7462475,73,66,-121
1739482588.7922475,-90,-1,3
1739482588.8372476,-34,-41,-46
1739482588.8832476,42,-16,-48
1739482588.9292476,14,26,-121
1739482588.9752476,40,-16,-15
1739482589.0202477,-46,-69,52
1739482589.0662477,2,14,-97
1739482589.1122477,95,-5,-53
1739482589.1572475,59,-158,-27
1739482589.2032475,1,-79,-142
1739482589.2492476,21,46,40
1739482589.2952476,27,-4,-40
1739482589.3402476,84,0,-153
1739482589.3862476,21,-12,-48
1739482589.4322476,-50,1,25
1739482589.4772477,-38,27,-26
1739482589.5232477,-71,-67,-27
1739482589.5692475,-84,-177,51
1739482589.6152475,2,17,-12
1739482589.6602476,21,8,-42
1739482589.7062476,37,66,-51
1739482589.7522476,-3,-50,-20
1739482589.7972476,29,-50,-47
1739482589.8432477,-38,-47,-94
1739482589.8892477,42,-78,21
1739482589.9352477,113,0,-22
1739482589.9802475,-5,-87,-47
1739482590.0262475,66,46,-29
1739482590.0722475,-44,83,-67
1739482590.1172476,69,16,-66
1739482590.1632476,16,-122,-112
1739482590.2092476,54,-108,10
1739482590.2552476,17,-18,-117
1739482590.3002477,-57,33,-123
1739482590.3462474,-12,-45,-95
1739482590.3922474,41,24,-88
1739482590.4372475,15,-86,-72
1739482590.4832475,28,30,39
1739482590.5292475,-36,25,-117
1739482590.5752475,-49,-21,-25
1739482590.6202476,-22,3,39
1739482590.6662476,-11,51,-33
1739482590.7122476,-19,-21,151
1739482590.7572474,-62,119,-41
1739482590.8032477,-39,43,-12
1739482590.8492477,-95,-131,-86
1739482590.8952477,-51,53,42
1739482590.9402475,-31,-19,45
1739482590.9862475,0,65,1
1739482591.0322475,14,-63,-30
1739482591.0772476,-30,-71,-35
1739482591.1232476,-113,-97,-68
1739482591.1692476,-8,-67,-30
1739482591.2152476,-63,29,-85
1739482591.2602477,-68,-46,59
1739482591.3062477,47,-48,-201
1739482591.3522477,-14,-120,-7
1739482591.3972476,111,-122,-85
1739482591.4432476,-60,-87,-63
1739482591.4892476,0,-52,-50
1739482591.5352476,-14,-37,-38
1739482591.5802476,2,-3,-55
1739482591.6262476,-1,-10,20
1739482591.6722476,21,32,9
1739482591.7172475,27,-72,40
1739482591.7632475,104,-74,-131
1739482591.8092475,36,-76,-8
1739482591.8552475,-46,-31,-28
1739482591.9002476,19,-48,-118
1739482591.9462476,2,-135,-18
1739482591.9922476,-32,71,-120
1739482592.0372477,-22,-147,41
1739482592.0832477,15,105,33
1739482592.1292477,0,-57,-6
1739482592.1752477,13,134,-14
1739482592.2202475,-11,-101,43
1739482592.2662475,22,-24,-126
1739482592.3122475,133,-52,173
1739482592.3572476,76,60,-156
1739482592.4032476,-16,-79,4
1739482592.4492476,-42,-123,36
1739482592.4952476,69,-10,-5
1739482592.5402474,94,68,-32
1739482592.5862474,92,-48,0
1739482592.6322474,46,-84,-5
1739482592.6772475,93,-58,-12
1739482592.7232475,41,-24,-110
1739482592.7692475,35,-6,-99
1739482592.8152475,18,-18,-24
1739482592.8602476,-32,-37,-71
1739482592.9062476,59,-76,-12
1739482592.9522476,7,-156,-6
1739482592.9972477,74,-22,22
1739482593.0442476,26,-2,54
1739482593.0902476,7,-53,23
1739482593.1412475,-54,-45,-9
1739482593.1872475,37,46,36
1739482593.2332475,11,-74,-53
1739482593.2792475,-46,13,16
1739482593.3242476,-45,-59,-18
1739482593.3702476,-20,-41,-3
1739482593.4162476,-32,-29,-59
1739482593.4612474,65,-28,-39
1739482593.5072474,5,20,-41
1739482593.5532477,17,-52,16
1739482593.5992477,28,30,-64
1739482593.6442475,24,-40,-76
1739482593.6902475,-35,-37,-3
1739482593.7362475,-27,34,70
1739482593.7812476,0,24,-16
1739482593.8272476,32,-44,-87
1739482593.8732476,2,-15,-9
1739482593.9192476,5,-55,-40
1739482593.9642477,3,-35,51
1739482594.0102477,14,-6,-110
1739482594.0562477,2,-92,43
1739482594.1012475,32,-2,-106
1739482594.1472476,-43,-119,-75
1739482594.1932476,0,-99,-11
1739482594.2392476,10,-65,68
1739482594.2842476,-51,63,-25
1739482594.3302476,1,-39,-72
1739482594.3762476,-67,-91,-67
1739482594.4212475,-27,-65,-61
1739482594.4672475,-76,-75,80
1739482594.5132475,31,-42,80
1739482594.5592475,-44,-27,0
1739482594.6042476,-40,-93,-157
1739482594.6502476,66,40,8
1739482594.6962476,29,26,1
1739482594.7412477,-15,99,-20
1739482594.7872477,86,-126,-53
1739482594.8332477,60,-78,-83
1739482594.8792477,-15,-61,-55
1739482594.9242475,27,96,-23
1739482594.9702475,41,8,-65
1739482595.0162475,12,-22,23
1739482595.0612476,2,-35,-30
1739482595.1072476,32,-40,-122
1739482595.1532476,2,-34,-7
1739482595.1992476,20,-8,-88
1739482595.2442474,-74,-41,-90
1739482595.2902474,-16,-1,-104
1739482595.3362474,6,0,-62
1739482595.3812475,-45,-31,-46
1739482595.4272475,-38,71,46
1739482595.4732475,49,-26,40
1739482595.5192475,8,70,-56
1739482595.5642476,107,64,-55
1739482595.6102476,-27,57,49
1739482595.6562476,-21,-77,33
1739482595.7012477,38,-44,-37
1739482595.7472477,5,66,-19
1739482595.7932477,34,-68,-88
1739482595.8392477,-2,175,74
1739482595.8842475,-40,-5,0
1739482595.9302475,-65,27,-119
1739482595.9762475,-72,7,-42
1739482596.0212476,-25,19,47
1739482596.0672476,-2,87,-49
1739482596.1132476,63,-106,13
1739482596.1592476,-12,31,-6
1739482596.2042477,37,-18,55
1739482596.2502477,0,51,-97
1739482596.2962475,-13,97,8
1739482596.3412476,60,-32,-4
1739482596.3872476,49,-14,17
1739482596.4332476,49,-28,-21
1739482596.4792476,11,40,46
1739482596.5242476,-87,-27,67
1739482596.5702477,93,12,-14
1739482596.6162477,-58,11,-23
1739482596.6612475,17,-126,10
1739482596.7072475,24,-140,-18
1739482596.7532475,10,-90,-73
1739482596.7992475,11,-16,-110
1739482596.8442476,29,70,-131
1739482596.8902476,-84,-89,34
1739482596.9362476,28,-4,52
1739482596.9812477,-28,-25,-84
1739482597.0272477,110,30,-130
1739482597.0732474,55,-20,-33
1739482597.1192474,11,-40,75
1739482597.1642475,57,44,5
1739482597.2102475,14,-16,-55
1739482597.2562475,-26,-1,-5
1739482597.3012476,-49,1,5
1739482597.3472476,42,-32,-144
1739482597.3932476,-5,-57,21
1739482597.4392476,57,22,-129
1739482597.4842474,-14,-29,70
1739482597.5302474,27,-28,-34
1739482597.5762477,26,-106,29
1739482597.6212475,33,102,-17
1739482597.6672475,-7,55,-54
1739482597.7132475,0,-54,-14
1739482597.7592475,-2,5,-105
1739482597.8042476,-54,-49,-140
1739482597.8502476,52,-16,11
1739482597.8962476,26,-66,-30
1739482597.9412477,79,-52,-62
1739482597.9872477,35,-40,-148
1739482598.0332477,-9,0,19
1739482598.0792477,-62,3,20
1739482598.1242476,52,14,27
1739482598.1702476,18,8,-131
1739482598.2162476,99,-62,-39
1739482598.2612476,-18,-3,-23
1739482598.3072476,-5,1,13
1739482598.3532476,28,-130,-5
1739482598.3992476,-34,-67,-13
1739482598.4442475,0,-129,-73
1739482598.4902475,-7,-49,-99
1739482598.5362475,30,-82,-130
1739482598.5812476,1,-40,10
1739482598.6272476,-46,-7,10
1739482598.6732476,-13,53,-113
1739482598.7192476,48,8,96
1739482598.7642477,-35,-53,-64
1739482598.8102477,-36,0,14
1739482598.8562477,45,-84,-10
1739482598.9012475,-17,25,7
1739482598.9472475,68,-14,-15
1739482598.9932475,-27,-1,-47
1739482599.0392475,75,-40,109
1739482599.0842476,44,8,-51
1739482599.1302476,-25,-35,-16
1739482599.1762476,22,56,12
1739482599.2212474,14,-32,-8
1739482599.2672474,38,24,-117
1739482599.3132474,-37,3,62
1739482599.3592474,90,-94,-129
1739482599.4042475,6,-36,-85
1739482599.4502475,3,-21,-13
1739482599.4962475,37,-72,-44
1739482599.5412476,34,22,-85
1739482599.5872476,-1,-86,-67
1739482599.6332476,4,-70,-5
1739482599.6792476,22,-2,-44
1739482599.7242477,68,-120,-50
1739482599.7702477,35,-82,-23
1739482599.8162477,48,-76,-49
1739482599.8612475,0,23,-121
1739482599.9072475,-7,145,-3
1739482599.9532475,19,-180,-33
1739482599.9992476,-11,-120,24
1739482600.0442476,26,96,-2
1739482600.0902476,-1,37,84
1739482600.1362476,96,-98,-52
1739482600.1812477,-78,21,-19
1739482600.2272477,-11,79,96
1739482600.2732477,-50,-35,9
1739482600.3192475,7,63,126
1739482600.3642476,83,0,-77
1739482600.4102476,-5,-7,26
1739482600.4562476,0,-4,-5
1739482600.5012476,5,-158,-57
1739482600.5472476,-25,47,53
1739482600.5932477,35,106,4
1739482600.6392477,102,-28,-77
1739482600.6842475,-15,-153,-189
1739482600.7302475,-31,67,30
1739482600.7762475,-14,-53,-84
1739482600.8212476,24,-30,-41
1739482600.8672476,14,10,-24
1739482600.9132476,-31,-37,-41
1739482600.9592476,-24,15,-111
1739482601.0042477,-9,-10,-32
1739482601.0502477,-28,5,-9
1739482601.0962474,-35,-23,-144
1739482601.1412475,93,28,-18
1739482601.1872475,-20,-29,-59
1739482601.2332475,3,-24,-5
1739482601.2792475,26,0,37
1739482601.3242476,-26,-57,-1
1739482601.3702476,7,26,-70
1739482601.4162476,-103,-11,2
1739482601.4612474,-24,1,-80
1739482601.5072474,-21,11,89
1739482601.5532477,-11,-87,-88
1739482601.5992477,14,15,10
1739482601.6442475,111,-42,-73
1739482601.6902475,-2,45,-62
1739482601.7362475,-37,9,-105
1739482601.7812476,24,-148,-5
1739482601.8272476,-76,-95,21
1739482601.8732476,6,-57,-6
1739482601.9192476,-49,-103,-6
1739482601.9642477,24,-18,0
1739482602.0102477,51,6,-6
1739482602.0562477,-35,53,19
1739482602.1012475,-53,-3,-63
1739482602.1472476,42,-30,-30
1739482602.1932476,-8,49,1
1739482602.2392476,-16,-7,57
1739482602.2842476,-47,-59,0
1739482602.3302476,30,-120,-87
1739482602.3762476,1,131,-37
1739482602.4212475,29,-108,-83
1739482602.4672475,-16,-30,-58
1739482602.5132475,16,-112,-40
1739482602.5592475,10,-87,76
1739482602.6042476,-17,31,-115
1739482602.6502476,-85,73,17
1739482602.6962476,-61,-55,-151
1739482602.7412477,78,10,-74
1739482602.7872477,-27,-31,-5
1739482602.8332477,-1,5,-60
1739482602.8792477,19,-44,-95
1739482602.9242475,-145,-113,-16
1739482602.9702475,-66,21,-20
1739482603.0162475,-22,-45,-12
1739482603.0612476,0,-94,88
1739482603.1072476,1,3,-52
1739482603.1592476,-23,-15,-112
1739482603.2042477,89,-6,-8
1739482603.2502477,107,28,36
1739482603.2962475,67,-18,-46
1739482603.3412476,-14,-102,-94
1739482603.3872476,38,-45,-74
1739482603.4332476,33,66,-52
1739482603.4792476,20,-16,17
1739482603.5242476,-49,69,15
1739482603.5702477,-15,5,-6
1739482603.6162477,-41,-5,-80
1739482603.6612475,-15,-42,-7
1739482603.7072475,39,-30,-96
1739482603.7532475,-76,-71,-115
1739482603.7992475,-29,-95,15
1739482603.8442476,40,-134,-27
1739482603.8902476,-83,-13,-39
1739482603.9362476,4,-13,22
1739482603.9812477,-7,-127,-40
1739482604.0272477,0,-7,-49
1739482604.0732474,3,-77,-41
1739482604.1192474,-38,-9,-96
1739482604.1642475,-7,-37,-36
1739482604.2102475,9,-15,-38
1739482604.2562475,17,-24,10
1739482604.3012476,-23,-73,-107
1739482604.3472476,115,24,-14
1739482604.3932476,24,88,16
1739482604.4392476,-45,-127,-47
1739482604.4842474,1,28,70
1739482604.5302474,72,-86,-35
1739482604.5762477,40,-68,-23
1739482604.6212475,-42,-57,0
1739482604.6672475,12,-30,-29
1739482604.7132475,-55,-59,-46
1739482604.7592475,-5,-89,-39
1739482604.8042476,-2,-52,30
1739482604.8502476,-11,-73,39
1739482604.8962476,15,-94,64
1739482604.9412477,-15,-81,-105
1739482604.9872477,7,-39,-22
1739482605.0332477,17,34,-17
1739482605.0792477,2,8,25
1739482605.1242476,-57,-33,-55
1739482605.1702476,-41,-125,-143
1739482605.2162476,76,-78,45
1739482605.2612476,67,-14,-105
1739482605.3072476,-110,-45,-101
1739482605.3532476,-28,-153,-70
1739482605.3992476,-10,-151,-48
1739482605.4442475,21,-26,-21
1739482605.4902475,-36,-17,-88
1739482605.5362475,-42,-23,-36
1739482605.5812476,0,-53,16
1739482605.6272476,53,-18,-191
1739482605.6732476,73,-40,-141
1739482605.7192476,-2,-146,8
1739482605.7642477,-83,-39,36
1739482605.8102477,-84,-77,-6
1739482605.8562477,-31,7,2
1739482605.9012475,89,0,-8
1739482605.9472475,52,-172,-11
1739482605.9932475,-42,-59,11
1739482606.0392475,-14,-121,-24
1739482606.0842476,59,-54,-7
1739482606.1302476,-3,-126,-98
1739482606.1762476,32,110,-65
1739482606.2212474,-39,39,41
1739482606.2672474,1,-86,-95
1739482606.3132474,64,48,-52
1739482606.3592474,52,68,-54
1739482606.4042475,22,-90,-57
1739482606.4502475,47,-52,78
1739482606.4962475,1,-31,-93
1739482606.5412476,6,-15,36
1739482606.5872476,-77,-25,-58
1739482606.6332476,59,-12,-75
1739482606.6792476,0,-95,-2
1739482606.7242477,22,-10,-19
1739482606.7702477,15,-8,-38
1739482606.8162477,-12,31,59
1739482606.8612475,-14,-94,-71
1739482606.9072475,10,106,-66
1739482606.9532475,30,32,9
1739482606.9992476,98,-176,20
1739482607.0442476,-35,-85,-64
1739482607.0902476,-5,-67,-27
1739482607.1362476,72,-28,-16
1739482607.1812477,68,-58,-85
1739482607.2272477,-3,17,-105
1739482607.2732477,-35,-7,-90
1739482607.3192475,-77,7,-58
1739482607.3642476,28,-44,-23
1739482607.4102476,3,-88,-12
1739482607.4562476,-27,121,67
1739482607.5012476,32,-82,-54
1739482607.5472476,-41,45,-9
1739482607.5932477,33,-130,-68
1739482607.6392477,-6,-17,-12
1739482607.6842475,76,-84,42
1739482607.7302475,-12,-109,-72
1739482607.7762475,1,-98,-50
1739482607.8212476,-19,1,-33
1739482607.8672476,5,16,-46
1739482607.9132476,16,72,37
1739482607.9592476,59,-10,-6
1739482608.0042477,87,38,-30
1739482608.0502477,11,-24,-86
1739482608.0962474,0,-102,-55
1739482608.1412475,-57,39,72
1739482608.1872475,13,22,-144
1739482608.2332475,7,-6,-10
1739482608.2792475,-27,141,-16
1739482608.3242476,-6,4,-87
1739482608.3702476,-40,-71,-67
1739482608.4162476,-7,-15,63
1739482608.4612474,58,-62,76
1739482608.5072474,-44,-55,40
1739482608.5532477,-14,-131,-11
1739482608.5992477,1,-12,-11
1739482608.6442475,0,-50,-101
1739482608.6902475,5,30,16
1739482608.7362475,14,-82,9
1739482608.7812476,-37,-81,-18
1739482608.8272476,3,-10,-134
1739482608.8732476,17,-26,-35
1739482608.9192476,9,6,-76
1739482608.9642477,15,-98,-104
1739482609.0102477,29,-8,-102
1739482609.0562477,32,2,-43
1739482609.1012475,57,-28,-167
1739482609.1472476,0,-161,27
1739482609.1932476,-39,-91,-18
1739482609.2392476,75,64,-75
1739482609.2842476,8,-54,22
1739482609.3302476,-46,97,-27
1739482609.3762476,-65,0,-64
1739482609.4212475,28,-44,-66
1739482609.4672475,-43,17,-86
1739482609.5132475,-12,17,-124
1739482609.5592475,-26,-47,-7
1739482609.6042476,1,-62,-28
1739482609.6502476,5,96,-95
1739482609.6962476,-96,-61,-164
1739482609.7412477,56,-16,-64
1739482609.7872477,-29,33,20
1739482609.8332477,-49,25,-142
1739482609.8792477,62,-42,-39
1739482609.9242475,-13,-134,-141
1739482609.9702475,-11,128,-64
1739482610.0162475,-12,-9,-98
1739482610.0612476,15,-126,51
1739482610.1072476,-75,-35,13
1739482610.1532476,37,10,-100
1739482610.1992476,-6,113,-70
1739482610.2442474,-35,13,-31
1739482610.2902474,36,-102,9
1739482610.3362474,-14,-25,-5
1739482610.3812475,-29,-119,11
1739482610.4272475,36,-20,-85
1739482610.4732475,45,-96,-77
1739482610.5192475,2,54,-185
1739482610.5642476,-41,107,-133
1739482610.6102476,-39,25,18
1739482610.6562476,-15,-57,-50
1739482610.7012477,21,-72,-59
1739482610.7472477,13,-34,-65
1739482610.7932477,-49,-199,-43
1739482610.8392477,-7,-195,-43
1739482610.8842475,-3,-55,-58
1739482610.9302475,30,-88,-79
1739482610.9762475,-31,-95,-23
1739482611.0212476,79,-70,24
1739482611.0672476,-11,0,-59
1739482611.1132476,-19,-63,-63
1739482611.1592476,38,-80,-79
1739482611.2042477,-32,-91,0
1739482611.2502477,0,3,-163
1739482611.2962475,29,-56,1
1739482611.3412476,9,-66,-156
1739482611.3872476,-53,17,-94
1739482611.4332476,-32,-53,26
1739482611.4792476,19,-100,34
1739482611.5242476,-47,-57,-125
1739482611.5702477,-5,19,-174
1739482611.6162477,10,-62,-48
1739482611.6612475,19,-10,-75
1739482611.7072475,7,-58,2
1739482611.7532475,-2,114,-15
1739482611.7982476,-38,-77,-10
1739482611.8442476,-15,-91,-37
1739482611.8902476,-61,-63,76
1739482611.9362476,38,-52,39
1739482611.9812477,101,4,-95
1739482612.0272477,-42,-73,30
1739482612.0732474,48,-120,-27
1739482612.1182475,40,-74,7
1739482612.1642475,6,-18,4
1739482612.2102475,-77,7,23
1739482612.2562475,-10,-139,-92
1739482612.3012476,0,-45,61
1739482612.3472476,9,-60,14
1739482612.3932476,21,-20,-13
1739482612.4382474,-19,-15,-86
1739482612.4842474,46,38,-22
1739482612.5302474,-14,11,-12
1739482612.5762477,13,-60,-87
1739482612.6212475,-48,15,61
1739482612.6672475,-31,-107,0
1739482612.7132475,44,-98,24
1739482612.7582476,-3,-19,12
1739482612.8042476,6,44,-3
1739482612.8502476,10,-126,5
1739482612.8962476,86,-56,-11
1739482612.9412477,-46,-27,-5
1739482612.9872477,39,86,43
1739482613.0332477,-35,-97,48
1739482613.0782475,-25,-101,33
1739482613.1242476,135,18,-46
1739482613.1762476,-4,-1,-63
1739482613.2212474,-20,51,-165
1739482613.2672474,2,-74,-199
1739482613.3132474,-66,-65,-106
1739482613.3582475,16,-14,-15
1739482613.4042475,29,-98,16
1739482613.4502475,31,-78,-56
1739482613.4962475,-7,89,50
1739482613.5412476,-23,135,-28
1739482613.5872476,52,-72,17
1739482613.6332476,11,-132,-62
1739482613.6782477,14,-12,-129
1739482613.7242477,53,-84,-26
1739482613.7702477,-19,-35,0
1739482613.8162477,-36,5,-58
1739482613.8612475,-43,75,-73
1739482613.9072475,-107,-55,-213
1739482613.9532475,12,76,50
1739482613.9982476,11,74,-21
1739482614.0442476,23,-4,-123
1739482614.0902476,-44,-43,-7
1739482614.1362476,26,-106,35
1739482614.1812477,-40,-131,-28
1739482614.2272477,41,-58,-222
1739482614.2732477,34,-46,-36
1739482614.3182476,-29,-59,-70
1739482614.3642476,-80,117,-104
1739482614.4102476,-45,71,0
1739482614.4562476,27,-68,22
1739482614.5012476,52,-104,12
1739482614.5472476,40,-68,-31
1739482614.5932477,-19,83,-58
1739482614.6382475,-23,-33,10
1739482614.6842475,-31,-139,-100
1739482614.7302475,33,26,22
1739482614.7762475,26,-38,-103
1739482614.8212476,-15,-11,0
1739482614.8672476,-19,-43,-58
1739482614.9132476,-26,49,-79
1739482614.9582477,4,12,0
1739482615.0042477,-85,-27,-90
1739482615.0502477,25,-96,31
1739482615.0962474,14,58,-72
1739482615.1412475,16,-8,-30
1739482615.1872475,47,-98,-96
1739482615.2332475,-44,29,-79
1739482615.2782476,-43,-51,67
1739482615.3242476,-69,-13,-8
1739482615.3702476,22,-58,108
1739482615.4162476,9,-82,-55
1739482615.4612474,-19,-19,-175
1739482615.5072474,36,-4,19
1739482615.5532477,57,26,-63
1739482615.5982475,-32,-93,-192
1739482615.6442475,27,-62,-38
1739482615.6902475,56,-56,-127
1739482615.7362475,-17,-189,87
1739482615.7812476,-40,25,-47
1739482615.8272476,-33,-67,-44
1739482615.8732476,-15,-83,127
1739482615.9182477,-43,-55,19
1739482615.9642477,-51,-61,-13
1739482616.0102477,38,-56,44
1739482616.0562477,18,-88,-21
1739482616.1012475,110,38,-77
1739482616.1472476,-85,-121,1
1739482616.1932476,-14,-17,101
1739482616.2382476,-36,-41,-32
1739482616.2842476,2,70,-119
1739482616.3302476,45,-8,-156
1739482616.3762476,17,-2,-10
1739482616.4212475,-50,27,-29
1739482616.4672475,51,-56,-30
1739482616.5132475,-32,97,-92
1739482616.5582476,5,28,64
1739482616.6042476,57,-24,-67
1739482616.6502476,45,40,-43
1739482616.6962476,-38,-15,-18
1739482616.7412477,-6,0,11
1739482616.7872477,4,-116,11
1739482616.8332477,13,92,-131
1739482616.8782475,64,-32,-56
1739482616.9242475,-47,-47,-67
1739482616.9702475,29,-4,39
1739482617.0162475,36,80,-54
1739482617.0612476,7,-6,57
1739482617.1072476,-3,-128,-83
1739482617.1532476,21,4,2
1739482617.1982474,42,-110,51
1739482617.2442474,18,-24,56
1739482617.2902474,-13,71,-72
1739482617.3362474,0,-42,-101
1739482617.3812475,4,-42,85
1739482617.4272475,-26,-51,-99
1739482617.4732475,22,-92,-19
1739482617.5182476,-15,-131,42
1739482617.5642476,-7,5,-37
1739482617.6102476,25,-36,86
1739482617.6562476,-40,-13,-117
1739482617.7012477,3,61,-6
1739482617.7472477,79,-144,27
1739482617.7932477,38,-44,-119
1739482617.8382475,20,22,-38
1739482617.8842475,59,44,-90
1739482617.9302475,21,-10,-7
1739482617.9762475,56,0,-46
1739482618.0212476,131,-58,-7
1739482618.0672476,80,-102,16
1739482618.1132476,0,-138,-150
1739482618.1582477,19,0,92
1739482618.2042477,10,-48,9
1739482618.2502477,-60,-31,-54
1739482618.2962475,88,34,-4
1739482618.3412476,-44,-137,-60
1739482618.3872476,-51,41,-104
1739482618.4332476,15,62,-120
1739482618.4782476,57,4,-154
1739482618.5242476,-7,-107,-62
1739482618.5702477,-32,137,-74
1739482618.6162477,-65,-13,-34
1739482618.6612475,48,-50,-11
1739482618.7072475,38,-92,-5
1739482618.7532475,-8,-33,-2
1739482618.7982476,0,-112,-98
1739482618.8442476,34,42,-44
1739482618.8902476,-112,-31,-105
1739482618.9362476,20,-18,-115
1739482618.9812477,47,-102,-86
1739482619.0272477,-18,-105,-95
1739482619.0732474,0,21,-115
1739482619.1182475,32,-94,20
1739482619.1642475,44,-120,-58
1739482619.2102475,8,-44,-79
1739482619.2562475,-32,-35,21
1739482619.3012476,-70,63,0
1739482619.3472476,105,-36,69
1739482619.3932476,-1,-148,-41
1739482619.4382474,8,-18,-151
1739482619.4842474,54,-12,104
1739482619.5302474,-31,-51,67
1739482619.5762477,-28,-203,11
1739482619.6212475,-23,-87,-38
1739482619.6672475,58,78,-43
1739482619.7132475,2,38,-100
1739482619.7582476,1,-110,-3
1739482619.8042476,-50,-55,-59
1739482619.8502476,8,-83,-105
1739482619.8962476,-17,-15,-72
1739482619.9412477,23,20,-115
1739482619.9872477,-8,7,-82
1739482620.0332477,20,-90,-79
1739482620.0782475,55,-118,46
1739482620.1242476,34,-134,-100
1739482620.1702476,12,-4,-32
1739482620.2162476,-45,63,-25
1739482620.2612476,0,36,-110
1739482620.3072476,-31,71,-84
1739482620.3532476,39,72,-51
1739482620.3982477,24,-24,-52
1739482620.4442475,-30,9,-13
1739482620.4902475,7,-52,54
1739482620.5362475,43,68,-86
1739482620.5812476,-42,-33,-60
1739482620.6272476,23,2,-32
1739482620.6732476,-3,55,-11
1739482620.7182477,-15,-187,38
1739482620.7642477,6,-36,-20
1739482620.8102477,25,78,-17
1739482620.8562477,27,-78,130
1739482620.9012475,34,-2,-13
1739482620.9472475,-26,-17,-7
1739482620.9932475,44,38,4
1739482621.0382476,-20,-31,-21
1739482621.0842476,-1,17,5
1739482621.1302476,0,-12,39
1739482621.1762476,-37,-51,-7
1739482621.2212474,62,-114,50
1739482621.2672474,9,76,16
1739482621.3132474,6,-148,30
1739482621.3582475,0,8,13
1739482621.4042475,-49,-81,0
1739482621.4502475,3,66,101
1739482621.4962475,-48,-107,-150
1739482621.5412476,18,-72,-79
1739482621.5872476,32,-184,-103
1739482621.6332476,31,82,-32
1739482621.6782477,-9,77,-20
1739482621.7242477,49,-108,19
1739482621.7702477,-24,41,55
1739482621.8162477,13,-4,-127
1739482621.8612475,-35,43,-105
1739482621.9072475,22,-12,-124
1739482621.9532475,-27,-49,-40
1739482621.9982476,10,-72,53
1739482622.0442476,-3,-41,17
1739482622.0902476,50,-36,-44
1739482622.1362476,30,-6,-39
1739482622.1812477,19,-56,-23
1739482622.2272477,44,18,-17
1739482622.2732477,13,-57,18
1739482622.3182476,22,-166,76
1739482622.3642476,36,-6,53
1739482622.4102476,-25,97,45
1739482622.4562476,17,-64,-7
1739482622.5012476,-28,-95,61
1739482622.5472476,30,-14,-39
1739482622.5932477,83,102,142
1739482622.6382475,64,30,103
1739482622.6842475,7,-32,34
1739482622.7302475,80,-60,20
1739482622.7762475,5,-4,-25
1739482622.8212476,-47,-73,-60
1739482622.8672476,-33,-29,-55
1739482622.9132476,55,-46,86
1739482622.9582477,-28,7,-127
1739482623.0042477,-32,-77,-18
1739482623.0502477,-33,-79,-21
1739482623.0962474,-48,-61,-14
1739482623.1412475,13,-70,9
1739482623.1932476,51,-98,-83
1739482623.2382476,-17,-185,-22
1739482623.2842476,-64,17,-73
1739482623.3302476,10,-81,-76
1739482623.3762476,-40,-41,-16
1739482623.4212475,-29,-85,75
1739482623.4682477,49,-150,21
1739482623.5142477,-44,-15,43
1739482623.5602477,-39,-47,-124
1739482623.6052475,-52,-81,-24
1739482623.6512475,71,-96,80
1739482623.6972475,-17,51,-131
1739482623.7422476,-31,-39,-12
1739482623.7882476,12,-130,-172
1739482623.8342476,-59,9,-47
1739482623.8802476,-40,-19,-13
1739482623.9252477,2,60,3
1739482623.9712474,40,-100,52
1739482624.0172474,-44,41,-168
1739482624.0622475,-57,55,22
1739482624.1082475,-24,17,-106
1739482624.1542475,50,90,-92
1739482624.2002475,27,24,-82
1739482624.2452476,-32,-15,117
1739482624.2912476,-55,17,33
1739482624.3372476,-94,-27,-71
1739482624.3822474,8,-120,9
1739482624.4282477,-30,21,-40
1739482624.4742477,-41,-29,-25
1739482624.5202477,-56,21,-101
1739482624.5652475,32,70,-41
1739482624.6112475,6,56,-70
1739482624.6572475,-62,-11,-15
1739482624.7022476,-2,64,0
1739482624.7482476,11,-8,-10
1739482624.7942476,18,-16,-8
1739482624.8402476,-45,-53,-74
1739482624.8852477,-43,-29,-42
1739482624.9312477,-33,-33,23
1739482624.9772477,39,-18,-94
1739482625.0222476,-47,-15,8
1739482625.0682476,-75,-53,68
1739482625.1142476,15,-16,-121
1739482625.1602476,-74,11,60
1739482625.2052476,31,-80,-70
1739482625.2512476,-40,-1,-64
1739482625.2972476,56,-62,-111
1739482625.3422475,-41,-103,-41
1739482625.3882475,14,-136,29
1739482625.4342475,3,58,-67
1739482625.4802475,54,-100,-38
1739482625.5252476,3,-6,53
1739482625.5712476,-49,-21,-118
1739482625.6172476,63,-20,5
1739482625.6622477,63,-106,-97
1739482625.7082477,17,-16,-140
1739482625.7542477,-19,11,71
1739482625.8002477,-23,39,-83
1739482625.8452475,-46,-73,-61
1739482625.8912475,52,30,11
1739482625.9372475,-25,49,-55
1739482625.9822476,-27,-79,-156
1739482626.0282476,2,2,0
1739482626.0742476,-42,-79,-25
1739482626.1202476,-13,-19,-95
1739482626.1652474,-9,-45,-28
1739482626.2112474,18,-86,-111
1739482626.2572474,25,8,-132
1739482626.3022475,96,16,-57
1739482626.3482475,-22,49,-43
1739482626.3942475,-18,-69,-10
1739482626.4402475,-12,-1,18
1739482626.4852476,-41,27,-24
1739482626.5312476,-42,-115,16
1739482626.5772476,75,-30,-23
1739482626.6222477,71,18,23
1739482626.6682477,15,-186,-69
1739482626.7142477,-45,-21,19
1739482626.7602477,-8,100,62
1739482626.8052475,35,-112,-50
1739482626.8512475,-18,-39,-45
1739482626.8972476,-14,-29,-67
1739482626.9422476,-86,39,0
1739482626.9882476,-33,53,-47
1739482627.0342476,-63,39,24
1739482627.0802476,-28,-93,16
1739482627.1252477,10,48,-127
1739482627.1712475,-91,-65,-88
1739482627.2172475,63,-26,-44
1739482627.2622476,1,50,-71
1739482627.3082476,-22,35,43
1739482627.3542476,9,-104,-89
1739482627.4002476,17,44,-40
1739482627.4452477,6,-2,-95
1739482627.4912477,103,-84,18
1739482627.5372477,-15,-117,30
1739482627.5822475,-55,-55,-23
1739482627.6282475,34,-106,-137
1739482627.6742475,-114,-101,-1
1739482627.7202475,-4,-151,-86
1739482627.7652476,-24,-19,-15
1739482627.8112476,21,-64,53
1739482627.8572476,4,-92,8
1739482627.9022477,53,-154,-48
1739482627.9482474,-56,25,-12
1739482627.9942474,44,4,-43
1739482628.0402474,-31,23,-64
1739482628.0852475,-26,-157,41
1739482628.1312475,28,-34,96
1739482628.1772475,-4,-45,-82
1739482628.2222476,-20,-93,24
1739482628.2682476,46,-122,20
1739482628.3142476,13,0,-18
1739482628.3602476,0,-24,-98
1739482628.4052474,7,-68,-28
1739482628.4512477,23,-20,59
1739482628.4972477,-29,9,-37
1739482628.5422475,20,2,92
1739482628.5882475,64,-112,-71
1739482628.6342475,-35,-41,27
1739482628.6802475,-9,-57,-26
1739482628.7252476,67,12,22
1739482628.7712476,76,8,-4
1739482628.8172476,-52,-117,8
1739482628.8622477,44,-54,28
1739482628.9082477,35,-134,-42
1739482628.9542477,27,46,-70
1739482629.0002477,-79,49,-70
1739482629.0452476,67,42,-9
1739482629.0912476,-47,31,48
1739482629.1372476,-32,41,-65
1739482629.1822476,-58,-1,-62
1739482629.2282476,39,48,62
1739482629.2742476,-51,-85,73
1739482629.3202477,12,-54,-36
1739482629.3652475,-50,-143,-87
1739482629.4112475,17,-76,39
1739482629.4572475,65,12,-86
1739482629.5022476,-87,-99,-49
1739482629.5482476,10,4,-9
1739482629.5942476,-16,-7,7
1739482629.6402476,-28,73,-27
1739482629.6852477,46,-20,-4
1739482629.7312477,2,2,-43
1739482629.7772477,-38,-113,-60
1739482629.8222475,76,78,48
1739482629.8682475,-57,3,-69
1739482629.9142475,-63,17,-150
1739482629.9602475,25,-24,-4
1739482630.0052476,71,-90,17
1739482630.0512476,2,-52,-37
1739482630.0972476,9,-12,64
1739482630.1422474,-68,61,-19
1739482630.1882474,33,-104,-9
1739482630.2342474,0,50,-104
1739482630.2802474,-13,-115,69
1739482630.3252475,-66,-47,-54
1739482630.3712475,-50,19,-97
1739482630.4172475,-19,-19,-89
1739482630.4622476,-25,-7,-2
1739482630.5082476,-3,-149,14
1739482630.5542476,92,-22,-47
1739482630.6002476,-31,-15,-9
1739482630.6452477,-71,11,-46
1739482630.6912477,-12,-83,-4
1739482630.7372477,55,-34,51
1739482630.7822475,-15,13,97
1739482630.8282475,-2,-120,-1
1739482630.8742476,10,-30,22
1739482630.9202476,0,-36,-66
1739482630.9652476,-84,53,-64
1739482631.0112476,-14,-135,9
1739482631.0572476,-12,11,-83
1739482631.1022477,28,-32,-25
1739482631.1482477,-45,-109,9
1739482631.1942475,-34,-53,52
1739482631.2402475,11,-21,14
1739482631.2852476,12,122,-97
1739482631.3312476,-6,-12,-50
1739482631.3772476,-64,-75,28
1739482631.4222476,-74,-35,-54
1739482631.4682477,-13,18,-27
1739482631.5142477,56,79,58
1739482631.5602477,39,36,28
1739482631.6052475,-92,-59,-137
1739482631.6512475,4,32,-84
1739482631.6972475,22,52,-90
1739482631.7422476,-36,-37,-63
1739482631.7882476,11,-19,15
1739482631.8342476,0,37,-48
1739482631.8802476,40,6,19
1739482631.9252477,0,-2,-53
1739482631.9712474,-51,61,-40
1739482632.0172474,-18,71,105
1739482632.0622475,-45,-41,-59
1739482632.1082475,26,-84,29
1739482632.1542475,56,-40,13
1739482632.2002475,-17,47,-26
1739482632.2452476,13,36,-71
1739482632.2912476,-38,-67,-1
1739482632.3372476,-44,-117,75
1739482632.3822474,-44,21,-47
1739482632.4282477,-28,27,-16
1739482632.4742477,85,-24,-69
1739482632.5202477,95,-20,-33
1739482632.5652475,12,-78,-16
1739482632.6112475,3,50,-31
1739482632.6572475,-113,-83,-15
1739482632.7022476,15,40,-76
1739482632.7482476,26,-128,-46
1739482632.7942476,8,-106,149
1739482632.8402476,-30,-115,-13
1739482632.8852477,33,90,24
1739482632.9312477,-57,-15,-73
1739482632.9772477,-42,31,-55
1739482633.0222476,-2,-82,26
1739482633.0682476,-21,-9,83
1739482633.1142476,24,120,-17
1739482633.1652474,-45,1,24
1739482633.2112474,-78,-131,16
1739482633.2572474,16,-46,52
1739482633.3022475,46,-40,25
1739482633.3482475,50,-104,-122
1739482633.3942475,-28,-151,-26
1739482633.4402475,15,-98,-36
1739482633.4852476,-36,-49,58
1739482633.5312476,1,-36,11
1739482633.5772476,40,-56,-112
1739482633.6222477,-34,59,-89
1739482633.6682477,25,-96,47
1739482633.7142477,69,-22,121
1739482633.7602477,23,-76,4
1739482633.8052475,-102,43,4
1739482633.8512475,71,0,-29
1739482633.8972476,33,-106,-70
1739482633.9422476,-51,-33,-130
1739482633.9882476,29,-44,9
1739482634.0342476,-5,63,-67
1739482634.0802476,-51,-3,54
1739482634.1252477,-4,-38,-49
1739482634.1712475,32,60,-24
1739482634.2172475,-44,-81,-56
1739482634.2622476,-20,-67,-14
1739482634.3082476,-74,-21,16
1739482634.3542476,-54,-43,-37
1739482634.4002476,-86,-33,5
1739482634.4452477,69,-16,-89
1739482634.4912477,-13,21,-25
1739482634.5372477,24,38,-25
1739482634.5822475,-86,-25,-113
1739482634.6282475,-16,-47,69
1739482634.6742475,56,-124,-101
1739482634.7202475,17,-60,6
1739482634.7652476,32,-38,52
1739482634.8112476,-46,-11,19
1739482634.8572476,47,-100,49
1739482634.9022477,-7,11,-42
1739482634.9482474,13,-24,-67
1739482634.9942474,-2,-13,1
1739482635.0402474,13,-8,-72
1739482635.0852475,73,32,-70
1739482635.1312475,-10,-29,-137
1739482635.1772475,71,-32,-46
1739482635.2222476,-7,23,0
1739482635.2682476,-52,-81,-1
1739482635.3142476,27,-84,6
1739482635.3602476,-11,-12,-65
1739482635.4052474,-12,89,-18
1739482635.4512477,-27,-143,-28
1739482635.4972477,-81,-41,10
1739482635.5422475,37,-58,-38
1739482635.5882475,-85,-39,-37
1739482635.6342475,-9,40,68
1739482635.6802475,-3,7,-87
1739482635.7252476,-33,31,54
1739482635.7712476,13,-18,-73
1739482635.8172476,-40,-67,6
1739482635.8622477,12,-66,-35
1739482635.9082477,13,15,108
1739482635.9542477,61,-124,26
1739482636.0002477,62,120,-74
1739482636.0452476,-37,9,-1
1739482636.0912476,-27,-177,66
1739482636.1372476,-26,-13,-97
1739482636.1822476,-1,0,-24
1739482636.2282476,4,106,121
1739482636.2742476,-129,-17,24
1739482636.3202477,44,-14,-46
1739482636.3652475,51,-14,40
1739482636.4112475,83,-118,-146
1739482636.4572475,11,-32,56
1739482636.5022476,1,11,-88
1739482636.5482476,-11,-53,-35
1739482636.5942476,6,38,-79
1739482636.6402476,18,-18,-29
1739482636.6852477,17,-132,-51
1739482636.7312477,51,82,5
1739482636.7772477,-24,7,28
1739482636.8222475,12,-96,-86
1739482636.8682475,-25,13,-11
1739482636.9142475,30,-190,-32
1739482636.9602475,7,14,-26
1739482637.0052476,13,-4,23
1739482637.0512476,-1,-49,122
1739482637.0972476,-27,-27,-25
1739482637.1422474,47,-126,53
1739482637.1882474,-40,-103,-123
1739482637.2342474,-71,-115,-54
1739482637.2802474,-36,-55,75
1739482637.3252475,10,58,-82
1739482637.3712475,-34,-17,32
1739482637.4172475,-49,5,0
1739482637.4622476,23,-39,-30
1739482637.5082476,19,-42,-78
1739482637.5542476,85,0,-98
1739482637.6002476,9,-7,-142
1739482637.6452477,9,49,-56
1739482637.6912477,120,84,-26
1739482637.7372477,12,-26,-28
1739482637.7822475,101,-38,32
1739482637.8282475,47,-30,-49
1739482637.8742476,-17,-21,-33
1739482637.9202476,-33,-21,123
1739482637.9652476,1,-31,46
1739482638.0112476,-37,91,-81
1739482638.0572476,-27,-83,-13
1739482638.1022477,-54,13,-33
1739482638.1482477,72,66,-11
1739482638.1942475,31,28,-76
1739482638.2402475,-20,-51,-41
1739482638.2852476,0,-107,-95
1739482638.3312476,32,-46,-66
1739482638.3772476,2,113,-57
1739482638.4222476,29,2,2
1739482638.4682477,49,24,46
1739482638.5142477,139,-6,-137
1739482638.5602477,-54,-7,-2
1739482638.6052475,-27,-31,83
1739482638.6512475,7,-54,11
1739482638.6972475,18,88,2
1739482638.7422476,-18,-19,-20
1739482638.7882476,-58,29,-124
1739482638.8342476,5,-115,-108
1739482638.8802476,0,113,-101
1739482638.9252477,0,-28,-79
1739482638.9712474,-21,-25,-77
1739482639.0172474,-11,-76,-49
1739482639.0622475,52,-8,-34
1739482639.1082475,-2,80,1
1739482639.1542475,75,16,-117
1739482639.2002475,-4,13,-21
1739482639.2452476,19,-57,38
1739482639.2912476,11,-5,-35
1739482639.3372476,35,0,-81
1739482639.3822474,-43,-101,-93
1739482639.4282477,-8,-6,-34
1739482639.4742477,6,-48,-1
1739482639.5202477,-31,-49,80
1739482639.5652475,69,50,-147
1739482639.6112475,-27,-5,45
1739482639.6572475,-26,25,-155
1739482639.7022476,57,-48,26
1739482639.7482476,18,-60,48
1739482639.7942476,74,-48,30
1739482639.8402476,35,36,-38
1739482639.8852477,-48,-1,7
1739482639.9312477,-46,1,34
1739482639.9772477,-23,77,-96
1739482640.0222476,-31,-41,-28
1739482640.0682476,29,-22,52
1739482640.1142476,-44,-69,-18
1739482640.1602476,144,-6,-2
1739482640.2052476,-33,61,24
1739482640.2512476,16,-48,-62
1739482640.2972476,8,30,-76
1739482640.3422475,-68,-15,-41
1739482640.3882475,18,65,4
1739482640.4342475,69,-22,-7
1739482640.4802475,2,-106,-166
1739482640.5252476,-1,-24,-24
1739482640.5712476,-16,-57,-90
1739482640.6172476,-31,-59,-33
1739482640.6622477,19,4,-55
1739482640.7082477,36,26,-96
1739482640.7542477,-70,-43,-49
1739482640.8002477,-85,-55,53
1739482640.8452475,-10,-23,-111
1739482640.8912475,98,34,-84
1739482640.9372475,27,22,-185
1739482640.9822476,-46,-73,34
1739482641.0282476,11,8,-31
1739482641.0742476,-36,35,-128
1739482641.1202476,-67,-63,78
1739482641.1652474,-69,85,49
1739482641.2112474,-109,1,-65
1739482641.2572474,-31,-25,-120
1739482641.3022475,8,-151,-34
1739482641.3482475,-48,65,-71
1739482641.3942475,-23,-10,9
1739482641.4402475,22,124,-25
1739482641.4852476,52,-64,-120
1739482641.5312476,-17,80,-64
1739482641.5772476,1,-26,-83
1739482641.6222477,-44,53,-42
1739482641.6682477,87,-110,14
1739482641.7142477,42,-48,-39
1739482641.7602477,-7,0,-42
1739482641.8052475,-53,-53,-71
1739482641.8512475,5,-10,30
1739482641.8972476,22,-86,28
1739482641.9422476,44,-80,-120
1739482641.9882476,-41,-127,-58
1739482642.0342476,50,0,-86
1739482642.0802476,-37,11,94
1739482642.1252477,28,-66,-25
1739482642.1712475,-20,-153,100
1739482642.2172475,59,34,-26
1739482642.2622476,-26,-41,72
1739482642.3082476,-82,61,-39
1739482642.3542476,43,-62,21
1739482642.4002476,8,-36,-49
1739482642.4452477,22,-29,10
1739482642.4912477,-76,-59,20
1739482642.5372477,-15,-11,41
1739482642.5822475,12,85,-61
1739482642.6282475,-59,1,-93
1739482642.6742475,-35,-101,-5
1739482642.7202475,-39,-45,-44
1739482642.7652476,-69,-15,-63
1739482642.8112476,-58,-3,-51
1739482642.8572476,-109,-109,39
1739482642.9022477,-17,23,53
1739482642.9482474,-26,-13,-45
1739482642.9942474,-25,-51,-6
1739482643.0392475,2,-18,-111
1739482643.0852475,-36,21,10
1739482643.1312475,21,-30,-86
1739482643.1822476,-38,-39,-85
1739482643.2282476,-48,71,-68
1739482643.2742476,-49,39,49
1739482643.3202477,-80,205,-119
1739482643.3652475,-6,-64,6
1739482643.4112475,37,-112,11
1739482643.4572475,71,-10,88
1739482643.5022476,58,-62,-49
1739482643.5482476,-26,-71,1
1739482643.5942476,-16,35,-136
1739482643.6392477,-12,-52,27
1739482643.6852477,-62,-11,-27
1739482643.7312477,29,-144,4
1739482643.7772477,33,-98,24
1739482643.8222475,24,-12,-68
1739482643.8682475,74,164,-39
1739482643.9142475,7,79,-80
1739482643.9592476,-53,-33,-178
1739482644.0052476,9,47,-110
1739482644.0512476,59,-84,21
1739482644.0972476,-29,-109,38
1739482644.1422474,6,96,-143
1739482644.1882474,73,-68,-27
1739482644.2342474,33,-68,-101
1739482644.2792475,-18,-65,-122
1739482644.3252475,-33,71,-123
1739482644.3712475,49,22,-4
1739482644.4172475,-13,-83,-65
1739482644.4622476,-88,-73,-33
1739482644.5082476,110,-58,-89
1739482644.5542476,-93,28,-97
1739482644.5992477,-39,34,-37
1739482644.6452477,-5,51,85
1739482644.6912477,5,-166,-201
1739482644.7372477,27,-58,59
1739482644.7822475,-24,39,-29
1739482644.8282475,18,-104,22
1739482644.8742476,-52,33,-39
1739482644.9192476,-54,25,-69
1739482644.9652476,-113,31,-102
1739482645.0112476,18,-14,59
1739482645.0572476,-23,-113,55
1739482645.1022477,102,9,104
1739482645.1482477,63,-85,-62
1739482645.1942475,44,-27,11
1739482645.2392476,-2,-7,-20
1739482645.2852476,-73,40,-80
1739482645.3312476,-74,-68,-97
1739482645.3772476,10,-7,35
1739482645.4222476,20,-35,-18
1739482645.4682477,32,-40,-36
1739482645.5142477,28,-20,34
1739482645.5592475,26,14,25
1739482645.6052475,-13,-3,96
1739482645.6512475,-18,3,-10
1739482645.6972475,43,106,-72
1739482645.7422476,7,-46,-93
1739482645.7882476,90,-104,-35
1739482645.8342476,82,-116,-66
1739482645.8792477,-26,-14,9
1739482645.9252477,49,-71,-91
1739482645.9712474,47,27,-200
1739482646.0172474,28,144,-141
1739482646.0622475,-83,-21,39
1739482646.1082475,151,-50,-11
1739482646.1542475,0,-23,94
1739482646.1992476,45,-12,65
1739482646.2452476,-36,-37,-26
1739482646.2912476,-64,0,-84
1739482646.3372476,48,27,-118
1739482646.3822474,-36,-16,-12
1739482646.4282477,4,-40,97
1739482646.4742477,-77,-193,32
1739482646.5192475,47,5,-48
1739482646.5652475,41,-1,-99
1739482646.6112475,-69,-47,-24
1739482646.6572475,-31,6,-17
1739482646.7022476,59,-17,98
1739482646.7482476,-18,-122,-148
1739482646.7942476,2,-57,59
1739482646.8392477,-42,58,43
1739482646.8852477,-40,-24,-40
1739482646.9312477,15,15,-84
1739482646.9772477,-43,-96,-24
1739482647.0222476,-8,-70,50
1739482647.0682476,9,-12,8
1739482647.1142476,8,-43,-120
1739482647.1592476,23,-53,-40
1739482647.2052476,-12,-144,64
1739482647.2512476,-29,-84,-174
1739482647.2972476,49,-55,-6
1739482647.3422475,-27,-47,60
1739482647.3882475,42,-83,103
1739482647.4342475,117,-49,76
1739482647.4792476,-82,-53,2
1739482647.5252476,76,72,-62
1739482647.5712476,-29,-51,-100
1739482647.6172476,29,-52,-169
1739482647.6622477,-43,-104,-44
1739482647.7082477,44,1,-67
1739482647.7542477,-12,-12,116
1739482647.7992475,37,38,-124
1739482647.8452475,6,-79,34
1739482647.8912475,-36,-86,-2
1739482647.9372475,25,31,-20
1739482647.9822476,-80,48,-118
1739482648.0282476,-16,-88,-15
1739482648.0742476,33,25,68
1739482648.1192474,-36,4,-60
1739482648.1652474,49,-14,-45
1739482648.2112474,32,54,-16
1739482648.2572474,-7,-70,-35
1739482648.3022475,61,-185,-57
1739482648.3482475,-4,-72,1
1739482648.3942475,-43,-23,-12
1739482648.4392476,-18,54,-68
1739482648.4852476,-21,-24,-75
1739482648.5312476,3,37,-89
1739482648.5772476,6,-81,-3
1739482648.6222477,62,-24,-25
1739482648.6682477,-33,-61,-46
1739482648.7142477,-45,45,-49
1739482648.7592475,-9,-44,-70
1739482648.8052475,-39,-90,42
1739482648.8512475,8,54,-64
1739482648.8972476,-33,42,106
1739482648.9422476,42,-77,18
1739482648.9882476,0,-66,-106
1739482649.0342476,-61,-16,-51
1739482649.0792477,-49,0,-14
1739482649.1252477,-17,-90,-4
1739482649.1712475,4,57,-8
1739482649.2172475,21,-54,48
1739482649.2622476,34,-66,-130
1739482649.3082476,44,-12,-4
1739482649.3542476,37,-60,-108
1739482649.3992476,36,-26,-62
1739482649.4452477,100,30,9
1739482649.4912477,0,-135,-117
1739482649.5372477,-47,-117,-123
1739482649.5822475,-34,-11,59
1739482649.6282475,20,84,-89
1739482649.6742475,-26,-39,73
1739482649.7192476,81,-168,-1
1739482649.7652476,-2,40,-78
1739482649.8112476,-75,-9,-100
1739482649.8572476,82,-136,-3
1739482649.9022477,73,12,-111
1739482649.9482474,0,-58,45
1739482649.9942474,43,-10,99
1739482650.0392475,-1,-32,148
1739482650.0852475,-63,-55,2
1739482650.1312475,34,-30,88
1739482650.1772475,-18,-19,1
1739482650.2222476,-2,-1,-6
1739482650.2682476,8,-100,-147
1739482650.3142476,12,3,-102
1739482650.3592474,45,-8,-77
1739482650.4052474,16,56,0
1739482650.4512477,18,-21,-128
1739482650.4972477,-21,-62,29
1739482650.5422475,-38,45,14
1739482650.5882475,-20,-152,-34
1739482650.6342475,17,-31,-108
1739482650.6792476,24,-135,-42
1739482650.7252476,44,-20,43
1739482650.7712476,16,-26,122
1739482650.8172476,-27,-35,-20
1739482650.8622477,-33,43,40
1739482650.9082477,-28,93,26
1739482650.9542477,-94,-11,65
1739482650.9992476,-5,69,-49
1739482651.0452476,-18,-46,31
1739482651.0912476,-9,-85,-12
1739482651.1372476,2,113,-87
1739482651.1822476,-102,43,-118
1739482651.2282476,22,120,-50
1739482651.2742476,6,-50,5
1739482651.3192475,43,4,-9
1739482651.3652475,0,0,-167
1739482651.4112475,-34,37,15
1739482651.4572475,15,-30,36
1739482651.5022476,-40,-105,-162
1739482651.5482476,-35,-105,17
1739482651.5942476,41,-161,-2
1739482651.6392477,-15,-14,55
1739482651.6852477,-63,6,-52
1739482651.7312477,-9,64,-65
1739482651.7772477,-15,-56,-23
1739482651.8222475,58,-55,-47
1739482651.8682475,0,-64,10
1739482651.9142475,2,-46,45
1739482651.9592476,53,45,-30
1739482652.0052476,-45,-20,44
1739482652.0512476,51,3,-88
1739482652.0972476,29,-20,-152
1739482652.1422474,-17,58,-92
1739482652.1882474,97,-127,-3
1739482652.2342474,67,-87,-14
1739482652.2792475,-25,72,-17
1739482652.3252475,86,-25,-123
1739482652.3712475,-16,-91,-102
1739482652.4172475,56,-154,-127
1739482652.4622476,24,-52,-58
1739482652.5082476,8,-20,-84
1739482652.5542476,-8,-75,-18
1739482652.5992477,41,8,-110
1739482652.6452477,-44,-61,-124
1739482652.6912477,-56,-23,-37
1739482652.7372477,39,-126,-59
1739482652.7822475,38,50,49
1739482652.8282475,26,-113,-19
1739482652.8742476,-34,74,21
1739482652.9192476,-4,-82,-56
1739482652.9652476,37,8,-15
1739482653.0112476,8,-41,-163
1739482653.0572476,31,-158,-132
1739482653.1022477,-65,-97,-93
1739482653.1482477,15,-90,-58
1739482653.1992476,20,-90,-148
1739482653.2452476,-27,-33,-64
1739482653.2912476,20,-83,-67
1739482653.3372476,9,-7,0
1739482653.3822474,-13,-155,64
1739482653.4282477,70,-70,11
1739482653.4742477,-53,-127,-11
1739482653.5192475,35,-20,-53
1739482653.5652475,3,2,-108
1739482653.6112475,17,16,-40
1739482653.6572475,-9,-76,-49
1739482653.7022476,-41,59,-220
1739482653.7482476,-33,-51,-49
1739482653.7942476,-37,-137,-171
1739482653.8392477,-96,-127,0
1739482653.8852477,-38,23,21
1739482653.9312477,51,-92,-79
1739482653.9772477,-1,-64,-38
1739482654.0222476,-18,-8,76
1739482654.0682476,23,-23,47
1739482654.1142476,-72,-60,-109
1739482654.1592476,56,-25,-8
1739482654.2052476,15,17,-34
1739482654.2512476,-57,-87,-58
1739482654.2972476,-30,-65,41
1739482654.3422475,-49,-89,-100
1739482654.3882475,25,11,-38
1739482654.4342475,-18,-42,-134
1739482654.4792476,33,-24,48
1739482654.5252476,-44,-15,18
1739482654.5712476,-15,65,-15
1739482654.6172476,38,-32,56
1739482654.6622477,7,-62,16
1739482654.7082477,-33,-117,2
1739482654.7542477,20,-128,-108
1739482654.7992475,26,-52,-26
1739482654.8452475,50,-44,-90
1739482654.8912475,-18,61,-6
1739482654.9372475,-29,-127,-104
1739482654.9822476,-58,-29,-103
1739482655.0282476,24,-24,0
1739482655.0742476,-31,-27,-122
1739482655.1192474,5,-24,86
1739482655.1652474,25,69,-57
1739482655.2112474,-26,107,-39
1739482655.2572474,13,-56,-72
1739482655.3022475,-31,-40,102
1739482655.3482475,26,-56,0
1739482655.3942475,0,-80,-11
1739482655.4392476,28,-62,-118
1739482655.4852476,103,-2,-208
1739482655.5312476,-76,58,35
1739482655.5772476,-39,-38,-88
1739482655.6222477,-38,-104,6
1739482655.6682477,-1,-46,0
1739482655.7142477,-20,-35,47
1739482655.7592475,31,-12,-75
1739482655.8052475,-54,-117,-36
1739482655.8512475,82,-140,32
1739482655.8972476,-17,109,-132
1739482655.9422476,-9,-176,35
1739482655.9882476,10,-30,-77
1739482656.0342476,-25,34,-157
1739482656.0792477,-8,-68,-33
1739482656.1252477,-7,-44,-8
1739482656.1712475,-4,-61,-56
1739482656.2172475,-4,-126,100
1739482656.2622476,11,-43,-73
1739482656.3082476,-32,-10,35
1739482656.3542476,-55,-72,-1
1739482656.3992476,-5,70,-13
1739482656.4452477,-4,-131,7
1739482656.4912477,-4,21,-108
1739482656.5372477,20,-40,-12
1739482656.5822475,46,80,11
1739482656.6282475,-13,9,43
1739482656.6742475,112,-96,58
1739482656.7192476,-69,-107,6
1739482656.7652476,4,-36,-70
1739482656.8112476,-4,-9,-122
1739482656.8572476,-26,133,-61
1739482656.9022477,-56,-83,31
1739482656.9482474,-80,-27,1
1739482656.9942474,-71,-69,-130
1739482657.0392475,-31,55,-52
1739482657.0852475,-43,9,-33
1739482657.1312475,63,-68,-20
1739482657.1772475,48,-34,30
1739482657.2222476,-12,-25,-106
1739482657.2682476,64,-20,-34
1739482657.3142476,-27,37,-14
1739482657.3592474,25,-2,-96
1739482657.4052474,5,18,26
1739482657.4512477,14,-24,-138
1739482657.4972477,49,16,42
1739482657.5422475,-6,-75,-91
1739482657.5882475,0,-116,11
1739482657.6342475,1,-142,-19
1739482657.6792476,-16,32,-51
1739482657.7252476,46,89,0
1739482657.7712476,43,34,58
1739482657.8172476,26,-58,-26
1739482657.8622477,-14,49,-88
1739482657.9082477,-26,-10,17
1739482657.9542477,-3,20,-45
1739482657.9992476,-77,45,64
1739482658.0452476,32,16,-54
1739482658.0912476,-29,-63,54
1739482658.1372476,-24,-4,-18
1739482658.1822476,71,-153,-84
1739482658.2282476,-11,38,-26
1739482658.2742476,29,-65,-97
1739482658.3192475,-49,52,20
1739482658.3652475,6,-111,-19
1739482658.4112475,2,-20,-225
1739482658.4572475,52,66,21
1739482658.5022476,-17,9,-18
1739482658.5482476,50,-12,52
1739482658.5942476,-68,-15,-6
1739482658.6392477,18,-32,-104
1739482658.6852477,-4,15,3
1739482658.7312477,96,6,80
1739482658.7772477,43,-66,-42
1739482658.8222475,-48,46,-88
1739482658.8682475,62,-47,20
1739482658.9142475,100,-11,-31
1739482658.9592476,-26,-82,-55
1739482659.0052476,77,-77,-93
1739482659.0512476,-47,-118,27
1739482659.0972476,66,-19,-52
1739482659.1422474,88,-67,-141
1739482659.1882474,42,-92,35
1739482659.2342474,34,-85,59
1739482659.2792475,-42,27,-140
1739482659.3252475,37,-54,-84
1739482659.3712475,-57,-89,-57
1739482659.4172475,-50,-70,-14
1739482659.4622476,46,-64,24
1739482659.5082476,-19,93,-74
1739482659.5542476,42,-113,-33
1739482659.5992477,3,-23,-25
1739482659.6452477,-37,-112,-14
1739482659.6912477,-26,0,-46
1739482659.7372477,47,77,-84
1739482659.7822475,-9,-24,-25
1739482659.8282475,74,-31,60
1739482659.8742476,27,-2,-34
1739482659.9192476,44,-37,112
1739482659.9652476,-41,-110,-244
1739482660.0112476,-43,-25,20
1739482660.0572476,13,-94,-117
1739482660.1022477,64,-167,-85
1739482660.1482477,48,-43,-19
1739482660.1942475,-28,-34,-49
1739482660.2392476,-98,-32,-119
1739482660.2852476,-21,-47,47
1739482660.3312476,5,-88,-77
1739482660.3772476,50,90,-43
1739482660.4222476,-57,-37,82
1739482660.4682477,-26,-87,-164
1739482660.5142477,-9,-2,-102
1739482660.5592475,3,-122,-38
1739482660.6052475,-32,-65,-24
1739482660.6512475,64,-58,-63
1739482660.6972475,-30,5,-34
1739482660.7422476,5,-116,93
1739482660.7882476,35,-76,32
1739482660.8342476,38,70,43
1739482660.8792477,12,-162,-41
1739482660.9252477,-13,-69,-99
1739482660.9712474,-9,-29,-72
1739482661.0172474,30,-18,-17
1739482661.0622475,-34,57,39
1739482661.1082475,-29,-58,28
1739482661.1542475,14,-144,-100
1739482661.1992476,20,-33,14
1739482661.2452476,-6,-64,-32
1739482661.2912476,6,10,158
1739482661.3372476,-19,-5,66
1739482661.3822474,45,2,-84
1739482661.4282477,-11,69,29
1739482661.4742477,21,46,15
1739482661.5192475,-38,-139,-27
1739482661.5652475,-52,-63,-79
1739482661.6112475,-24,14,66
1739482661.6572475,41,-69,-14
1739482661.7022476,17,107,-20
1739482661.7482476,102,-47,-17
1739482661.7942476,90,33,-81
1739482661.8392477,-16,57,-58
1739482661.8852477,-54,76,-14
1739482661.9312477,-10,4,-2
1739482661.9772477,-38,71,50
1739482662.0222476,0,-24,-37
1739482662.0682476,10,32,-35
1739482662.1142476,-60,-169,-11
1739482662.1592476,71,38,-46
1739482662.2052476,-22,-27,-50
1739482662.2512476,-23,39,-33
1739482662.2972476,54,-20,65
1739482662.3422475,-18,-47,-50
1739482662.3882475,-10,-117,-55
1739482662.4342475,-48,-75,-3
1739482662.4792476,0,13,-98
1739482662.5252476,-44,-83,-221
1739482662.5712476,2,-43,-100
1739482662.6172476,10,33,1
1739482662.6622477,-51,-63,0
1739482662.7082477,7,-86,-166
1739482662.7542477,-14,-173,-19
1739482662.7992475,-40,-3,-19
1739482662.8452475,-28,-103,85
1739482662.8912475,-20,-45,-91
1739482662.9372475,-75,-27,-47
1739482662.9822476,-31,-23,-4
1739482663.0282476,50,65,-36
1739482663.0742476,-1,-10,48
1739482663.1192474,65,-103,21
1739482663.1652474,-6,0,33
1739482663.2172475,74,-5,-20
1739482663.2622476,47,-54,-120
1739482663.3082476,-45,-40,7
1739482663.3542476,15,93,-13
1739482663.3992476,7,-33,-34
1739482663.4452477,-54,-105,-84
1739482663.4912477,33,-36,7
1739482663.5372477,0,16,25
1739482663.5822475,-8,-13,-99
1739482663.6282475,9,-150,-80
1739482663.6742475,38,34,0
1739482663.7192476,-10,-104,30
1739482663.7652476,34,-50,-19
1739482663.8112476,-77,189,-33
1739482663.8572476,-8,-55,-89
1739482663.9022477,38,58,-18
1739482663.9482474,-14,-37,-53
1739482663.9942474,41,-68,-33
1739482664.0392475,-11,-105,21
1739482664.0852475,45,-14,-102
1739482664.1312475,-39,-91,36
1739482664.1772475,57,-130,18
1739482664.2222476,26,11,16
1739482664.2682476,50,-37,-86
1739482664.3142476,19,-25,-23
1739482664.3592474,-41,-16,-42
1739482664.4052474,-61,-184,20
1739482664.4512477,8,-110,-38
1739482664.4972477,-51,-106,-106
1739482664.5422475,54,-23,-101
1739482664.5882475,38,7,26
1739482664.6342475,7,23,-102
1739482664.6792476,64,92,55
1739482664.7252476,-26,-47,26
1739482664.7712476,148,2,67
1739482664.8172476,15,-122,-59
1739482664.8622477,2,28,-37
1739482664.9082477,-11,-69,12
1739482664.9542477,0,-63,-126
1739482664.9992476,-18,-74,136
1739482665.0452476,51,-107,-24
1739482665.0912476,-33,-31,-67
1739482665.1372476,-5,-51,22
1739482665.1822476,58,52,-115
1739482665.2282476,-22,-41,-33
1739482665.2742476,-35,157,-63
1739482665.3192475,-40,73,-24
1739482665.3652475,-9,-147,-96
1739482665.4112475,53,-82,-16
1739482665.4572475,6,-122,30
1739482665.5022476,-6,-115,-28
1739482665.5482476,21,34,2
1739482665.5942476,-12,-94,17
1739482665.6392477,83,-60,-154
1739482665.6852477,10,-48,-69
1739482665.7312477,0,-48,26
1739482665.7772477,-20,-39,-102
1739482665.8222475,2,-75,-50
1739482665.8682475,-12,84,-21
1739482665.9142475,46,-37,13
1739482665.9592476,-43,-60,-30
1739482666.0052476,26,-38,-48
1739482666.0512476,1,-90,-30
1739482666.0972476,57,-80,-45
1739482666.1422474,5,-12,-111
1739482666.1882474,-1,0,57
1739482666.2342474,17,-17,37
1739482666.2792475,92,-77,43
1739482666.3252475,102,-8,2
1739482666.3712475,31,37,60
1739482666.4172475,37,-65,14
1739482666.4622476,-27,-8,39
1739482666.5082476,-1,-73,73
1739482666.5542476,-54,-14,104
1739482666.5992477,-32,50,-40
1739482666.6452477,64,-32,38
1739482666.6912477,40,-154,-195
1739482666.7372477,74,-70,-104
1739482666.7822475,-29,-143,68
1739482666.8282475,30,-36,-13
1739482666.8742476,-97,-107,-18
1739482666.9192476,16,-24,-57
1739482666.9652476,0,-16,-104
1739482667.0112476,18,-27,-97
1739482667.0572476,23,-127,41
1739482667.1022477,-46,-192,6
1739482667.1482477,-20,0,-17
1739482667.1942475,-56,-26,-114
1739482667.2392476,31,-76,-16
1739482667.2852476,8,-30,-11
1739482667.3312476,-27,5,37
1739482667.3772476,29,-14,26
1739482667.4222476,-20,68,-7
1739482667.4682477,-9,169,-33
1739482667.5142477,0,-146,-137
1739482667.5592475,-73,-1,-19
1739482667.6052475,31,-2,-19
1739482667.6512475,-35,9,-101
1739482667.6972475,-22,49,17
1739482667.7422476,0,-13,-118
1739482667.7882476,-5,25,-14
1739482667.8342476,-20,73,84
1739482667.8792477,56,-44,-21
1739482667.9252477,10,52,-122
1739482667.9712474,15,86,-182
1739482668.0172474,44,-124,0
1739482668.0622475,-2,-71,0
1739482668.1082475,50,-107,-64
1739482668.1542475,8,-106,-78
1739482668.1992476,-51,-66,-39
1739482668.2452476,-34,-103,-12
1739482668.2912476,58,-12,-91
1739482668.3372476,-57,-110,-89
1739482668.3822474,-18,-77,-26
1739482668.4282477,-54,-107,-33
1739482668.4742477,-20,31,6
1739482668.5192475,-21,-103,54
1739482668.5652475,4,-42,0
1739482668.6112475,28,-72,17
1739482668.6572475,68,-38,-14
1739482668.7022476,-16,-9,-57
1739482668.7482476,13,30,-33
1739482668.7942476,-19,-43,-44
1739482668.8392477,-44,-13,-65
1739482668.8852477,-21,73,-1
1739482668.9312477,-32,-125,-122
1739482668.9772477,-31,-167,36
1739482669.0222476,-1,0,-71
1739482669.0682476,-24,1,-121
1739482669.1142476,-105,-33,30
1739482669.1592476,-36,107,34
1739482669.2052476,-53,-117,-59
1739482669.2512476,16,54,-28
1739482669.2972476,-11,-75,-76
1739482669.3422475,17,-60,-198
1739482669.3882475,22,-20,26
1739482669.4342475,22,-24,-105
1739482669.4792476,15,28,-69
1739482669.5252476,9,-12,-52
1739482669.5712476,-13,67,25
1739482669.6172476,25,-13,-11
1739482669.6622477,40,-79,4
1739482669.7082477,57,-42,4
1739482669.7542477,-27,27,-37
1739482669.7992475,-73,1,47
1739482669.8452475,24,136,-183
1739482669.8912475,-19,-43,76
1739482669.9372475,-36,9,-16
1739482669.9822476,-23,-14,-68
1739482670.0282476,-9,-11,-48
1739482670.0742476,-28,-71,6
1739482670.1192474,-30,-59,-134
1739482670.1652474,128,-21,-46
1739482670.2112474,9,-141,-90
1739482670.2572474,-25,-51,-24
1739482670.3022475,33,-40,2
1739482670.3472476,59,-83,-117
1739482670.3932476,58,-63,-19
1739482670.4382474,22,-53,38
1739482670.4842474,10,-12,-127
1739482670.5302474,6,-5,-21
1739482670.5752475,0,-52,29
1739482670.6212475,4,0,-67
1739482670.6672475,-14,-11,17
1739482670.7132475,38,-77,52
1739482670.7582476,12,0,-159
1739482670.8042476,0,-34,-100
1739482670.8502476,10,-12,-30
1739482670.8952477,40,-56,-5
1739482670.9412477,-33,-77,-26
1739482670.9872477,30,60,-33
1739482671.0332477,0,-79,71
1739482671.0782475,2,-152,10
1739482671.1242476,-68,-101,-52
1739482671.1702476,-26,9,5
1739482671.2152476,-38,67,-84
1739482671.2612476,4,90,-113
1739482671.3072476,51,-124,14
1739482671.3532476,-1,-17,7
1739482671.3982477,3,-40,-8
1739482671.4442475,-4,17,-18
1739482671.4902475,-43,-35,-112
1739482671.5352476,108,26,48
1739482671.5812476,-86,-21,77
1739482671.6272476,3,70,65
1739482671.6732476,5,-68,44
1739482671.7182477,-8,-21,12
1739482671.7642477,-14,11,-48
1739482671.8102477,12,30,-28
1739482671.8552475,-22,-113,-12
1739482671.9012475,115,-40,-74
1739482671.9472475,57,-48,-29
1739482671.9932475,43,-52,-7
1739482672.0382476,-66,-53,-33
1739482672.0842476,-26,-31,31
1739482672.1302476,-35,-10,-67
1739482672.1752477,-76,92,-137
1739482672.2212474,-1,-39,-14
1739482672.2672474,6,-2,49
1739482672.3132474,-20,24,116
1739482672.3582475,-77,-44,-6
1739482672.4042475,-31,-78,-123
1739482672.4502475,-3,-60,-13
1739482672.4952476,42,17,26
1739482672.5412476,51,-17,-94
1739482672.5872476,-35,-154,18
1739482672.6332476,-69,36,-86
1739482672.6782477,-2,9,-144
1739482672.7242477,-93,30,-104
1739482672.7702477,-85,-126,84
1739482672.8152475,0,-92,-126
1739482672.8612475,-13,-4,-51
1739482672.9072475,26,-49,15
1739482672.9532475,0,-130,-63
1739482672.9982476,47,-41,-73
1739482673.0442476,-142,72,-17
1739482673.0902476,-26,18,-49
1739482673.1352477,-23,-66,22
1739482673.1812477,-53,-21,-43
1739482673.2332475,24,-82,-159
1739482673.2782476,107,-23,-78
1739482673.3242476,37,-73,-12
1739482673.3702476,-38,-32,50
1739482673.4152474,-54,-24,-9
1739482673.4612474,-6,-22,-78
1739482673.5072474,83,-98,-4
1739482673.5532477,65,-70,26
1739482673.5982475,81,112,-87
1739482673.6442475,30,-48,-95
1739482673.6902475,-45,25,-22
1739482673.7352476,60,38,-87
1739482673.7812476,93,-154,-71
1739482673.8272476,-67,25,-103
1739482673.8732476,-38,-61,-62
1739482673.9182477,-57,13,66
1739482673.9642477,71,16,-6
1739482674.0102477,44,-30,155
1739482674.0552475,22,-30,-62
1739482674.1012475,-37,-62,-67
1739482674.1472476,-8,12,47
1739482674.1932476,-73,-18,-86
1739482674.2382476,-62,40,-84
1739482674.2842476,30,-78,-69
1739482674.3302476,-64,-171,23
1739482674.3752477,-12,-3,87
1739482674.4212475,-25,43,23
1739482674.4672475,26,-104,-52
1739482674.5132475,-100,75,-39
1739482674.5582476,45,84,-28
1739482674.6042476,-14,-18,33
1739482674.6502476,-23,-92,40
1739482674.6952477,6,-83,-10
1739482674.7412477,-19,100,-103
1739482674.7872477,34,68,-83
1739482674.8332477,-52,-105,-91
1739482674.8782475,-27,43,-47
1739482674.9242475,-26,21,-49
1739482674.9702475,-8,-17,61
1739482675.0152476,-20,123,-61
1739482675.0612476,55,-154,98
1739482675.1072476,22,-10,82
1739482675.1532476,7,-34,-77
1739482675.1982474,-59,-96,-66
1739482675.2442474,-51,-37,-13
1739482675.2902474,-9,43,98
1739482675.3352475,-24,-112,-5
1739482675.3812475,-44,3,11
1739482675.4272475,58,-56,15
1739482675.4732475,-47,11,-78
1739482675.5182476,21,-192,-143
1739482675.5642476,35,-38,-46
1739482675.6102476,-28,81,-99
1739482675.6552474,-58,-68,42
1739482675.7002475,-19,-33,34
1739482675.7462475,6,-35,41
1739482675.7912476,-27,-157,34
1739482675.8372476,-52,-53,-32
1739482675.8832476,-27,-37,-63
1739482675.9282477,-70,-45,15
1739482675.9742477,-10,-97,-61
1739482676.0202477,-41,15,23
1739482676.0662477,-19,-11,-45
1739482676.1112475,-20,-17,-59
1739482676.1572475,80,66,-58
1739482676.2032475,-2,-95,-102
1739482676.2482476,50,14,-82
1739482676.2942476,-42,-17,67
1739482676.3402476,-8,-48,71
1739482676.3862476,-11,-154,-28
1739482676.4312477,-43,50,-22
1739482676.4772477,61,-17,15
1739482676.5232477,18,-49,-24
1739482676.5682476,51,-23,65
1739482676.6142476,88,-75,-8
1739482676.6602476,14,-78,-162
1739482676.7062476,-29,37,124
1739482676.7512476,56,-142,-60
1739482676.7972476,5,-31,12
1739482676.8432477,-37,-135,-19
1739482676.8882475,0,29,22
1739482676.9342475,49,-31,22
1739482676.9802475,-26,-38,-31
1739482677.0262475,-12,19,4
1739482677.0712476,-46,-64,36
1739482677.1172476,3,-32,90
1739482677.1632476,33,-68,-25
1739482677.2082477,-8,-121,12
1739482677.2542477,-82,-73,-45
1739482677.3002477,-33,-25,96
1739482677.3462474,-17,-30,12
1739482677.3912475,45,-46,54
1739482677.4372475,31,-60,-1
1739482677.4832475,-24,31,-76
1739482677.5282476,-16,-42,-74
1739482677.5742476,-22,33,41
1739482677.6202476,20,-52,-58
1739482677.6662476,-22,-25,34
1739482677.7112474,105,-10,-174
1739482677.7572474,23,-14,-59
1739482677.8032477,114,-80,-149
1739482677.8482475,-37,-149,-20
1739482677.8942475,-16,1,-142
1739482677.9402475,-17,-77,-85
1739482677.9862475,43,-22,-32
1739482678.0312476,-49,-77,-101
1739482678.0772476,32,78,-2
1739482678.1232476,-32,-141,40
1739482678.1682477,-28,47,-97
1739482678.2142477,74,-160,-77
1739482678.2602477,-98,-39,73
1739482678.3062477,-12,-169,-115
1739482678.3512475,-15,-92,-78
1739482678.3972476,-23,3,76
1739482678.4432476,72,34,-118
1739482678.4882476,37,-66,-20
1739482678.5342476,-56,-47,10
1739482678.5802476,-28,-65,-20
1739482678.6262476,-11,21,25
1739482678.6712475,15,-10,-72
1739482678.7172475,-70,-85,-91
1739482678.7632475,-21,-41,-95
1739482678.8082476,69,-61,55
1739482678.8542476,-71,-62,-75
1739482678.9002476,-43,-73,-5
1739482678.9462476,-6,-29,-9
1739482678.9912477,41,97,-109
1739482679.0372477,-28,45,-71
1739482679.0832477,5,-19,59
1739482679.1282475,15,-58,-77
1739482679.1742475,24,-14,-19
1739482679.2202475,2,-2,-83
1739482679.2662475,1,-82,-15
1739482679.3112476,-87,-81,8
1739482679.3572476,-56,-71,-52
1739482679.4032476,9,75,-43
1739482679.4482474,42,5,-92
1739482679.4942474,2,-33,-66
1739482679.5402474,55,-93,-135
1739482679.5862474,-41,-234,-8
1739482679.6312475,-6,-38,17
1739482679.6772475,-7,63,-133
1739482679.7232475,-39,30,-35
1739482679.7682476,-30,-28,-132
1739482679.8142476,-40,-34,-43
1739482679.8602476,4,-200,-67
1739482679.9062476,-63,-80,-5
1739482679.9512477,-6,-13,-65
1739482679.9972477,-114,-12,-36
1739482680.0432477,-33,-39,39
1739482680.0882475,86,-39,-26
1739482680.1342475,-14,39,-4
1739482680.1802475,73,-44,-53
1739482680.2262475,12,-116,-69
1739482680.2712476,-11,-10,-95
1739482680.3172476,-10,-41,71
1739482680.3632476,-40,-117,-57
1739482680.4082477,-32,21,-106
1739482680.4542477,-75,0,38
1739482680.5002477,10,20,32
1739482680.5462475,16,-32,-36
1739482680.5912476,-41,-71,36
1739482680.6372476,-2,20,-38
1739482680.6832476,40,32,3
1739482680.7282476,85,-16,-20
1739482680.7742476,22,50,-22
1739482680.8202477,49,-36,-87
1739482680.8662477,44,28,7
1739482680.9112475,-8,-109,-85
1739482680.9572475,-31,-125,-35
1739482681.0032475,7,2,98
1739482681.0482476,64,6,-91
1739482681.0942476,-52,43,-46
1739482681.1402476,28,38,89
1739482681.1862476,116,-92,24
1739482681.2312477,-24,49,40
1739482681.2772477,149,-112,-14
1739482681.3232474,4,29,59
1739482681.3682475,74,62,15
1739482681.4142475,-14,-3,-83
1739482681.4602475,31,-100,91
1739482681.5062475,0,0,-3
1739482681.5512476,109,-20,-1
1739482681.5972476,-113,87,33
1739482681.6432476,59,-146,1
1739482681.6882474,48,8,-60
1739482681.7342474,36,28,-23
1739482681.7802474,-68,-99,-9
1739482681.8262477,50,-38,-30
1739482681.8712475,-36,-59,-56
1739482681.9172475,-2,10,-75
1739482681.9632475,-21,-92,-139
1739482682.0082476,15,-34,-56
1739482682.0542476,-33,-21,-47
1739482682.1002476,-7,118,11
1739482682.1462476,37,-38,-25
1739482682.1912477,7,-64,-38
1739482682.2372477,1,-77,106
1739482682.2832477,27,-22,-32
1739482682.3282475,10,2,-88
1739482682.3742476,-8,-68,9
1739482682.4202476,33,-136,13
1739482682.4662476,-61,-123,-19
1739482682.5112476,-88,-57,-7
1739482682.5572476,-1,-7,-43
1739482682.6032476,-81,15,-7
1739482682.6482477,-1,-94,-22
1739482682.6942475,21,44,109
1739482682.7402475,65,14,-134
1739482682.7862475,35,12,12
1739482682.8312476,42,-70,-10
1739482682.8772476,71,84,49
1739482682.9232476,37,-116,-143
1739482682.9682477,-45,23,-144
1739482683.0142477,16,-54,46
1739482683.0602477,-11,-5,-66
1739482683.1062477,37,-22,-158
1739482683.1512475,-33,-7,31
1739482683.2032475,62,-16,-72
1739482683.2482476,0,-96,-9
1739482683.2942476,-59,85,4
1739482683.3402476,91,-30,-40
1739482683.3862476,29,24,-36
1739482683.4312477,78,-42,41
1739482683.4772477,-36,-33,36
1739482683.5232477,-18,-83,-35
1739482683.5682476,13,-120,-59
1739482683.6142476,-40,-95,-66
1739482683.6602476,-20,-96,-53
1739482683.7062476,62,27,-142
1739482683.7512476,-24,-72,-47
1739482683.7972476,-61,-18,62
1739482683.8432477,41,-37,-122
1739482683.8882475,-2,-132,62
1739482683.9342475,-35,26,-10
1739482683.9802475,-32,-88,-47
1739482684.0262475,91,-115,6
1739482684.0712476,-16,-70,43
1739482684.1172476,36,-25,-2
1739482684.1632476,-18,-27,61
1739482684.2082477,-23,2,-146
1739482684.2542477,11,-9,-127
1739482684.3002477,5,-39,-46
1739482684.3462474,-12,-47,-93
1739482684.3912475,80,-223,53
1739482684.4372475,7,22,58
1739482684.4832475,-20,-120,-76
1739482684.5282476,58,-21,21
1739482684.5742476,-45,-8,-92
1739482684.6202476,-24,-130,-139
1739482684.6662476,-57,-10,-37
1739482684.7112474,-30,-20,-108
1739482684.7572474,5,102,-2
1739482684.8032477,51,-93,140
1739482684.8482475,-56,-64,-5
1739482684.8942475,-42,-102,145
1739482684.9402475,56,-21,-5
1739482684.9862475,-9,-130,-85
1739482685.0312476,-21,-60,-93
1739482685.0772476,-24,-166,38
1739482685.1232476,36,13,8
1739482685.1682477,-32,12,-18
1739482685.2142477,60,30,-29
1739482685.2602477,93,-170,-22
1739482685.3062477,-47,-61,87
1739482685.3512475,-73,-77,-31
1739482685.3972476,-56,-61,-39
1739482685.4432476,-103,-137,-130
1739482685.4882476,-9,8,-5
1739482685.5342476,-26,13,-103
1739482685.5802476,28,-76,40
1739482685.6262476,3,-120,-56
1739482685.6712475,-5,-68,65
1739482685.7172475,-8,-91,-73
1739482685.7632475,-74,52,-96
1739482685.8082476,33,41,-75
1739482685.8542476,1,11,49
1739482685.9002476,34,-26,7
1739482685.9462476,5,-72,35
1739482685.9912477,-1,-21,-107
1739482686.0372477,71,-36,-37
1739482686.0832477,16,18,-67
1739482686.1282475,-1,47,42
1739482686.1742475,-57,-149,-24
1739482686.2202475,19,-96,56
1739482686.2662475,-76,-9,42
1739482686.3112476,53,-46,-78
1739482686.3572476,124,-160,34
1739482686.4032476,-50,-68,-70
1739482686.4482474,-79,-195,-86
1739482686.4942474,-25,33,-107
1739482686.5402474,-32,38,-15
1739482686.5862474,-44,-24,0
1739482686.6312475,0,-67,-29
1739482686.6772475,-1,2,-38
1739482686.7232475,-98,62,102
1739482686.7682476,18,97,58
1739482686.8142476,-9,-62,6
1739482686.8602476,57,-59,-13
1739482686.9062476,4,0,-72
1739482686.9512477,2,-42,10
1739482686.9972477,-12,-71,81
1739482687.0432477,-23,-5,-77
1739482687.0882475,-23,-9,-72
1739482687.1342475,-5,-77,-22
1739482687.1802475,75,-60,-48
1739482687.2262475,-44,-61,-78
1739482687.2712476,-25,-23,-126
1739482687.3172476,42,26,79
1739482687.3632476,-48,178,-3
1739482687.4082477,44,-77,-58
1739482687.4542477,-5,32,-106
1739482687.5002477,87,97,17
1739482687.5462475,-14,-60,-113
1739482687.5912476,-93,-24,-88
1739482687.6372476,-53,-118,-169
1739482687.6832476,-8,-88,91
1739482687.7282476,-59,-102,-57
1739482687.7742476,15,5,12
1739482687.8202477,-36,-65,20
1739482687.8662477,124,44,5
1739482687.9112475,-41,-114,-77
1739482687.9572475,38,4,-53
1739482688.0032475,-59,-39,43
1739482688.0482476,-89,-65,-131
1739482688.0942476,-34,5,-51
1739482688.1402476,-78,-123,-56
1739482688.1862476,-44,-41,2
1739482688.2312477,49,-68,-1
1739482688.2772477,9,-32,-36
1739482688.3232474,0,29,16
1739482688.3682475,-16,49,-111
1739482688.4142475,-45,-65,-87
1739482688.4602475,-62,-23,-30
1739482688.5062475,59,26,-6
1739482688.5512476,-48,-11,-25
1739482688.5972476,5,103,-91
1739482688.6432476,-55,-26,66
1739482688.6882474,-39,23,-93
1739482688.7342474,25,-70,17
1739482688.7802474,-4,-114,2
1739482688.8262477,12,-51,-77
1739482688.8712475,-16,-14,-5
1739482688.9172475,-28,9,-56
1739482688.9632475,-28,-16,1
1739482689.0082476,-33,8,-68
1739482689.0542476,5,16,-42
1739482689.1002476,33,4,-1
1739482689.1462476,25,98,-156
1739482689.1912477,-115,-13,-13
1739482689.2372477,24,-6,36
1739482689.2832477,8,-47,19
1739482689.3282475,-60,11,-91
1739482689.3742476,-71,-57,-44
1739482689.4202476,-32,16,-4
1739482689.4662476,-33,4,26
1739482689.5112476,27,-116,-136
1739482689.5572476,30,46,-89
1739482689.6032476,22,-36,45
1739482689.6482477,-29,-127,-33
1739482689.6942475,-105,-19,-50
1739482689.7402475,-61,63,-64
1739482689.7862475,-37,9,-96
1739482689.8312476,-16,-43,29
1739482689.8772476,-20,-135,-13
1739482689.9232476,-72,-37,-158
1739482689.9682477,17,-114,-1
1739482690.0142477,-9,39,-93
1739482690.0602477,-88,1,16
1739482690.1062477,-33,-5,-86
1739482690.1512475,40,-118,-54
1739482690.1972475,34,76,123
1739482690.2432475,58,-68,-57
1739482690.2882476,-11,-19,50
1739482690.3342476,-2,12,-78
1739482690.3802476,7,22,-160
1739482690.4262476,-11,-87,38
1739482690.4712474,-8,18,-93
1739482690.5172474,-7,-204,-49
1739482690.5632474,-119,-31,121
1739482690.6082475,-75,-63,0
1739482690.6542475,30,-20,-103
1739482690.7002475,0,-92,23
1739482690.7462475,-39,-1,-61
1739482690.7912476,-25,-104,-26
1739482690.8372476,-1,-108,-91
1739482690.8832476,-40,-88,-21
1739482690.9282477,-16,-20,-124
1739482690.9742477,8,-57,-26
1739482691.0202477,29,-39,-20
1739482691.0662477,-40,-22,-64
1739482691.1112475,-15,30,26
1739482691.1572475,14,25,-4
1739482691.2032475,29,-73,-63
1739482691.2482476,-3,23,-53
1739482691.2942476,36,-25,-80
1739482691.3402476,-17,-28,-22
1739482691.3862476,110,-82,-108
1739482691.4312477,0,-160,-54
1739482691.4772477,-36,-113,-42
1739482691.5232477,-39,49,18
1739482691.5682476,-25,-37,-6
1739482691.6142476,-25,-81,-7
1739482691.6602476,0,92,-46
1739482691.7062476,65,-6,-72
1739482691.7512476,-37,-101,-82
1739482691.7972476,-2,-72,98
1739482691.8432477,44,14,-23
1739482691.8882475,-41,-107,-48
1739482691.9342475,50,-108,-43
1739482691.9802475,-103,75,-35
1739482692.0262475,51,2,13
1739482692.0712476,22,-13,0
1739482692.1172476,-38,-106,40
1739482692.1632476,-23,-20,-154
1739482692.2082477,19,-89,-66
1739482692.2542477,-8,-56,-118
1739482692.3002477,5,-14,6
1739482692.3462474,10,-64,4
1739482692.3912475,-25,-111,-8
1739482692.4372475,-52,-15,-101
1739482692.4832475,100,-22,-56
1739482692.5282476,-19,-47,110
1739482692.5742476,-70,50,-99
1739482692.6202476,18,-13,0
1739482692.6662476,1,53,40
1739482692.7112474,-56,-98,-1
1739482692.7572474,-98,-52,5
1739482692.8032477,19,55,-18
1739482692.8482475,21,-93,46
1739482692.8942475,16,-40,18
1739482692.9402475,-31,39,-22
1739482692.9862475,-14,-103,12
1739482693.0312476,4,-43,-2
1739482693.0772476,5,-66,60
1739482693.1232476,-12,-161,-102
1739482693.1682477,13,-56,-97
1739482693.2202475,47,8,23
1739482693.2662475,2,-72,-5
1739482693.3112476,35,-48,-107
1739482693.3572476,5,-59,-8
1739482693.4032476,-5,-136,-67
1739482693.4482474,33,-20,37
1739482693.4942474,-18,-51,-44
1739482693.5402474,-3,35,-77
1739482693.5862474,-11,-53,-121
1739482693.6312475,17,14,-39
1739482693.6772475,49,-146,-53
1739482693.7232475,21,-86,40
1739482693.7682476,12,-64,-23
1739482693.8142476,20,29,-126
1739482693.8602476,7,-51,54
1739482693.9062476,8,35,-18
1739482693.9512477,28,-22,15
1739482693.9972477,31,-105,-86
1739482694.0432477,52,-67,-110
1739482694.0882475,-12,-32,-110
1739482694.1342475,-37,85,-73
1739482694.1802475,-37,11,-84
1739482694.2262475,-11,-87,-186
1739482694.2712476,-7,41,-67
1739482694.3172476,37,-44,-12
1739482694.3632476,-3,-50,21
1739482694.4082477,-28,50,19
1739482694.4542477,-31,14,-92
1739482694.5002477,59,-147,29
1739482694.5462475,-20,-6,51
1739482694.5912476,-64,-62,-105
1739482694.6372476,-57,-190,-101
1739482694.6832476,102,19,15
1739482694.7282476,54,-25,-26
1739482694.7742476,95,-15,46
1739482694.8202477,14,7,-66
1739482694.8662477,27,0,-26
1739482694.9112475,70,0,-3
1739482694.9572475,32,-63,2
1739482695.0032475,18,-15,26
1739482695.0482476,-61,26,52
1739482695.0942476,8,47,48
1739482695.1402476,35,-19,85
1739482695.1862476,5,-150,43
1739482695.2312477,-29,-28,-85
1739482695.2772477,56,-103,-39
1739482695.3232474,2,-76,-179
1739482695.3682475,26,-71,-36
1739482695.4142475,70,-129,44
1739482695.4602475,-70,-10,-92
1739482695.5062475,-12,-52,-54
1739482695.5512476,-51,-72,-66
1739482695.5972476,-30,-115,-74
1739482695.6432476,38,-150,-76
1739482695.6882474,12,89,46
1739482695.7342474,10,-86,-56
1739482695.7802474,-25,-47,7
1739482695.8262477,-32,-15,27
1739482695.8712475,-16,4,15
1739482695.9172475,-9,75,-36
1739482695.9632475,57,-40,-16
1739482696.0082476,-23,-3,-42
1739482696.0542476,-47,-4,39
1739482696.1002476,10,-96,21
1739482696.1462476,51,-76,-47
1739482696.1912477,-24,-35,6
1739482696.2372477,-4,-16,-69
1739482696.2832477,-87,-17,28
1739482696.3282475,-29,-37,-71
1739482696.3742476,5,-84,-156
1739482696.4202476,-44,-21,-70
1739482696.4662476,-1,-71,4
1739482696.5112476,22,-96,-51
1739482696.5572476,36,-4,-42
1739482696.6032476,42,-58,-29
1739482696.6482477,-2,32,-65
1739482696.6942475,44,16,-16
1739482696.7402475,-31,-41,11
1739482696.7862475,0,91,-12
1739482696.8312476,6,46,-90
1739482696.8772476,-19,-25,-61
1739482696.9232476,9,-80,-53
1739482696.9682477,32,10,-95
1739482697.0142477,85,-24,15
1739482697.0602477,-13,83,-88
1739482697.1062477,19,64,-159
1739482697.1512475,3,49,-81
1739482697.1972475,2,-120,38
1739482697.2432475,-13,-9,-57
1739482697.2882476,44,-16,-2
1739482697.3342476,55,-154,-83
1739482697.3802476,-88,-4,-71
1739482697.4262476,-34,-35,-7
1739482697.4712474,62,-162,-41
1739482697.5172474,-7,47,18
1739482697.5632474,-128,91,66
1739482697.6082475,-18,55,-64
1739482697.6542475,-2,-110,-147
1739482697.7002475,14,34,-46
1739482697.7462475,-9,-15,-19
1739482697.7912476,-77,-96,35
1739482697.8372476,66,-30,36
1739482697.8832476,6,-52,-29
1739482697.9282477,1,-89,64
1739482697.9742477,44,-3,-53
1739482698.0202477,58,90,64
1739482698.0662477,20,-34,26
1739482698.1112475,43,-21,-36
1739482698.1572475,-132,-142,-42
1739482698.2032475,52,69,-159
1739482698.2482476,41,-129,-93
1739482698.2942476,-46,-64,-125
1739482698.3402476,-29,-34,0
1739482698.3862476,28,9,-64
1739482698.4312477,32,-91,-1
1739482698.4772477,-104,11,1
1739482698.5232477,-22,-45,-21
1739482698.5682476,-26,-129,-158
1739482698.6142476,37,38,92
1739482698.6602476,-72,-89,7
1739482698.7062476,-19,39,-175
1739482698.7512476,-7,-28,-102
1739482698.7972476,27,-70,-76
1739482698.8432477,0,-140,-128
1739482698.8882475,-43,-7,-52
1739482698.9342475,76,56,69
1739482698.9802475,-60,-32,-21
1739482699.0262475,18,-78,65
1739482699.0712476,4,44,-122
1739482699.1172476,37,-53,-39
1739482699.1632476,8,-13,-77
1739482699.2082477,-37,50,0
1739482699.2542477,25,-77,21
1739482699.3002477,57,-67,40
1739482699.3462474,19,-197,-2
1739482699.3912475,29,7,-182
1739482699.4372475,98,-19,-103
1739482699.4832475,-34,-70,80
1739482699.5282476,-15,-49,-39
1739482699.5742476,-11,-38,-39
1739482699.6202476,0,72,-98
1739482699.6662476,84,-128,0
1739482699.7112474,-53,-55,30
1739482699.7572474,-50,-86,-37
1739482699.8032477,26,87,-114
1739482699.8482475,-7,-66,-135
1739482699.8942475,-15,-44,-65
1739482699.9402475,-43,-120,-17
1739482699.9862475,93,13,-160
1739482700.0312476,12,-79,8
1739482700.0772476,0,5,0
1739482700.1232476,59,-125,25
1739482700.1682477,9,35,-14
1739482700.2142477,58,132,-69
1739482700.2602477,-74,65,-113
1739482700.3062477,17,-5,14
1739482700.3512475,45,-91,-33
1739482700.3972476,41,-15,-39
1739482700.4432476,-58,-94,-72
1739482700.4882476,47,-121,30
1739482700.5342476,-15,-21,-50
1739482700.5802476,-36,12,-38
1739482700.6262476,135,-55,61
1739482700.6712475,66,-25,17
1739482700.7172475,23,25,11
1739482700.7632475,-22,71,-5
1739482700.8082476,-58,-80,-7
1739482700.8542476,-44,20,1
1739482700.9002476,-40,-54,-180
1739482700.9462476,26,1,-127
1739482700.9912477,-12,-14,-38
1739482701.0372477,38,-78,-41
1739482701.0832477,26,-122,-77
1739482701.1282475,52,-100,-179
1739482701.1742475,-38,-13,8
1739482701.2202475,-53,-131,11
1739482701.2662475,0,2,-19
1739482701.3112476,21,-168,55
1739482701.3572476,-38,-89,-34
1739482701.4032476,-5,-59,-165
1739482701.4482474,-118,-147,-23
1739482701.4942474,42,104,-28
1739482701.5402474,25,-12,-32
1739482701.5862474,-24,77,-156
1739482701.6312475,-13,-11,-78
1739482701.6772475,-30,-30,-14
1739482701.7232475,44,3,2
1739482701.7682476,52,43,21
1739482701.8142476,-76,104,-65
1739482701.8602476,39,-49,33
1739482701.9062476,10,-17,-55
1739482701.9512477,2,68,0
1739482701.9972477,-19,-81,-40
1739482702.0432477,36,-44,28
1739482702.0882475,-50,-73,-67
1739482702.1342475,-64,67,-107
1739482702.1802475,22,-51,101
1739482702.2262475,33,-5,-71
1739482702.2712476,42,-155,-67
1739482702.3162477,-62,112,-146
1739482702.3622477,-65,-54,-142
1739482702.4072475,-72,114,63
1739482702.4532475,23,99,29
1739482702.4992476,43,-51,-61
1739482702.5442476,-63,-50,-66
1739482702.5902476,-43,-158,-5
1739482702.6362476,46,5,-30
1739482702.6822476,-11,0,14
1739482702.7272477,-25,-14,-95
1739482702.7732477,29,3,10
1739482702.8192475,-97,20,-136
1739482702.8642476,5,-4,39
1739482702.9102476,69,-6,95
1739482702.9562476,-57,-109,-58
1739482703.0022476,10,48,-19
1739482703.0472476,-34,-19,-80
1739482703.0932477,73,-20,-69
1739482703.1392477,-22,71,24
1739482703.1842475,-75,-67,-40
1739482703.2362475,9,-156,-2
1739482703.2822475,18,-80,-38
1739482703.3272476,20,68,11
1739482703.3732476,-13,49,24
1739482703.4192476,33,85,-53
1739482703.4642477,44,61,-105
1739482703.5102477,-55,-44,-115
1739482703.5562477,-42,-42,-22
1739482703.6022477,6,-22,46
1739482703.6472476,-42,-9,6
1739482703.6932476,6,-85,19
1739482703.7392476,58,-98,-102
1739482703.7842476,-65,-32,-153
1739482703.8302476,-27,-37,33
1739482703.8762476,-6,-77,10
1739482703.9222476,-6,-42,4
1739482703.9672475,8,-37,-63
1739482704.0132475,9,41,193
1739482704.0592475,11,-71,-49
1739482704.1042476,-70,-10,-16
1739482704.1502476,-21,-54,-73
1739482704.1962476,-7,-82,-115
1739482704.2422476,5,5,54
1739482704.2872477,38,23,25
1739482704.3332477,-51,10,5
1739482704.3792477,-94,-32,-65
1739482704.4242475,14,-14,-14
1739482704.4702475,-23,-49,-78
1739482704.5162475,-60,39,-195
1739482704.5622475,-65,-17,57
1739482704.6072476,68,-136,-44
1739482704.6532476,5,14,-76
1739482704.6992476,35,-29,-36
1739482704.7442474,17,-49,10
1739482704.7902474,-5,-77,11
1739482704.8362474,31,38,63
1739482704.8822474,-13,-4,-18
1739482704.9272475,56,-51,-66
1739482704.9732475,37,-29,-137
1739482705.0192475,-47,-56,-15
1739482705.0642476,53,-91,-34
1739482705.1102476,-46,-57,-34
1739482705.1562476,61,-126,-50
1739482705.2022476,-59,-19,-100
1739482705.2472477,0,-174,21
1739482705.2932477,20,-68,-56
1739482705.3392477,3,-24,0
1739482705.3842475,-84,-133,-7
1739482705.4302475,38,-154,-39
1739482705.4762475,-80,11,-84
1739482705.5222476,-108,-79,1
1739482705.5672476,6,-70,89
1739482705.6132476,0,60,-79
1739482705.6592476,-88,-19,82
1739482705.7042477,19,-130,38
1739482705.7502477,6,22,-73
1739482705.7962475,13,-100,-23
1739482705.8422475,67,-130,-141
1739482705.8872476,29,46,-125
1739482705.9332476,-5,-31,42
1739482705.9792476,1,-120,-13
1739482706.0242476,27,-160,21
1739482706.0702477,35,-96,-155
1739482706.1162477,-38,123,-110
1739482706.1612475,-119,23,81
1739482706.2072475,39,-154,-58
1739482706.2532475,25,-50,-38
1739482706.2992475,33,-152,-202
1739482706.3442476,-47,-72,-53
1739482706.3902476,-37,-130,-32
1739482706.4362476,-1,-32,35
1739482706.4812477,-35,-38,-82
1739482706.5272477,-18,72,0
1739482706.5732474,-99,54,26
1739482706.6202476,63,-10,54
1739482706.6662476,-115,-251,-38
1739482706.7112474,-15,24,-53
1739482706.7572474,-48,78,8
1739482706.8032477,-67,-38,-52
1739482706.8482475,30,-65,-141
1739482706.8942475,3,-3,-56
1739482706.9402475,-65,-28,115
1739482706.9862475,-2,-69,-93
1739482707.0312476,-45,6,63
1739482707.0772476,8,51,-14
1739482707.1232476,28,-5,42
1739482707.1682477,22,-43,-144
1739482707.2142477,39,-1,-44
1739482707.2602477,-26,-10,-20
1739482707.3062477,34,13,-142
1739482707.3512475,-37,-139,-105
1739482707.3972476,-13,-158,0
1739482707.4432476,-4,25,-59
1739482707.4882476,-18,-95,-79
1739482707.5342476,-50,-31,47
1739482707.5802476,23,20,21
1739482707.6262476,29,64,-133
1739482707.6712475,18,10,12
1739482707.7172475,-94,-9,20
1739482707.7632475,28,145,85
1739482707.8082476,-26,-34,81
1739482707.8542476,47,-75,-14
1739482707.9002476,-36,41,33
1739482707.9452477,75,20,52
1739482707.9912477,-3,-118,-51
1739482708.0372477,152,0,27
1739482708.0832477,20,-30,38
1739482708.1282475,-14,-100,-4
1739482708.1742475,-5,-79,91
1739482708.2202475,-5,-102,46
1739482708.2652476,10,-18,-50
1739482708.3112476,-22,-137,-62
1739482708.3572476,-18,-33,-10
1739482708.4032476,-85,-99,22
1739482708.4482474,-98,43,-48
1739482708.4942474,94,-16,-127
1739482708.5402474,-62,-41,-38
1739482708.5852475,-61,89,-68
1739482708.6312475,-23,-113,-104
1739482708.6772475,-36,-55,34
1739482708.7232475,-1,-7,29
1739482708.7682476,17,-131,14
1739482708.8142476,-41,-77,-78
1739482708.8602476,-35,-187,-32
1739482708.9052474,-1,15,-24
1739482708.9512477,-14,-16,-3
1739482708.9972477,-29,-75,-80
1739482709.0432477,6,15,42
1739482709.0882475,27,-29,115
1739482709.1342475,-13,-54,37
1739482709.1802475,-54,-41,18
1739482709.2252476,61,-12,-91
1739482709.2712476,-33,-39,-49
1739482709.3172476,-59,-17,-56
1739482709.3632476,-134,-42,32
1739482709.4082477,-27,-37,33
1739482709.4542477,-3,-13,-26
1739482709.5002477,50,90,-59
1739482709.5452476,68,-80,6
1739482709.5912476,-39,5,-76
1739482709.6372476,24,14,23
1739482709.6832476,-53,-69,-81
1739482709.7282476,35,31,-16
1739482709.7742476,26,93,-61
1739482709.8202477,0,-32,86
1739482709.8652475,52,-159,-36
1739482709.9112475,-22,-152,21
1739482709.9572475,58,-103,-31
1739482710.0032475,21,-29,-70
1739482710.0482476,0,18,-107
1739482710.0942476,-4,-54,-73
1739482710.1402476,-8,20,-54
1739482710.1852477,55,-25,11
1739482710.2312477,56,-96,38
1739482710.2772477,31,-157,14
1739482710.3232474,-13,-92,-13
1739482710.3682475,0,-51,-101
1739482710.4142475,-82,-20,-89
1739482710.4602475,38,23,-119
1739482710.5052476,25,-145,-88
1739482710.5512476,46,0,-16
1739482710.5972476,-21,-110,-51
1739482710.6432476,18,-117,3
1739482710.6882474,-46,-38,-54
1739482710.7342474,-25,-110,12
1739482710.7802474,57,-45,48
1739482710.8252475,-97,-101,11
1739482710.8712475,0,-44,-4
1739482710.9172475,-43,-3,-41
1739482710.9632475,24,4,-54
1739482711.0082476,85,-44,-44
1739482711.0542476,-79,-42,37
1739482711.1002476,-13,39,-2
1739482711.1452477,-107,-3,-6
1739482711.1912477,-39,-77,-68
1739482711.2372477,-12,-11,-67
1739482711.2832477,-42,-53,-94
1739482711.3282475,-97,-31,-109
1739482711.3742476,20,86,-146
1739482711.4202476,-16,-27,-92
1739482711.4652476,-17,-79,39
1739482711.5112476,-43,1,-42
1739482711.5572476,-12,-11,-87
1739482711.6032476,-61,47,0
1739482711.6482477,31,10,-64
1739482711.6942475,10,-43,-100
1739482711.7402475,10,-3,-164
1739482711.7852476,43,-72,-32
1739482711.8312476,8,-116,18
1739482711.8772476,-37,-113,8
1739482711.9232476,32,-70,-19
1739482711.9682477,17,5,-66
1739482712.0142477,7,-42,22
1739482712.0602477,27,-113,-69
1739482712.1052475,-37,54,-33
1739482712.1512475,-14,-12,-33
1739482712.1972475,-22,-28,3
1739482712.2432475,-37,-62,-44
1739482712.2882476,21,-13,36
1739482712.3342476,-65,-98,32
1739482712.3802476,-110,20,-142
1739482712.4252477,-8,77,-20
1739482712.4712474,1,-54,-76
1739482712.5172474,-27,16,-26
1739482712.5632474,2,-19,25
1739482712.6082475,30,66,-136
1739482712.6542475,-15,-30,-58
1739482712.7002475,-33,-145,12
1739482712.7452476,113,14,36
1739482712.7912476,-20,1,-13
1739482712.8372476,-47,9,-55
1739482712.8832476,-4,-23,-47
1739482712.9282477,101,-94,-64
1739482712.9742477,49,-32,-33
1739482713.0202477,27,-50,-150
1739482713.0652475,-67,-181,1
1739482713.1112475,7,-98,-25
1739482713.1572475,-27,33,-27
1739482713.2032475,42,-138,-24
1739482713.2542477,104,-28,-27
1739482713.3002477,-3,-22,-79
1739482713.3452475,-12,-54,-95
1739482713.3912475,4,-118,52
1739482713.4372475,-16,24,-68
1739482713.4832475,14,-29,-89
1739482713.5282476,-18,6,116
1739482713.5742476,-8,-22,-48
1739482713.6202476,2,19,25
1739482713.6652474,33,-22,-72
1739482713.7112474,65,-26,65
1739482713.7572474,-89,-25,99
1739482713.8032477,-8,45,53
1739482713.8482475,-15,-6,-78
1739482713.8942475,-38,14,-39
1739482713.9402475,-15,-48,-42
1739482713.9852476,-3,-50,-48
1739482714.0312476,5,-159,-137
1739482714.0772476,45,-135,-135
1739482714.1232476,-29,-56,3
1739482714.1682477,8,80,-14
1739482714.2142477,-25,-29,-6
1739482714.2602477,-37,-79,56
1739482714.3052475,3,-93,-120
1739482714.3512475,-23,-97,18
1739482714.3972476,-17,-37,23
1739482714.4432476,-28,-29,-86
1739482714.4882476,45,-55,-52
1739482714.5342476,35,0,-141
1739482714.5802476,-9,-21,-133
1739482714.6252477,0,-115,-59
1739482714.6712475,1,-144,191
1739482714.7172475,105,-115,-20
1739482714.7632475,-19,-134,-5
1739482714.8082476,-47,-86,3
1739482714.8542476,-27,30,-11
1739482714.9002476,-32,-87,-36
1739482714.9452477,-28,-29,-86
1739482714.9912477,-5,-30,-95
1739482715.0372477,100,-41,-138
1739482715.0832477,-5,58,28
1739482715.1282475,-22,-104,-40
1739482715.1742475,44,0,-28
1739482715.2202475,32,-79,-131
1739482715.2652476,2,34,-7
1739482715.3112476,-104,-24,-88
1739482715.3572476,-20,182,-33
1739482715.4032476,-21,-69,12
1739482715.4482474,-8,-55,-72
1739482715.4942474,-44,-93,113
1739482715.5402474,-15,-33,-11
1739482715.5852475,58,-79,-95
1739482715.6312475,-20,-4,-47
1739482715.6772475,-68,-78,0
1739482715.7232475,37,39,-40
1739482715.7682476,9,-71,-11
1739482715.8142476,43,-102,-4
1739482715.8602476,-50,-35,22
1739482715.9052474,27,-9,-32
1739482715.9512477,-9,-6,-86
1739482715.9972477,-1,-34,-42
1739482716.0432477,12,-39,69
1739482716.0882475,-54,-86,23
1739482716.1342475,-54,26,-88
1739482716.1802475,-32,-191,-1
1739482716.2252476,0,-6,-163
1739482716.2712476,-63,11,-189
1739482716.3172476,21,-58,57
1739482716.3632476,28,28,46
1739482716.4082477,-33,-107,-29
1739482716.4542477,65,-8,43
1739482716.5002477,19,30,83
1739482716.5452476,-128,-57,-18
1739482716.5912476,-76,111,-92
1739482716.6372476,0,-6,149
1739482716.6832476,-20,-31,-26
1739482716.7272477,77,-2,-39
1739482716.7732477,10,26,-98
1739482716.8192475,23,-18,-77
1739482716.8642476,-47,-103,-46
1739482716.9102476,40,24,-89
1739482716.9562476,-21,-65,21
1739482717.0012476,76,140,-37
1739482717.0472476,-138,-19,-64
1739482717.0932477,-15,-43,-78
1739482717.1392477,-27,-102,0
1739482717.1842475,45,66,-46
1739482717.2302475,28,5,10
1739482717.2762475,24,-36,-35
1739482717.3212476,47,-88,-25
1739482717.3672476,23,-98,-6
1739482717.4132476,-49,-13,-11
1739482717.4592476,78,42,-135
1739482717.5042477,16,-90,-196
1739482717.5502477,-46,-33,-48
1739482717.5962474,19,-10,-32
1739482717.6412475,24,-32,-110
1739482717.6872475,0,-66,-57
1739482717.7332475,-3,-14,-95
1739482717.7792475,24,-86,74
1739482717.8242476,1,-34,-74
1739482717.8702476,-4,-56,20
1739482717.9162476,-55,17,49
1739482717.9612474,13,10,-117
1739482718.0072474,39,14,69
1739482718.0532477,8,-116,-108
1739482718.0992477,38,-67,-59
1739482718.1442475,6,-18,35
1739482718.1902475,-13,-87,17
1739482718.2362475,-80,-100,-40
1739482718.2812476,4,2,-110
1739482718.3272476,21,-165,18
1739482718.3732476,18,31,-114
1739482718.4192476,48,-53,-9
1739482718.4642477,47,1,49
1739482718.5102477,-27,50,66
1739482718.5562477,-19,5,29
1739482718.6012475,15,70,20
1739482718.6472476,-91,-45,-102
1739482718.6932476,44,60,-73
1739482718.7392476,9,70,35
1739482718.7842476,-56,-51,38
1739482718.8302476,-36,-5,-99
1739482718.8762476,23,43,-38
1739482718.9212475,-84,10,141
1739482718.9672475,46,-9,-117
1739482719.0132475,23,85,-63
1739482719.0592475,57,-49,-29
1739482719.1042476,17,-9,-144
1739482719.1502476,-84,-28,71
1739482719.1962476,-19,-78,-28
1739482719.2412477,-12,118,50
1739482719.2872477,-40,-112,-183
1739482719.3332477,14,-141,1
1739482719.3792477,-98,-76,-60
1739482719.4242475,1,-68,-4
1739482719.4702475,11,43,-44
1739482719.5162475,14,148,4
1739482719.5612476,14,-10,26
1739482719.6072476,0,-90,-107
1739482719.6532476,-38,-55,-133
1739482719.6992476,-10,-69,-116
1739482719.7442474,0,-96,-29
1739482719.7902474,-95,-27,41
1739482719.8362474,58,25,-31
1739482719.8812475,-23,64,24
1739482719.9272475,-42,102,-5
1739482719.9732475,-4,159,29
1739482720.0192475,84,-145,63
1739482720.0642476,28,-29,-3
1739482720.1102476,-44,-166,-104
1739482720.1562476,-43,-129,15
1739482720.2012477,-2,79,-11
1739482720.2472477,-21,24,18
1739482720.2932477,-36,10,47
1739482720.3392477,-71,64,-31
1739482720.3842475,30,-105,-98
1739482720.4302475,66,-21,-34
1739482720.4762475,22,-88,-34
1739482720.5212476,-48,-51,-82
1739482720.5672476,17,110,-43
1739482720.6132476,-3,-15,96
1739482720.6592476,-9,-40,-52
1739482720.7042477,-39,-32,-31
1739482720.7502477,-64,-16,27
1739482720.7962475,-38,-42,-39
1739482720.8412476,12,25,-106
1739482720.8872476,64,-169,96
1739482720.9332476,47,-101,-24
1739482720.9792476,-39,15,-80
1739482721.0242476,-13,28,42
1739482721.0702477,41,-94,-129
1739482721.1162477,5,-17,19
1739482721.1612475,-80,-120,-86
1739482721.2072475,-38,-84,28
1739482721.2532475,-1,1,-35
1739482721.2992475,0,-19,-172
1739482721.3442476,140,-121,10
1739482721.3902476,12,32,-158
1739482721.4362476,59,-36,-80
1739482721.4812477,23,-24,58
1739482721.5272477,52,-80,34
1739482721.5732474,53,-40,-70
1739482721.6192474,-106,-67,-35
1739482721.6642475,-40,15,-34
1739482721.7102475,0,-28,-4
1739482721.7562475,-58,11,-52
1739482721.8012476,-48,-167,15
1739482721.8472476,-45,-125,-92
1739482721.8932476,91,-30,-19
1739482721.9392476,21,-48,-106
1739482721.9842474,12,76,5
1739482722.0302474,-2,-46,-29
1739482722.0762477,-71,-130,-108
1739482722.1212475,89,-93,-81
1739482722.1672475,51,-83,14
1739482722.2132475,67,-42,56
1739482722.2592475,-6,-170,42
1739482722.3042476,-6,-8,-133
1739482722.3502476,10,-70,16
1739482722.3962476,20,-49,0
1739482722.4412477,-20,-92,-92
1739482722.4872477,40,-33,-88
1739482722.5332477,-20,-64,18
1739482722.5792477,23,43,-44
1739482722.6242476,82,-90,-114
1739482722.6702476,-41,-19,-61
1739482722.7162476,-31,-57,62
1739482722.7612476,-37,-19,-12
1739482722.8072476,-59,-82,-28
1739482722.8532476,-17,24,-81
1739482722.8992476,-27,0,-172
1739482722.9442475,31,-73,-148
1739482722.9902475,-80,58,-189
1739482723.0362475,-71,95,56
1739482723.0812476,3,10,30
1739482723.1272476,55,-12,0
1739482723.1732476,-5,-70,-53
1739482723.2192476,-39,-2,-16
1739482723.2702477,23,-29,-17
1739482723.3162477,-17,-65,-58
1739482723.3612475,4,-5,-210
1739482723.4072475,52,-19,100
1739482723.4532475,8,-19,-54
1739482723.4992476,19,-5,53
1739482723.5442476,-68,-78,-84
1739482723.5912476,-5,-72,15
1739482723.6372476,9,14,-20
1739482723.6832476,-8,-19,-191
1739482723.7282476,24,-110,13
1739482723.7742476,82,6,-52
1739482723.8202477,53,-28,39
1739482723.8652475,0,108,-14
1739482723.9112475,30,14,-25
1739482723.9572475,-3,98,-5
1739482724.0032475,-33,-37,89
1739482724.0482476,8,-146,6
1739482724.0942476,60,-26,-142
1739482724.1402476,3,-76,-45
1739482724.1852477,-38,21,27
1739482724.2312477,49,-208,-86
1739482724.2772477,21,58,-1
1739482724.3232474,-43,27,-136
1739482724.3682475,-48,-73,-33
1739482724.4142475,13,56,-47
1739482724.4602475,-14,29,-170
1739482724.5052476,83,-32,49
1739482724.5512476,2,101,-26
1739482724.5972476,89,-38,-82
1739482724.6432476,15,40,-164
1739482724.6882474,9,-140,-63
1739482724.7342474,62,43,-106
1739482724.7802474,118,-38,22
1739482724.8252475,-14,-3,-38
1739482724.8712475,-21,-82,3
1739482724.9172475,83,-99,84
1739482724.9632475,41,-59,-38
1739482725.0082476,76,-29,7
1739482725.0542476,14,-4,-132
1739482725.1002476,-50,-67,-91
1739482725.1452477,42,-57,57
1739482725.1912477,14,-101,-94
1739482725.2372477,-22,-110,-78
1739482725.2832477,27,19,72
1739482725.3282475,-32,-110,6
1739482725.3742476,17,-152,-67
1739482725.4202476,7,-27,4
1739482725.4652476,-2,-5,114
1739482725.5112476,22,29,-73
1739482725.5572476,-39,-36,-5
1739482725.6032476,-10,51,-118
1739482725.6482477,-57,-34,-52
1739482725.6942475,-31,26,-5
1739482725.7402475,-76,36,-15
1739482725.7852476,23,-134,-98
1739482725.8312476,19,44,-93
1739482725.8772476,81,-88,92
1739482725.9232476,-34,55,-15
1739482725.9682477,-23,-117,-11
1739482726.0142477,27,-128,21
1739482726.0602477,-75,-11,-9
1739482726.1052475,-45,19,47
1739482726.1512475,-3,-25,0
1739482726.1972475,29,-74,17
1739482726.2432475,-1,-132,-114
1739482726.2882476,8,-113,-15
1739482726.3342476,116,-30,-137
1739482726.3802476,42,33,23
1739482726.4252477,129,-28,-55
1739482726.4712474,-46,-41,17
1739482726.5172474,72,74,47
1739482726.5632474,-39,-61,15
1739482726.6082475,12,-113,1
1739482726.6542475,38,-66,-54
1739482726.7002475,19,-14,111
1739482726.7452476,39,-28,-20
1739482726.7912476,4,-5,-114
1739482726.8372476,16,-58,4
1739482726.8832476,33,118,49
1739482726.9282477,45,83,8
1739482726.9742477,9,23,86
1739482727.0202477,18,-86,39
1739482727.0652475,4,-57,-132
1739482727.1112475,7,-8,-56
1739482727.1572475,32,-43,30
1739482727.2032475,-48,-21,34
1739482727.2482476,22,-116,-37
1739482727.2942476,-92,-83,59
1739482727.3402476,-54,-98,11
1739482727.3852477,-10,-86,-51
1739482727.4312477,53,1,37
1739482727.4772477,19,59,45
1739482727.5232477,36,-49,-102
1739482727.5682476,-28,-144,-4
1739482727.6142476,7,-53,-51
1739482727.6602476,-76,24,-11
1739482727.7052476,16,-23,-153
1739482727.7512476,-46,88,-2
1739482727.7972476,30,-10,-7
1739482727.8432477,-32,26,0
1739482727.8882475,-8,-70,39
1739482727.9342475,-62,-48,-37
1739482727.9802475,40,29,6
1739482728.0252476,4,-92,-5
1739482728.0712476,-21,-20,-14
1739482728.1172476,12,55,13
1739482728.1632476,-8,45,-84
1739482728.2082477,25,-82,54
1739482728.2542477,-102,-97,-226
1739482728.3002477,12,54,29
1739482728.3452475,-57,-99,-48
1739482728.3912475,-41,-75,-15
1739482728.4372475,-13,-95,23
1739482728.4832475,55,-30,35
1739482728.5282476,47,-34,-76
1739482728.5742476,72,39,-155
1739482728.6202476,-3,-17,-69
1739482728.6652474,-61,-40,-22
1739482728.7112474,73,-26,30
1739482728.7572474,29,96,67
1739482728.8032477,10,-128,58
1739482728.8482475,-45,87,-90
1739482728.8942475,-52,-8,-166
1739482728.9402475,-8,21,-36
1739482728.9852476,82,66,-52
1739482729.0312476,-58,3,-72
1739482729.0772476,-3,25,-29
1739482729.1232476,43,-77,-124
1739482729.1682477,58,-53,-79
1739482729.2142477,-11,-106,-60
1739482729.2602477,-18,-72,-56
1739482729.3052475,-4,-14,-46
1739482729.3512475,27,25,-70
1739482729.3972476,18,-75,-35
1739482729.4432476,26,11,28
1739482729.4882476,-56,18,-80
1739482729.5342476,-72,-56,-53
1739482729.5802476,-48,-118,95
1739482729.6252477,45,83,-99
1739482729.6712475,-9,-33,-67
1739482729.7172475,-45,-39,-3
1739482729.7632475,-34,-99,-40
1739482729.8082476,39,6,-4
1739482729.8542476,62,16,-102
1739482729.9002476,-3,-43,-62
1739482729.9452477,-67,11,4
1739482729.9912477,-2,-22,-14
1739482730.0372477,-11,-85,33
1739482730.0832477,94,-70,43
1739482730.1282475,-55,-47,-85
1739482730.1742475,67,-38,-4
1739482730.2202475,-16,51,0
1739482730.2652476,25,4,-156
1739482730.3112476,-89,13,-41
1739482730.3572476,-49,-61,-76
1739482730.4032476,-18,-77,-38
1739482730.4482474,-45,43,43
1739482730.4942474,18,28,164
1739482730.5402474,118,58,-32
1739482730.5852475,30,-76,172
1739482730.6312475,-23,-83,-18
1739482730.6772475,-56,33,-105
1739482730.7232475,-43,1,23
1739482730.7682476,36,-167,-38
1739482730.8142476,-2,14,138
1739482730.8602476,102,-59,43
1739482730.9052474,-52,72,-73
1739482730.9512477,-33,-2,46
1739482730.9972477,1,-42,-9
1739482731.0432477,-5,-1,-38
1739482731.0882475,-41,-16,-7
1739482731.1342475,-61,-14,-24
1739482731.1802475,-48,16,-43
1739482731.2252476,102,-1,3
1739482731.2712476,-15,-76,-57
1739482731.3172476,15,-87,81
1739482731.3632476,24,-75,-59
1739482731.4082477,-22,-18,91
1739482731.4542477,-21,-60,-163
1739482731.5002477,-7,-98,-92
1739482731.5452476,7,-91,14
1739482731.5912476,38,-81,-69
1739482731.6372476,0,-16,-102
1739482731.6832476,58,-6,-64
1739482731.7282476,14,0,-90
1739482731.7742476,17,-79,-85
1739482731.8202477,75,-15,25
1739482731.8652475,40,3,48
1739482731.9112475,72,5,4
1739482731.9572475,40,-129,14
1739482732.0032475,-57,-46,88
1739482732.0482476,26,-109,10
1739482732.0942476,-50,5,-84
1739482732.1402476,-11,-79,-79
1739482732.1852477,-53,-63,45
1739482732.2312477,18,-77,67
1739482732.2772477,-8,-17,-65
1739482732.3232474,37,14,-13
1739482732.3682475,-99,45,-39
1739482732.4142475,35,-76,-12
1739482732.4602475,97,82,-19
1739482732.5052476,27,62,-8
1739482732.5512476,18,20,14
1739482732.5972476,-22,67,-99
1739482732.6432476,66,-40,-192
1739482732.6882474,65,-58,-81
1739482732.7342474,-70,3,-16
1739482732.7802474,-12,-66,-65
1739482732.8252475,8,-28,-13
1739482732.8712475,-1,-46,-53
1739482732.9172475,64,-113,-45
1739482732.9632475,-101,120,18
1739482733.0082476,76,57,-94
1739482733.0542476,86,-49,-95
1739482733.1002476,-21,-32,-123
1739482733.1452477,54,-13,149
1739482733.1912477,-1,89,-140
1739482733.2432475,10,-49,15
1739482733.2882476,28,15,-48
1739482733.3342476,-22,-46,3
1739482733.3802476,39,6,57
1739482733.4252477,-10,-76,-89
1739482733.4712474,-16,-8,119
1739482733.5172474,-21,-26,-31
1739482733.5632474,36,39,-38
1739482733.6082475,-25,44,-60
1739482733.6542475,-25,-22,-81
1739482733.7002475,-66,-66,-44
1739482733.7442474,-8,-56,58
1739482733.7902474,1,47,-52
1739482733.8362474,3,55,-63
1739482733.8812475,24,-99,27
1739482733.9272475,8,-117,41
1739482733.9732475,44,13,41
1739482734.0192475,15,85,133
1739482734.0642476,-41,-32,-50
1739482734.1102476,13,-3,-53
1739482734.1562476,62,-33,65
1739482734.2012477,53,25,33
1739482734.2472477,-18,38,-105
1739482734.2932477,-75,-52,-88
1739482734.3392477,-11,8,97
1739482734.3842475,-47,-5,-19
1739482734.4302475,5,-4,2
1739482734.4762475,4,86,1
1739482734.5212476,2,-34,-15
1739482734.5672476,-37,-153,-66
1739482734.6132476,39,-1,-61
1739482734.6592476,-45,-60,-48
1739482734.7042477,-27,23,-54
1739482734.7502477,75,14,-132
1739482734.7962475,48,-54,-26
1739482734.8412476,40,64,49
1739482734.8872476,-18,-7,-131
1739482734.9332476,-107,-88,-173
1739482734.9792476,-37,-159,-120
1739482735.0242476,121,-148,93
1739482735.0702477,85,-12,12
1739482735.1162477,-12,40,-49
1739482735.1612475,-79,-112,75
1739482735.2072475,11,-164,-38
1739482735.2532475,-42,-23,-24
1739482735.2992475,-46,-32,-49
1739482735.3442476,-79,-10,53
1739482735.3902476,-19,0,-69
1739482735.4362476,90,-101,-67
1739482735.4812477,24,9,71
1739482735.5272477,56,-55,-29
1739482735.5732474,20,-141,3
1739482735.6192474,-7,65,-20
1739482735.6642475,-46,35,-86
1739482735.7102475,-39,-40,-21
1739482735.7562475,-56,-125,-106
1739482735.8012476,55,-114,-110
1739482735.8472476,-26,-56,50
1739482735.8932476,-20,-51,41
1739482735.9392476,-23,61,30
1739482735.9842474,-10,-15,-52
1739482736.0302474,-35,-59,-58
1739482736.0762477,-9,-17,-78
1739482736.1212475,35,-62,-50
1739482736.1672475,33,-43,-44
1739482736.2132475,17,68,30
1739482736.2592475,-33,29,-65
1739482736.3042476,-41,33,48
1739482736.3502476,-19,-15,-27
1739482736.3962476,-86,21,-58
1739482736.4412477,-67,-51,36
1739482736.4872477,8,56,-24
1739482736.5332477,13,-6,122
1739482736.5792477,-24,61,-103
1739482736.6242476,-27,-63,-90
1739482736.6702476,-37,-51,-38
1739482736.7162476,29,-8,-170
1739482736.7612476,11,-86,14
1739482736.8072476,-25,141,-23
1739482736.8532476,-9,-65,-90
1739482736.8992476,-11,-38,-54
1739482736.9442475,-38,44,14
1739482736.9902475,-85,-16,22
1739482737.0362475,-27,-46,-19
1739482737.0812476,-16,52,-36
1739482737.1272476,-29,-35,-95
1739482737.1732476,-105,-83,-115
1739482737.2192476,-74,-1,15
1739482737.2642477,18,80,-49
1739482737.3102477,-11,-57,-167
1739482737.3562477,-51,-159,56
1739482737.4012475,-34,-67,3
1739482737.4472475,-78,-39,-19
1739482737.4932475,-66,53,-25
1739482737.5392475,-30,-55,-33
1739482737.5842476,112,-50,1
1739482737.6302476,23,-12,42
1739482737.6762476,-78,-57,-58
1739482737.7212474,74,-155,68
1739482737.7672474,-37,-126,30
1739482737.8132474,-1,-93,58
1739482737.8592474,29,-21,16
1739482737.9042475,20,-9,-122
1739482737.9502475,0,-62,-116
1739482737.9962475,-20,66,-134
1739482738.0412476,-4,-81,-52
1739482738.0872476,27,-36,-94
1739482738.1332476,-53,5,75
1739482738.1792476,-25,-13,18
1739482738.2242477,-41,-45,-27
1739482738.2702477,23,-86,73
1739482738.3162477,9,-89,-45
1739482738.3612475,-20,26,-68
1739482738.4072475,75,11,98
1739482738.4532475,-20,-8,-8
1739482738.4992476,-52,14,-37
1739482738.5442476,15,-62,-11
1739482738.5902476,-63,-108,90
1739482738.6362476,29,-59,92
1739482738.6812477,-4,61,-29
1739482738.7272477,-141,-44,-56
1739482738.7732477,73,-53,-43
1739482738.8192475,67,-3,50
1739482738.8642476,3,-52,-22
1739482738.9102476,58,93,-31
1739482738.9562476,-2,13,-86
1739482739.0012476,17,-46,0
1739482739.0472476,-37,-105,13
1739482739.0932477,-17,-59,14
1739482739.1392477,25,-28,-19
1739482739.1842475,-10,-106,30
1739482739.2302475,9,-160,-49
1739482739.2762475,23,46,41
1739482739.3212476,-70,-84,31
1739482739.3672476,-62,-98,-47
1739482739.4132476,13,-44,-92
1739482739.4592476,70,-132,-48
1739482739.5042477,22,-67,52
1739482739.5502477,50,-59,57
1739482739.5962474,0,100,-5
1739482739.6412475,7,-30,-29
1739482739.6872475,0,6,-91
1739482739.7332475,-15,-45,-70
1739482739.7792475,79,-116,-222
1739482739.8242476,-31,-33,12
1739482739.8702476,-44,79,12
1739482739.9162476,-73,-15,-89
1739482739.9612474,3,-102,-36
1739482740.0072474,-83,-69,-35
1739482740.0532477,17,-32,-26
1739482740.0992477,-30,61,-82
1739482740.1442475,37,-4,-83
1739482740.1902475,11,-82,-73
1739482740.2362475,23,-110,3
1739482740.2812476,51,-74,-40
1739482740.3272476,4,2,-145
1739482740.3732476,23,-50,-63
1739482740.4182477,-83,-109,-60
1739482740.4642477,-7,99,-107
1739482740.5102477,69,-72,-180
1739482740.5562477,-9,-39,8
1739482740.6012475,-76,-53,28
1739482740.6472476,-6,107,131
1739482740.6932476,-32,5,-76
1739482740.7382476,-48,-49,-35
1739482740.7842476,-12,-130,-106
1739482740.8302476,16,71,-62
1739482740.8762476,58,77,-30
1739482740.9212475,58,51,-130
1739482740.9672475,-25,-74,-43
1739482741.0132475,53,-33,45
1739482741.0582476,89,-21,79
1739482741.1042476,28,-55,-13
1739482741.1502476,19,-42,22
1739482741.1962476,47,-118,-41
1739482741.2412477,-27,-9,12
1739482741.2872477,29,-20,-50
1739482741.3332477,-39,-61,-72
1739482741.3782475,-53,-31,-133
1739482741.4242475,-34,71,27
1739482741.4702475,-23,-95,-38
1739482741.5162475,78,-24,33
1739482741.5612476,-29,-125,-109
1739482741.6072476,-13,7,12
1739482741.6532476,-28,-39,43
1739482741.6982474,-73,-1,62
1739482741.7442474,-19,-145,-55
1739482741.7902474,14,48,-23
1739482741.8362474,8,22,84
1739482741.8812475,-45,-61,-31
1739482741.9272475,-39,65,41
1739482741.9732475,65,-18,53
1739482742.0182476,-1,-35,-52
1739482742.0642476,-53,9,-50
1739482742.1102476,-29,-59,65
1739482742.1562476,-31,-131,43
1739482742.2012477,31,-188,82
1739482742.2472477,-35,-144,-43
1739482742.2932477,-61,-67,22
1739482742.3382475,-77,27,-36
1739482742.3842475,-19,18,-102
1739482742.4302475,56,5,-131
1739482742.4762475,75,-45,-44
1739482742.5212476,0,-96,72
1739482742.5672476,-87,22,-114
1739482742.6132476,-5,6,0
1739482742.6582477,-50,-42,-90
1739482742.7042477,5,-3,-56
1739482742.7502477,-66,-140,-28
1739482742.7962475,-6,63,4
1739482742.8402476,-25,-15,-65
1739482742.8862476,-30,135,-33
1739482742.9322476,37,-181,-78
1739482742.9772477,-108,85,-80
1739482743.0232477,-117,-27,-18
1739482743.0692475,-13,-17,18
1739482743.1142476,-35,-13,-122
1739482743.1602476,5,-54,91
1739482743.2062476,13,-31,20
1739482743.2572474,20,75,58
1739482743.3032477,28,20,-85
1739482743.3492477,17,-70,-89
1739482743.3942475,-37,-103,34
1739482743.4402475,-13,-102,-45
1739482743.4862475,-93,-76,-105
1739482743.5322475,51,-29,-71
1739482743.5772476,37,-41,67
1739482743.6232476,-26,32,-37
1739482743.6692476,-11,-76,-14
1739482743.7142477,36,-45,-90
1739482743.7602477,32,11,-172
1739482743.8062477,7,-91,-26
1739482743.8522477,24,28,-113
1739482743.8972476,22,-121,-64
1739482743.9432476,5,-1,106
1739482743.9892476,-24,-116,21
1739482744.0342476,-57,-64,-40
1739482744.0802476,-21,-32,-92
1739482744.1262476,78,3,-60
1739482744.1722476,8,-120,-33
1739482744.2172475,-22,-31,-23
1739482744.2632475,-2,-67,-9
1739482744.3092475,-12,-74,-72
1739482744.3542476,60,-61,-123
1739482744.4002476,5,0,-40
1739482744.4462476,2,-122,47
1739482744.4922476,-3,34,-179
1739482744.5372477,-96,-103,150
1739482744.5832477,-94,-39,-137
1739482744.6292477,27,14,-51
1739482744.6742475,8,-16,26
1739482744.7202475,14,-36,-14
1739482744.7662475,14,-3,83
1739482744.8122475,48,17,-89
1739482744.8572476,91,-29,59
1739482744.9032476,45,-71,17
1739482744.9492476,82,25,-84
1739482744.9942474,-45,-20,-127
1739482745.0402474,39,-47,49
1739482745.0862474,91,-39,-95
1739482745.1322474,-11,-52,29
1739482745.1772475,-44,83,75
1739482745.2232475,9,-70,2
1739482745.2692475,-28,39,-171
1739482745.3142476,74,4,-43
1739482745.3602476,-27,-80,-1
1739482745.4062476,-49,-55,0
1739482745.4522476,39,-89,93
1739482745.4972477,-31,-30,25
1739482745.5432477,79,-23,0
1739482745.5892477,43,-69,0
1739482745.6342475,2,10,-44
1739482745.6802475,-59,-88,94
1739482745.7262475,0,20,-46
1739482745.7722476,2,25,-27
1739482745.8172476,33,-43,-56
1739482745.8632476,-68,2,52
1739482745.9092476,45,-101,-9
1739482745.9542477,48,5,-68
1739482746.0002477,-46,-46,-15
1739482746.0462475,4,-130,-79
1739482746.0922475,24,-57,-10
1739482746.1372476,21,29,0
1739482746.1832476,64,85,-40
1739482746.2292476,-76,112,143
1739482746.2742476,33,-163,-78
1739482746.3202477,-11,-148,4
1739482746.3662477,-67,-64,39
1739482746.4122477,-28,90,-21
1739482746.4572475,0,78,-78
1739482746.5032475,55,-59,111
1739482746.5492475,-11,-22,67
1739482746.5942476,-13,24,-12
1739482746.6402476,13,-63,35
1739482746.6862476,36,-188,-18
1739482746.7322476,-32,-141,38
1739482746.7772477,3,-78,-33
1739482746.8232474,1,-32,-86
1739482746.8692474,1,-11,-90
1739482746.9142475,51,-10,-87
1739482746.9602475,2,-61,-109
1739482747.0062475,-26,-57,8
1739482747.0522475,-51,35,-77
1739482747.0972476,-60,-45,-34
1739482747.1432476,-5,-156,47
1739482747.1892476,-6,-96,-48
1739482747.2342474,-62,5,76
1739482747.2802474,-111,-63,-28
1739482747.3262477,8,-142,60
1739482747.3722477,-107,19,-31
1739482747.4172475,0,-82,7
1739482747.4632475,-62,-55,-14
1739482747.5092475,-12,-38,-48
1739482747.5542476,0,-2,-8
1739482747.6002476,23,-88,-64
1739482747.6472476,15,38,-116
1739482747.6932476,-15,11,-51
1739482747.7382476,-61,-29,11
1739482747.7842476,-23,-27,-19
1739482747.8302476,1,-88,110
1739482747.8762476,-1,-76,-61
1739482747.9212475,-33,-71,70
1739482747.9672475,7,-138,-41
1739482748.0132475,75,-46,-37
1739482748.0582476,-92,29,44
1739482748.1042476,31,-58,-54
1739482748.1502476,0,-78,-12
1739482748.1962476,87,14,103
1739482748.2412477,-32,25,-76
1739482748.2872477,43,-70,-152
1739482748.3332477,29,-52,-138
1739482748.3782475,-27,-57,-3
1739482748.4242475,27,-14,-16
1739482748.4702475,18,-15,40
1739482748.5162475,0,-26,-83
1739482748.5612476,24,35,-20
1739482748.6072476,-20,-7,-86
1739482748.6532476,47,-69,-28
1739482748.6982474,68,5,23
1739482748.7442474,-11,-104,-27
1739482748.7902474,49,-72,-81
1739482748.8362474,15,53,-121
1739482748.8812475,-35,11,-27
1739482748.9272475,-8,-170,-2
1739482748.9732475,-19,-40,-60
1739482749.0182476,40,-70,-74
1739482749.0642476,5,-138,-84
1739482749.1102476,95,58,112
1739482749.1562476,-56,75,25
1739482749.2012477,-37,-13,25
1739482749.2472477,-19,-143,-27
1739482749.2932477,-11,-12,-28
1739482749.3382475,0,-4,-36
1739482749.3842475,85,-18,-160
1739482749.4302475,35,-33,-9
1739482749.4762475,30,38,-153
1739482749.5212476,-89,-92,23
1739482749.5672476,9,-26,22
1739482749.6132476,-87,-38,-148
1739482749.6582477,-34,34,-33
1739482749.7042477,-49,-95,97
1739482749.7502477,47,-20,-61
1739482749.7962475,-46,17,-96
1739482749.8412476,3,-162,20
1739482749.8872476,-10,26,-66
1739482749.9332476,-31,-85,-65
1739482749.9782476,29,-11,-61
1739482750.0242476,-67,-82,3
1739482750.0702477,-39,-30,-120
1739482750.1162477,37,-31,12
1739482750.1612475,19,-65,-19
1739482750.2072475,-21,-66,27
1739482750.2532475,20,29,-53
1739482750.2982476,-19,-36,76
1739482750.3442476,-32,78,5
1739482750.3902476,0,-204,-75
1739482750.4362476,0,-64,22
1739482750.4812477,-7,-52,-25
1739482750.5272477,22,-83,-104
1739482750.5732474,-73,15,-40
1739482750.6182475,55,31,-25
1739482750.6642475,-28,-82,-1
1739482750.7102475,70,97,0
1739482750.7562475,-4,-118,-78
1739482750.8012476,37,87,-88
1739482750.8472476,15,166,86
1739482750.8932476,68,-23,-88
1739482750.9382474,5,87,-29
1739482750.9842474,-7,-91,-109
1739482751.0302474,31,-53,-24
1739482751.0762477,-70,38,-31
1739482751.1212475,-28,134,-133
1739482751.1672475,39,-9,-82
1739482751.2132475,6,43,-17
1739482751.2582476,-40,-24,-50
1739482751.3042476,45,-32,-60
1739482751.3502476,-37,-3,-109
1739482751.3962476,11,-146,-23
1739482751.4412477,25,-182,-70
1739482751.4872477,81,-92,9
1739482751.5332477,-67,-55,67
1739482751.5782475,-2,-9,-33
1739482751.6242476,-62,61,-68
1739482751.6702476,-57,-83,32
1739482751.7162476,-25,-43,40
1739482751.7612476,-22,109,-39
1739482751.8072476,-72,-83,100
1739482751.8532476,7,85,23
1739482751.8982477,-70,-109,-100
1739482751.9442475,4,34,63
1739482751.9902475,19,-65,8
1739482752.0362475,-16,52,-240
1739482752.0812476,-26,-26,12
1739482752.1272476,34,-43,-27
1739482752.1732476,-36,-150,60
1739482752.2182477,-8,-70,46
1739482752.2642477,2,-60,10
1739482752.3102477,18,-5,-118
1739482752.3562477,-28,41,-28
1739482752.4012475,60,93,-53
1739482752.4472475,75,-55,-64
1739482752.4932475,22,-39,-12
1739482752.5382476,-20,-23,-116
1739482752.5842476,-62,-99,50
1739482752.6302476,-2,0,-67
1739482752.6762476,-38,1,69
1739482752.7212474,22,15,-101
1739482752.7672474,66,-139,22
1739482752.8132474,108,-93,-110
1739482752.8582475,-10,-43,4
1739482752.9042475,-90,-115,18
1739482752.9502475,17,54,-70
1739482752.9962475,45,-48,14
1739482753.0412476,31,51,-109
1739482753.0872476,-64,-20,-4
1739482753.1332476,28,-45,-76
1739482753.1782477,-18,-31,-31
1739482753.2242477,16,-99,-134
1739482753.2762475,6,-113,-61
1739482753.3212476,-15,0,-65
1739482753.3672476,6,-61,-88
1739482753.4132476,-55,18,-54
1739482753.4582477,-5,-26,-32
1739482753.5042477,31,-3,-42
1739482753.5502477,-18,2,79
1739482753.5962474,-8,18,-88
1739482753.6412475,55,-37,5
1739482753.6872475,15,-176,-58
1739482753.7332475,-91,-82,-53
1739482753.7782476,43,-21,-78
1739482753.8242476,15,-57,-31
1739482753.8702476,-63,-128,-47
1739482753.9162476,2,23,61
1739482753.9612474,25,-13,-46
1739482754.0072474,37,-85,-56
1739482754.0532477,-4,-32,74
1739482754.0982475,34,-105,-26
1739482754.1442475,-7,-138,14
1739482754.1902475,-79,-30,-107
1739482754.2362475,64,39,-66
1739482754.2812476,15,50,-229
1739482754.3272476,22,4,94
1739482754.3732476,66,-12,-109
1739482754.4182477,50,-84,-53
1739482754.4642477,84,-22,64
1739482754.5102477,47,26,-4
1739482754.5562477,-2,-25,-150
1739482754.6012475,99,84,-105
1739482754.6472476,23,-36,-205
1739482754.6932476,-68,93,-162
1739482754.7382476,3,-98,-28
1739482754.7842476,12,66,27
1739482754.8302476,-22,-98,1
1739482754.8762476,-19,9,-68
1739482754.9212475,-39,-51,-15
1739482754.9672475,-10,-40,-14
1739482755.0132475,39,37,24
1739482755.0582476,-7,-12,-78
1739482755.1042476,-30,-34,53
1739482755.1502476,-31,-52,-59
1739482755.1962476,-10,68,-21
1739482755.2412477,-45,-68,-28
1739482755.2872477,61,-35,-97
1739482755.3332477,91,-114,-157
1739482755.3782475,12,73,12
1739482755.4242475,-3,-130,4
1739482755.4702475,-59,-82,77
1739482755.5162475,-43,-72,-162
1739482755.5612476,-39,-21,24
1739482755.6072476,34,26,35
1739482755.6532476,-54,31,-89
1739482755.6982474,89,24,-81
1739482755.7442474,-2,9,21
1739482755.7902474,52,-43,83
1739482755.8362474,-7,-52,92
1739482755.8812475,44,55,-45
1739482755.9272475,0,73,-106
1739482755.9732475,-3,-161,-92
1739482756.0182476,-2,57,-90
1739482756.0642476,-50,22,-74
1739482756.1102476,2,-124,-104
1739482756.1562476,-14,-28,-1
1739482756.2012477,-12,-108,-32
1739482756.2472477,68,-121,3
1739482756.2932477,26,-101,-43
1739482756.3382475,0,79,-38
1739482756.3842475,29,-37,-15
1739482756.4302475,29,-91,83
1739482756.4762475,-31,-27,-63
1739482756.5212476,17,-38,27
1739482756.5672476,-46,-41,-98
1739482756.6132476,-40,-9,-54
1739482756.6582477,35,46,-10
1739482756.7042477,98,-132,84
1739482756.7502477,54,-54,-13
1739482756.7962475,19,-100,-163
1739482756.8412476,22,60,26
1739482756.8872476,-2,-113,-122
1739482756.9332476,70,-60,-164
1739482756.9782476,-50,-107,29
1739482757.0242476,19,-20,1
1739482757.0702477,56,12,-33
1739482757.1162477,26,-50,63
1739482757.1612475,-30,0,-82
1739482757.2072475,46,-89,19
1739482757.2532475,75,-35,-57
1739482757.2982476,-10,86,17
1739482757.3442476,38,-87,-19
1739482757.3902476,40,0,78
1739482757.4362476,-23,16,-103
1739482757.4812477,-54,-42,-124
1739482757.5272477,-44,-88,60
1739482757.5732474,-6,34,41
1739482757.6182475,-91,28,-3
1739482757.6642475,-2,11,-28
1739482757.7102475,13,30,-64
1739482757.7562475,67,-45,-150
1739482757.8012476,53,-37,-18
1739482757.8472476,-52,14,-93
1739482757.8932476,-21,54,-84
1739482757.9382474,-19,-44,-17
1739482757.9842474,-3,-73,89
1739482758.0302474,-18,-37,23
1739482758.0762477,-12,-125,-27
1739482758.1212475,52,-30,63
1739482758.1672475,-17,86,-53
1739482758.2132475,40,-161,-1
1739482758.2582476,28,-69,-130
1739482758.3032477,-24,-26,-18
1739482758.3492477,-1,-70,-39
1739482758.3942475,-20,-8,71
1739482758.4402475,-107,-70,-36
1739482758.4862475,-57,-144,82
1739482758.5322475,-21,37,-22
1739482758.5772476,25,0,-106
1739482758.6232476,-58,-39,33
1739482758.6692476,28,-24,-38
1739482758.7142477,-23,-67,-69
1739482758.7602477,0,-138,44
1739482758.8062477,-60,-11,-128
1739482758.8522477,58,-14,39
1739482758.8972476,-26,-103,-44
1739482758.9432476,46,-40,-27
1739482758.9892476,52,24,-83
1739482759.0342476,40,36,-104
1739482759.0802476,-41,-90,-80
1739482759.1262476,65,-29,19
1739482759.1722476,-73,54,1
1739482759.2172475,-17,-2,-94
1739482759.2632475,21,-33,-68
1739482759.3092475,69,-86,-14
1739482759.3542476,-51,-82,-37
1739482759.4002476,13,-56,-38
1739482759.4462476,87,-87,-45
1739482759.4922476,62,49,-12
1739482759.5372477,62,19,6
1739482759.5832477,28,59,8
1739482759.6292477,-11,13,-85
1739482759.6742475,-31,0,77
1739482759.7202475,44,55,23
1739482759.7662475,-75,-117,-12
1739482759.8122475,-8,71,-50
1739482759.8572476,0,12,-40
1739482759.9032476,25,-36,-151
1739482759.9492476,-23,-57,24
1739482759.9942474,-10,43,0
1739482760.0402474,-61,-21,-32
1739482760.0862474,-28,99,-37
1739482760.1322474,1,10,-99
1739482760.1772475,-18,-95,-103
1739482760.2232475,77,-96,-38
1739482760.2692475,12,-13,20
1739482760.3142476,-79,-50,-27
1739482760.3602476,-74,4,-93
1739482760.4062476,-17,12,-88
1739482760.4522476,-27,-30,65
1739482760.4972477,-49,-4,-60
1739482760.5432477,-24,58,-92
1739482760.5892477,1,-39,0
1739482760.6342475,-16,-100,-88
1739482760.6802475,-54,-20,-33
1739482760.7262475,34,-53,120
1739482760.7722476,39,-11,11
1739482760.8172476,-27,-60,-70
1739482760.8632476,28,-112,-11
1739482760.9092476,-94,-54,-104
1739482760.9542477,22,16,-19
1739482761.0002477,-2,76,-55
1739482761.0462475,-49,-74,-103
1739482761.0922475,1,-127,-95
1739482761.1372476,-21,-40,27
1739482761.1832476,2,-16,-123
1739482761.2292476,-44,-95,-111
1739482761.2742476,-2,-92,-82
1739482761.3202477,94,-31,7
1739482761.3662477,-7,-38,-11
1739482761.4122477,-11,-96,-17
1739482761.4572475,-37,-121,-150
1739482761.5032475,-44,-155,-34
1739482761.5492475,-38,-15,-84
1739482761.5942476,-59,-75,-83
1739482761.6402476,-60,-31,0
1739482761.6862476,13,-26,-89
1739482761.7322476,51,-124,-115
1739482761.7772477,43,-4,-43
1739482761.8232474,4,-42,-51
1739482761.8692474,84,-37,-77
1739482761.9142475,19,35,-82
1739482761.9602475,100,-103,-39
1739482762.0062475,-11,-72,-11
1739482762.0522475,-37,-14,61
1739482762.0972476,31,-84,-76
1739482762.1432476,-121,49,-69
1739482762.1892476,10,-127,32
1739482762.2342474,-3,-51,43
1739482762.2802474,-29,-33,-19
1739482762.3262477,-34,-97,50
1739482762.3722477,-37,-67,34
1739482762.4172475,-43,21,36
1739482762.4632475,31,-114,-32
1739482762.5092475,-12,-33,-168
1739482762.5542476,8,-14,57
1739482762.6002476,9,-55,-25
1739482762.6462476,69,-81,-105
1739482762.6922476,83,-55,-66
1739482762.7372477,-40,-64,73
1739482762.7832477,27,37,20
1739482762.8292477,5,73,-98
1739482762.8742476,59,-19,-88
1739482762.9202476,22,-51,-12
1739482762.9662476,33,-166,26
1739482763.0122476,-48,15,-65
1739482763.0572476,0,-64,-57
1739482763.1032476,-11,-32,-70
1739482763.1492476,3,-77,-90
1739482763.1942475,-15,-140,-59
1739482763.2402475,85,-51,-92
1739482763.2922475,0,-79,63
1739482763.3372476,-5,-50,-136
1739482763.3832476,81,-37,-10
1739482763.4292476,-21,-42,-145
1739482763.4742477,20,-132,68
1739482763.5202477,83,-6,-8
1739482763.5662477,-18,11,-165
1739482763.6122477,-28,-7,-105
1739482763.6582477,81,-28,51
1739482763.7042477,13,-42,24
1739482763.7502477,-48,55,16
1739482763.7962475,28,14,23
1739482763.8412476,-14,-9,10
1739482763.8872476,-9,-29,0
1739482763.9332476,15,-88,-27
1739482763.9782476,39,-88,-76
1739482764.0242476,14,-6,-77
1739482764.0702477,26,-112,-68
1739482764.1162477,-21,-71,-5
1739482764.1612475,6,21,20
1739482764.2072475,45,-74,-169
1739482764.2532475,24,-98,-58
1739482764.2982476,91,-26,-88
1739482764.3442476,-3,14,-108
1739482764.3902476,39,-36,4
1739482764.4362476,27,76,25
1739482764.4812477,99,-72,34
1739482764.5272477,-24,-8,-14
1739482764.5732474,-37,-16,22
1739482764.6182475,-64,59,-98
1739482764.6642475,-47,-39,-101
1739482764.7102475,10,80,-18
1739482764.7562475,-1,34,13
1739482764.8012476,59,-84,-31
1739482764.8472476,37,66,2
1739482764.8932476,91,-30,78
1739482764.9382474,23,-5,19
1739482764.9842474,0,-134,-63
1739482765.0302474,-11,-62,55
1739482765.0762477,11,-17,-27
1739482765.1212475,-5,19,5
1739482765.1672475,-3,39,-98
1739482765.2132475,86,-24,-91
1739482765.2582476,-6,-116,-19
1739482765.3042476,6,-46,-58
1739482765.3502476,-17,-141,13
1739482765.3962476,78,94,12
1739482765.4412477,-65,-2,-96
1739482765.4872477,40,87,-86
1739482765.5332477,-12,43,-11
1739482765.5782475,30,20,-151
1739482765.6242476,-31,-87,-4
1739482765.6702476,-40,9,-148
1739482765.7162476,-3,7,-121
1739482765.7612476,-17,-97,-45
1739482765.8072476,33,-130,-134
1739482765.8532476,-53,1,-55
1739482765.8982477,24,-2,-73
1739482765.9442475,-35,56,-3
1739482765.9902475,14,-93,-118
1739482766.0362475,38,-20,119
1739482766.0812476,-56,-85,12
1739482766.1272476,25,-127,-70
1739482766.1732476,11,-136,-37
1739482766.2182477,-16,-33,19
1739482766.2642477,-72,-9,-11
1739482766.3102477,-9,31,-113
1739482766.3562477,-26,-11,-110
1739482766.4012475,-58,-128,-9
1739482766.4472475,-64,-153,30
1739482766.4932475,-49,-15,-109
1739482766.5382476,-37,-11,8
1739482766.5842476,50,-12,-41
1739482766.6302476,34,-40,-37
1739482766.6762476,-10,-65,-58
1739482766.7212474,14,-102,119
1739482766.7672474,-3,39,2
1739482766.8132474,32,-28,-92
1739482766.8582475,61,30,-58
1739482766.9042475,-14,-37,60
1739482766.9502475,-53,-33,-114
1739482766.9962475,-22,43,-63
1739482767.0412476,10,-70,-96
1739482767.0872476,-18,-117,-36
1739482767.1332476,14,-110,0
1739482767.1782477,-22,-121,1
1739482767.2242477,-114,-63,-44
1739482767.2702477,-16,-107,111
1739482767.3162477,-11,15,-16
1739482767.3612475,21,-15,-49
1739482767.4072475,46,-31,-70
1739482767.4532475,50,-11,-88
1739482767.4982476,54,-189,6
1739482767.5442476,42,46,130
1739482767.5902476,39,0,-37
1739482767.6362476,27,-196,31
1739482767.6812477,-78,-7,-11
1739482767.7272477,-12,-55,-72
1739482767.7732477,3,46,-7
1739482767.8182476,100,-136,51
1739482767.8642476,-67,-23,28
1739482767.9102476,-38,-131,67
1739482767.9562476,21,40,-55
1739482768.0012476,-29,-167,-48
1739482768.0472476,65,6,-88
1739482768.0932477,-55,-77,7
1739482768.1382475,24,-76,-3
1739482768.1842475,-65,-45,-47
1739482768.2302475,-57,-95,31
1739482768.2762475,-3,-15,-34
1739482768.3212476,-1,-25,-63
1739482768.3672476,-65,-39,76
1739482768.4132476,34,40,-165
1739482768.4582477,-5,111,-12
1739482768.5042477,-38,72,-7
1739482768.5502477,41,-116,-9
1739482768.5962474,3,-65,65
1739482768.6412475,-58,-66,16
1739482768.6872475,19,19,-131
1739482768.7332475,-21,-134,-42
1739482768.7782476,45,-2,27
1739482768.8242476,67,-82,-120
1739482768.8702476,10,24,-42
1739482768.9162476,-55,-47,-117
1739482768.9612474,31,-62,-3
1739482769.0072474,66,-6,44
1739482769.0532477,-119,105,-63
1739482769.0982475,75,-32,-79
1739482769.1442475,-62,-21,-88
1739482769.1902475,-56,51,25
1739482769.2362475,-11,-19,-33
1739482769.2812476,-10,-52,-81
1739482769.3272476,-82,-142,42
1739482769.3732476,15,61,-25
1739482769.4182477,46,-135,13
1739482769.4642477,-35,52,-22
1739482769.5102477,-10,-128,-93
1739482769.5562477,-36,-88,8
1739482769.6012475,8,-11,-85
1739482769.6472476,46,15,-59
1739482769.6932476,0,-92,-64
1739482769.7382476,58,61,52
1739482769.7842476,18,-52,-45
1739482769.8302476,38,-68,54
1739482769.8762476,1,-17,-108
1739482769.9212475,55,-70,-104
1739482769.9672475,-54,-26,-37
1739482770.0132475,-21,-2,-56
1739482770.0582476,-35,50,16
1739482770.1042476,-74,-28,-59
1739482770.1502476,6,-56,-10
1739482770.1962476,16,-59,-74
1739482770.2412477,-26,12,-75
1739482770.2872477,-103,-2,-26
1739482770.3332477,2,8,-123
1739482770.3782475,145,-96,-28
1739482770.4242475,22,-49,26
1739482770.4702475,-35,-52,0
1739482770.5152476,-95,-228,-63
1739482770.5612476,-36,-32,15
1739482770.6072476,-51,12,-52
1739482770.6532476,18,-16,-62
1739482770.6982474,22,75,-47
1739482770.7442474,84,-21,-27
1739482770.7902474,-20,-24,65
1739482770.8362474,-61,58,-72
1739482770.8812475,-19,12,-30
1739482770.9272475,111,-71,106
1739482770.9732475,25,-28,40
1739482771.0182476,-1,-35,10
1739482771.0642476,61,-69,-97
1739482771.1102476,-20,-6,-13
1739482771.1562476,-26,-123,-171
1739482771.2012477,-36,-50,-66
1739482771.2472477,-3,17,-30
1739482771.2932477,-48,24,-66
1739482771.3382475,33,-21,-184
1739482771.3842475,-12,-190,93
1739482771.4302475,-103,130,-29
1739482771.4762475,-17,-6,-67
1739482771.5212476,-67,-91,4
1739482771.5672476,13,5,-92
1739482771.6132476,55,29,-14
1739482771.6582477,0,-50,-84
1739482771.7042477,-32,-1,43
1739482771.7502477,10,5,-43
1739482771.7962475,-8,-75,73
1739482771.8412476,64,42,-65
1739482771.8872476,-62,-179,-82
1739482771.9332476,43,-36,-40
1739482771.9782476,-28,-5,-106
1739482772.0242476,38,-26,-14
1739482772.0702477,-18,-37,-34
1739482772.1162477,-59,5,12
1739482772.1612475,-81,-35,11
1739482772.2072475,-46,9,-40
1739482772.2532475,-147,-79,-24
1739482772.2982476,84,25,-8
1739482772.3442476,-40,-151,-21
1739482772.3902476,12,-112,15
1739482772.4362476,34,-18,-25
1739482772.4812477,-42,-73,-126
1739482772.5272477,27,-114,-49
1739482772.5732474,83,-43,-30
1739482772.6182475,0,-27,0
1739482772.6642475,23,27,-61
1739482772.7102475,-48,-62,-62
1739482772.7552476,-49,4,-35
1739482772.8012476,-1,-134,-103
1739482772.8472476,-47,-51,-60
1739482772.8932476,-44,-13,-68
1739482772.9382474,-18,-151,-31
1739482772.9842474,-65,37,-44
1739482773.0302474,-2,42,24
1739482773.0752475,91,-30,-59
1739482773.1212475,-47,-93,-5
1739482773.1672475,-30,-83,-24
1739482773.2132475,8,-6,31
1739482773.2582476,4,-34,-97
1739482773.3102477,-14,121,30
1739482773.3552475,-35,-5,27
1739482773.4012475,-3,-49,-161
1739482773.4472475,128,-96,-59
1739482773.4932475,26,-42,-13
1739482773.5382476,24,-70,-14
1739482773.5842476,-17,-29,-19
1739482773.6302476,-10,13,1
1739482773.6752477,59,8,-59
1739482773.7212474,11,-28,12
1739482773.7662475,65,-8,-185
1739482773.8112476,71,-68,-28
1739482773.8572476,108,36,5
1739482773.9032476,29,-90,46
1739482773.9492476,20,-46,-36
1739482773.9942474,51,-50,-11
1739482774.0402474,-25,-37,-74
1739482774.0862474,-13,-101,111
1739482774.1312475,53,-32,-78
1739482774.1772475,-139,55,-48
1739482774.2232475,-39,-129,-61
1739482774.2692475,-40,1,0
1739482774.3142476,31,-124,-105
1739482774.3602476,13,84,-185
1739482774.4062476,69,-44,-115
1739482774.4512477,0,-108,57
1739482774.4972477,39,-102,77
1739482774.5432477,-18,-39,-69
1739482774.5892477,33,-120,-130
1739482774.6342475,18,-28,-27
1739482774.6802475,82,-160,-34
1739482774.7262475,-57,37,-67
1739482774.7712476,6,-126,-47
1739482774.8172476,-12,-141,-22
1739482774.8632476,47,-112,-32
1739482774.9092476,25,41,-57
1739482774.9542477,-52,15,-29
1739482775.0002477,-13,44,-130
1739482775.0462475,71,14,45
1739482775.0912476,10,45,-67
1739482775.1372476,48,43,-92
1739482775.1832476,-9,21,74
1739482775.2292476,19,-16,-24
1739482775.2742476,47,40,8
1739482775.3202477,-18,137,62
1739482775.3662477,-2,-87,-78
1739482775.4112475,3,114,-8
1739482775.4572475,-73,33,51
1739482775.5032475,-26,-3,-162
1739482775.5492475,28,-15,84
1739482775.5942476,68,-73,17
1739482775.6402476,80,59,-46
1739482775.6862476,-39,-36,-51
1739482775.7312477,0,3,44
1739482775.7772477,-14,8,-57
1739482775.8232474,-65,40,-76
1739482775.8692474,-12,0,-127
1739482775.9142475,9,-5,-134
1739482775.9602475,52,-19,-32
1739482776.0062475,-107,-119,14
1739482776.0512476,28,54,-148
1739482776.0972476,-1,-3,-28
1739482776.1432476,14,-28,11
1739482776.1892476,91,9,-91
1739482776.2342474,77,-20,-164
1739482776.2802474,35,-110,-32
1739482776.3262477,47,-104,-45
1739482776.3712475,20,0,8
1739482776.4172475,-74,-75,-35
1739482776.4632475,-28,-130,-21
1739482776.5092475,-15,-33,-7
1739482776.5542476,19,-50,-34
1739482776.6002476,67,-94,60
1739482776.6462476,-34,-101,-34
1739482776.6912477,81,62,5
1739482776.7372477,-8,-50,-4
1739482776.7832477,13,14,-42
1739482776.8292477,-41,-39,40
1739482776.8742476,-45,2,-82
1739482776.9202476,62,73,1
1739482776.9662476,19,-12,-71
1739482777.0112476,0,-35,-91
1739482777.0572476,-32,3,-59
1739482777.1032476,30,54,-50
1739482777.1492476,67,-138,70
1739482777.1942475,-67,-91,-28
1739482777.2402475,-2,65,-25
1739482777.2862475,-5,-45,-63
1739482777.3312476,4,-60,0
1739482777.3772476,-38,-143,-38
1739482777.4232476,-15,-35,-71
1739482777.4692476,-62,-87,-62
1739482777.5142477,-54,-73,-45
1739482777.5602477,63,6,19
1739482777.6062477,26,-113,-42
1739482777.6512475,50,-30,12
1739482777.6972475,-33,29,-100
1739482777.7432475,-18,-17,62
1739482777.7892475,-23,-73,-33
1739482777.8342476,16,-8,3
1739482777.8802476,-22,-11,-28
1739482777.9262476,-8,86,-59
1739482777.9712474,-20,6,-152
1739482778.0172474,-34,22,-40
1739482778.0632474,92,93,-35
1739482778.1092474,-7,-60,-11
1739482778.1542475,71,-171,-45
1739482778.2002475,-6,24,88
1739482778.2462475,15,-27,-100
1739482778.2912476,10,7,-56
1739482778.3372476,-23,-89,-78
1739482778.3832476,-30,-1,-58
1739482778.4292476,-28,1,-77
1739482778.4742477,17,-54,-34
1739482778.5202477,-71,-89,23
1739482778.5662477,-35,39,-53
1739482778.6112475,-58,-3,-195
1739482778.6572475,-12,77,-150
1739482778.7032475,-63,-111,-51
1739482778.7492476,2,-6,-108
1739482778.7942476,-63,15,9
1739482778.8402476,64,-8,-57
1739482778.8862476,-108,-57,61
1739482778.9312477,-33,-75,-79
1739482778.9772477,54,-72,-96
1739482779.0232477,-24,63,-84
1739482779.0692475,2,-48,-55
1739482779.1142476,65,-60,-70
1739482779.1602476,34,-22,89
1739482779.2062476,-11,23,45
1739482779.2512476,32,-56,12
1739482779.2972476,32,-70,-60
1739482779.3432477,-34,-153,-102
1739482779.3892477,46,72,10
1739482779.4342475,-51,-31,27
1739482779.4802475,-46,-35,-10
1739482779.5262475,26,-80,46
1739482779.5712476,34,-12,-60
1739482779.6172476,-54,-37,-70
1739482779.6632476,-77,-34,25
1739482779.7092476,-24,-74,5
1739482779.7542477,54,-16,-136
1739482779.8002477,-57,-23,25
1739482779.8462474,3,-130,-38
1739482779.8912475,-24,-139,-58
1739482779.9372475,49,-86,-107
1739482779.9832475,38,-137,55
1739482780.0292475,33,87,65
1739482780.0742476,15,-100,-64
1739482780.1202476,-99,0,-69
1739482780.1662476,-72,-104,-23
1739482780.2112474,25,-13,-164
1739482780.2572474,2,-47,-3
1739482780.3032477,-9,22,-64
1739482780.3492477,1,-58,112
1739482780.3942475,19,-65,-36
1739482780.4402475,-10,37,-102
1739482780.4862475,52,62,-99
1739482780.5312476,5,-48,54
1739482780.5772476,2,-17,-29
1739482780.6232476,62,-52,25
1739482780.6692476,0,-7,-76
1739482780.7142477,-19,3,44
1739482780.7602477,-43,-71,-94
1739482780.8062477,-4,-53,19
1739482780.8512475,26,42,-31
1739482780.8972476,-90,-29,-80
1739482780.9432476,-28,71,30
1739482780.9892476,-8,-19,-58
1739482781.0342476,16,34,10
1739482781.0802476,28,-96,54
1739482781.1262476,17,-29,13
1739482781.1712475,47,48,-146
1739482781.2172475,52,30,-37
1739482781.2632475,-34,-65,-64
1739482781.3092475,66,-33,-31
1739482781.3542476,-60,-65,48
1739482781.4002476,-16,-77,-49
1739482781.4462476,-21,-144,59
1739482781.4912477,-19,-70,-125
1739482781.5372477,51,-55,-58
1739482781.5832477,-87,-122,23
1739482781.6292477,-63,50,17
1739482781.6742475,44,-79,-17
1739482781.7202475,21,-33,-10
1739482781.7662475,27,77,-63
1739482781.8112476,41,71,4
1739482781.8572476,-50,-114,-25
1739482781.9032476,-53,119,-24
1739482781.9492476,-22,-75,-50
1739482781.9942474,-77,-77,33
1739482782.0402474,-35,-205,-40
1739482782.0862474,87,-20,37
1739482782.1312475,-39,-41,-87
1739482782.1772475,-97,-83,-120
1739482782.2232475,-7,-3,-91
1739482782.2692475,24,-78,-74
1739482782.3142476,36,-68,62
1739482782.3602476,9,-12,0
1739482782.4062476,25,24,-116
1739482782.4512477,-15,-49,-20
1739482782.4972477,50,98,25
1739482782.5432477,79,-47,-38
1739482782.5892477,-54,-38,-114
1739482782.6342475,-5,-51,0
1739482782.6802475,-9,-13,18
1739482782.7262475,-28,2,18
1739482782.7712476,-83,0,-47
1739482782.8172476,40,-55,0
1739482782.8632476,2,127,-11
1739482782.9092476,0,-12,-34
1739482782.9542477,33,-37,-140
1739482783.0002477,-42,-28,-120
1739482783.0462475,-16,-136,-57
1739482783.0912476,72,-63,65
1739482783.1372476,-58,-83,-1
1739482783.1832476,-42,-4,-112
1739482783.2292476,25,-54,87
1739482783.2802474,-32,-110,-38
1739482783.3262477,49,23,35
1739482783.3712475,6,-51,-35
1739482783.4172475,18,-73,-24
1739482783.4632475,-12,-132,-75
1739482783.5092475,-40,-34,4
1739482783.5542476,52,-88,20
1739482783.6002476,18,-80,-111
1739482783.6462476,-26,-19,-42
1739482783.6912477,-10,-123,49
1739482783.7372477,-7,-25,-87
1739482783.7832477,1,29,-13
1739482783.8292477,36,-13,42
1739482783.8742476,-28,-164,5
1739482783.9202476,-50,16,-39
1739482783.9662476,50,57,-15
1739482784.0112476,-77,66,2
1739482784.0572476,-47,-26,21
1739482784.1032476,26,-119,0
1739482784.1492476,17,0,-57
1739482784.1942475,-24,-90,47
1739482784.2402475,-3,43,-106
1739482784.2862475,23,27,-13
1739482784.3312476,5,-27,-28
1739482784.3772476,48,-64,-59
1739482784.4232476,12,-28,-40
1739482784.4692476,-41,-53,-165
1739482784.5142477,31,16,-58
1739482784.5602477,94,-52,119
1739482784.6062477,-14,0,-17
1739482784.6512475,56,2,-14
1739482784.6972475,30,-120,-40
1739482784.7432475,-10,123,-200
1739482784.7892475,-40,21,72
1739482784.8342476,-11,-52,-90
1739482784.8802476,48,-23,-114
1739482784.9262476,14,-8,84
1739482784.9712474,45,51,-7
1739482785.0172474,-19,51,85
1739482785.0632474,-26,-7,-54
1739482785.1092474,0,30,-106
1739482785.1542475,89,-137,53
1739482785.2002475,4,41,-45
1739482785.2462475,-47,-2,-22
1739482785.2912476,-36,10,-46
1739482785.3372476,-11,10,-90
1739482785.3832476,42,-88,11
1739482785.4292476,61,4,-64
1739482785.4742477,26,18,-5
1739482785.5202477,-11,-137,-106
1739482785.5662477,40,-106,-20
1739482785.6112475,19,-38,26
1739482785.6572475,38,-23,-2
1739482785.7032475,-32,-108,20
1739482785.7492476,20,-52,-17
1739482785.7942476,-14,-1,-110
1739482785.8402476,65,-36,17
1739482785.8862476,53,-26,2
1739482785.9312477,-4,-71,0
1739482785.9772477,37,-23,-166
1739482786.0232477,90,-117,-52
1739482786.0692475,-40,116,42
1739482786.1142476,-36,70,20
1739482786.1602476,81,35,-115
1739482786.2062476,-12,130,-60
1739482786.2512476,5,-18,135
1739482786.2972476,-36,-14,4
1739482786.3432477,-11,2,-101
1739482786.3892477,41,-89,-89
1739482786.4342475,-52,24,-37
1739482786.4802475,75,10,-67
1739482786.5262475,-28,-21,-99
1739482786.5712476,43,-55,7
1739482786.6172476,30,-53,12
1739482786.6632476,-24,-150,-35
1739482786.7092476,19,-55,-169
1739482786.7542477,-105,-164,-46
1739482786.8002477,-70,46,-53
1739482786.8462474,0,-114,-102
1739482786.8912475,-18,-96,-5
1739482786.9372475,9,51,28
1739482786.9832475,-32,-104,14
1739482787.0292475,-6,-55,-96
1739482787.0742476,9,-64,0
1739482787.1202476,25,-88,-122
1739482787.1662476,-25,-31,-4
1739482787.2112474,129,74,-94
1739482787.2572474,-56,-1,-75
1739482787.3032477,-72,-101,-13
1739482787.3492477,16,-142,-77
1739482787.3942475,-72,29,-66
1739482787.4402475,30,-163,-34
1739482787.4862475,-10,49,-109
1739482787.5312476,81,45,10
1739482787.5772476,27,-19,-22
1739482787.6232476,-51,106,6
1739482787.6692476,15,-66,-41
1739482787.7142477,25,43,-46
1739482787.7602477,-4,-49,35
1739482787.8062477,26,-101,-54
1739482787.8512475,8,-49,-37
1739482787.8972476,-32,-30,-114
1739482787.9432476,38,-57,6
1739482787.9892476,98,23,-42
1739482788.0342476,20,-47,26
1739482788.0802476,46,-124,-23
1739482788.1262476,12,-30,7
1739482788.1712475,-16,-48,32
1739482788.2172475,4,-120,-82
1739482788.2632475,-28,-114,10
1739482788.3092475,-67,-174,-123
1739482788.3542476,-7,-92,5
1739482788.4002476,124,-61,-60
1739482788.4462476,-3,-83,-11
1739482788.4912477,-17,-75,22
1739482788.5372477,-6,-23,64
1739482788.5832477,39,-9,5
1739482788.6292477,-9,-79,-94
1739482788.6742475,87,84,75
1739482788.7202475,8,0,15
1739482788.7662475,26,-32,-127
1739482788.8112476,31,-30,-16
1739482788.8572476,-26,-71,-95
1739482788.9032476,-2,83,-131
1739482788.9492476,-43,-179,-23
1739482788.9942474,-65,-91,-94
1739482789.0402474,36,16,24
1739482789.0862474,-17,-32,-96
1739482789.1312475,-20,61,25
1739482789.1772475,-24,-18,40
1739482789.2232475,-26,-51,17
1739482789.2692475,30,-93,-68
1739482789.3142476,4,-105,25
1739482789.3602476,93,-76,-112
1739482789.4062476,46,-94,-66
1739482789.4512477,8,-34,-108
1739482789.4972477,1,3,-21
1739482789.5432477,-22,27,-48
1739482789.5892477,-9,-4,-49
1739482789.6342475,64,33,10
1739482789.6802475,-29,4,-37
1739482789.7262475,-21,6,-74
1739482789.7712476,53,-81,34
1739482789.8172476,36,54,-26
1739482789.8632476,2,-97,13
1739482789.9092476,31,24,-28
1739482789.9542477,-42,59,-110
1739482790.0002477,-14,-39,-82
1739482790.0462475,-71,13,-187
1739482790.0912476,12,58,26
1739482790.1372476,35,58,-99
1739482790.1832476,22,58,88
1739482790.2292476,-36,-11,-90
1739482790.2742476,-38,-1,-9
1739482790.3202477,-54,51,-70
1739482790.3662477,21,-18,-21
1739482790.4112475,-13,105,-47
1739482790.4572475,-16,-35,-172
1739482790.5032475,19,-42,5
1739482790.5492475,-75,-105,45
1739482790.5942476,41,-130,-8
1739482790.6402476,-9,33,-10
1739482790.6862476,-45,-27,-65
1739482790.7312477,-27,-31,-131
1739482790.7772477,-37,-15,33
1739482790.8232474,0,61,4
1739482790.8692474,-58,-121,15
1739482790.9142475,-14,0,-10
1739482790.9602475,-64,-52,-35
1739482791.0062475,-10,-93,-96
1739482791.0512476,-62,-64,-17
1739482791.0972476,19,-53,18
1739482791.1432476,-8,24,-21
1739482791.1892476,62,3,25
1739482791.2342474,-23,-34,-45
1739482791.2802474,40,65,-73
1739482791.3262477,-7,-142,-35
1739482791.3712475,-22,87,-65
1739482791.4172475,-39,13,-21
1739482791.4632475,-15,-18,-82
1739482791.5092475,34,-52,-2
1739482791.5542476,-45,-42,-47
1739482791.6002476,-26,119,-34
1739482791.6462476,70,-92,-87
1739482791.6912477,-74,-71,-123
1739482791.7372477,10,42,-85
1739482791.7832477,-113,-55,40
1739482791.8292477,-51,42,-42
1739482791.8742476,-36,-30,-123
1739482791.9202476,-37,-59,35
1739482791.9662476,30,-35,0
1739482792.0112476,9,-41,-82
1739482792.0572476,52,53,0
1739482792.1032476,69,-55,-20
1739482792.1492476,7,-102,-67
1739482792.1942475,31,-75,-95
1739482792.2402475,-14,60,-113
1739482792.2862475,91,-119,-126
1739482792.3312476,21,-46,-44
1739482792.3772476,-56,6,36
1739482792.4232476,-6,-34,-86
1739482792.4692476,33,-51,40
1739482792.5142477,56,-75,20
1739482792.5602477,35,-118,-2
1739482792.6062477,-75,35,-77
1739482792.6512475,-14,-123,-117
1739482792.6972475,-53,33,-38
1739482792.7432475,-14,-95,67
1739482792.7892475,-8,-14,-12
1739482792.8342476,40,17,-65
1739482792.8802476,-70,-28,0
1739482792.9262476,48,31,61
1739482792.9712474,-74,36,-91
1739482793.0172474,57,235,-44
1739482793.0632474,-9,6,38
1739482793.1092474,-22,-30,-24
1739482793.1542475,-18,21,18
1739482793.2002475,-26,0,49
1739482793.2462475,-10,-57,43
1739482793.2972476,1,-23,-71
1739482793.3432477,92,-79,-26
1739482793.3892477,-79,-96,52
1739482793.4342475,-6,-98,-64
1739482793.4802475,-33,-12,-57
1739482793.5262475,-81,-6,-5
1739482793.5712476,45,-44,-45
1739482793.6172476,56,-36,21
1739482793.6632476,-6,17,-150
1739482793.7092476,60,34,-16
1739482793.7542477,-16,-57,-22
1739482793.8002477,25,-46,-31
1739482793.8462474,-27,-47,4
1739482793.8912475,29,70,-10
1739482793.9372475,-49,-19,-92
1739482793.9832475,-105,-116,-52
1739482794.0292475,107,-59,5
1739482794.0742476,1,10,126
1739482794.1202476,36,33,-49
1739482794.1662476,-11,-104,-80
1739482794.2112474,31,-113,-62
1739482794.2572474,56,4,-65
1739482794.3032477,24,62,-16
1739482794.3492477,-16,-3,-92
1739482794.3942475,59,8,-54
1739482794.4402475,39,-38,-61
1739482794.4862475,-45,31,-69
1739482794.5312476,-4,-47,-4
1739482794.5772476,13,-21,-48
1739482794.6232476,-72,-18,-11
1739482794.6692476,-31,-95,14
1739482794.7142477,-36,87,99
1739482794.7602477,-19,-73,66
1739482794.8062477,-20,-115,27
1739482794.8512475,13,-20,-17
1739482794.8972476,-13,-30,15
1739482794.9432476,-62,35,-123
1739482794.9892476,61,-56,-123
1739482795.0342476,-3,-92,52
1739482795.0802476,-34,-171,-86
1739482795.1262476,-33,-23,49
1739482795.1712475,-2,-95,-62
1739482795.2172475,12,30,-82
1739482795.2632475,-32,-39,-51
1739482795.3092475,47,-8,57
1739482795.3542476,109,0,27
1739482795.4002476,-5,-42,70
1739482795.4462476,83,-27,111
1739482795.4912477,-32,52,-41
1739482795.5372477,-54,-74,-53
1739482795.5832477,-24,-60,11
1739482795.6292477,34,-13,-43
1739482795.6742475,9,-103,87
1739482795.7202475,-15,16,-12
1739482795.7662475,-42,-99,-19
1739482795.8112476,-47,79,-79
1739482795.8572476,-11,20,-24
1739482795.9032476,37,34,-59
1739482795.9492476,-21,65,39
1739482795.9942474,-47,41,-72
1739482796.0402474,21,-52,66
1739482796.0862474,69,-122,-119
1739482796.1312475,24,-40,-35
1739482796.1772475,56,-68,-135
1739482796.2232475,28,-86,-101
1739482796.2692475,89,72,-54
1739482796.3142476,24,51,-38
1739482796.3602476,-21,36,47
1739482796.4062476,-67,-148,0
1739482796.4512477,15,-18,18
1739482796.4972477,-44,-39,-62
1739482796.5432477,-19,-29,-36
1739482796.5892477,-48,-49,-126
1739482796.6342475,-14,-95,-184
1739482796.6802475,68,-63,57
1739482796.7262475,1,-73,-130
1739482796.7712476,-4,-78,-14
1739482796.8172476,28,40,-48
1739482796.8632476,4,-36,-45
1739482796.9092476,-13,-51,1
1739482796.9542477,-12,-61,-8
1739482797.0002477,27,30,31
1739482797.0462475,-90,-91,25
1739482797.0912476,80,-142,-62
1739482797.1372476,49,-47,-52
1739482797.1832476,35,-29,54
1739482797.2292476,-4,-76,21
1739482797.2742476,22,-88,-19
1739482797.3202477,20,-86,-51
1739482797.3662477,-40,-147,2
1739482797.4112475,-31,-71,-67
1739482797.4572475,-5,-23,-165
1739482797.5032475,-1,-30,104
1739482797.5492475,66,-60,-122
1739482797.5942476,-30,-61,71
1739482797.6402476,-15,-83,-34
1739482797.6862476,-40,-43,96
1739482797.7312477,-20,-17,-24
1739482797.7772477,-41,-83,-88
1739482797.8232474,-1,-82,-83
1739482797.8692474,0,58,-19
1739482797.9142475,7,78,-126
1739482797.9602475,22,-17,-33
1739482798.0062475,-38,-39,-49
1739482798.0512476,-36,2,-49
1739482798.0972476,-14,-80,-95
1739482798.1432476,14,-6,5
1739482798.1892476,39,63,44
1739482798.2342474,48,-55,-61
1739482798.2802474,-28,-188,-55
1739482798.3262477,-71,-28,-25
1739482798.3712475,47,-59,-41
1739482798.4172475,-30,14,21
1739482798.4632475,37,55,106
1739482798.5092475,93,-91,-45
1739482798.5542476,31,-3,-36
1739482798.6002476,-40,-84,41
1739482798.6462476,-134,0,-111
1739482798.6912477,16,-25,0
1739482798.7372477,-19,4,-92
1739482798.7832477,-43,-108,31
1739482798.8292477,-86,56,-3
1739482798.8742476,6,-5,16
1739482798.9202476,-23,-76,-20
1739482798.9662476,-6,-30,21
1739482799.0112476,9,-113,49
1739482799.0572476,7,0,-51
1739482799.1032476,-29,-162,-11
1739482799.1492476,-73,26,71
1739482799.1942475,38,-17,20
1739482799.2402475,-78,8,-6
1739482799.2862475,-62,-76,-50
1739482799.3312476,-101,20,22
1739482799.3762476,107,-87,-143
1739482799.4222476,65,-41,-11
1739482799.4672475,-17,-30,-76
1739482799.5132475,16,-31,-63
1739482799.5592475,-85,-63,-110
1739482799.6052475,-61,-3,-114
1739482799.6502476,-72,3,-7
1739482799.6962476,35,-88,-24
1739482799.7422476,19,-52,67
1739482799.7872477,-37,17,9
1739482799.8332477,31,40,-42
1739482799.8792477,103,-9,0
1739482799.9252477,-42,6,11
1739482799.9702475,19,-30,38
1739482800.0162475,14,26,-11
1739482800.0622475,63,-124,-115
1739482800.1072476,-34,1,54
1739482800.1532476,-27,65,15
1739482800.1992476,5,2,-88
1739482800.2452476,-32,-89,13
1739482800.2902474,-60,17,-34
1739482800.3362474,43,-25,-51
1739482800.3822474,-10,-69,-50
1739482800.4272475,-13,-60,-122
1739482800.4732475,-10,8,-57
1739482800.5192475,-72,47,-86
1739482800.5652475,-101,-37,-134
1739482800.6102476,-56,-37,-1
1739482800.6562476,-89,-3,108
1739482800.7022476,88,71,13
1739482800.7472477,56,-27,-32
1739482800.7932477,-47,-52,-82
1739482800.8392477,20,-105,-32
1739482800.8852477,-52,12,-60
1739482800.9302475,-83,54,37
1739482800.9762475,-18,-112,-44
1739482801.0222476,-2,-18,-83
1739482801.0672476,51,-43,-10
1739482801.1132476,-3,-28,-63
1739482801.1592476,15,-21,-149
1739482801.2052476,-5,0,-85
1739482801.2502477,32,87,69
1739482801.2962475,80,0,36
1739482801.3422475,22,91,-96
1739482801.3872476,-7,8,-78
1739482801.4332476,-39,72,-101
1739482801.4792476,26,43,-60
1739482801.5252476,53,-10,-78
1739482801.5702477,47,-6,-55
1739482801.6162477,14,-52,35
1739482801.6622477,-59,-55,0
1739482801.7072475,38,-22,4
1739482801.7532475,36,50,6
1739482801.7992475,3,-64,-28
1739482801.8452475,-55,-45,-12
1739482801.8902476,-54,-11,-97
1739482801.9362476,-19,-1,-24
1739482801.9822476,27,-92,-78
1739482802.0272477,-17,-23,-73
1739482802.0732474,-10,-16,-97
1739482802.1192474,27,15,-88
1739482802.1652474,47,115,67
1739482802.2102475,-5,-156,22
1739482802.2562475,-44,-76,-63
1739482802.3022475,53,-23,-36
1739482802.3472476,-16,-12,-3
1739482802.3932476,70,-43,105
1739482802.4392476,42,-97,2
1739482802.4852476,8,-17,-3
1739482802.5302474,9,28,-102
1739482802.5762477,-50,-51,-28
1739482802.6222477,35,-78,-90
1739482802.6672475,-5,135,-53
1739482802.7132475,16,-8,37
1739482802.7592475,-47,-190,-52
1739482802.8052475,-57,-109,82
1739482802.8502476,-59,-71,8
1739482802.8962476,5,-96,-63
1739482802.9422476,0,-102,-23
1739482802.9872477,20,-23,-22
1739482803.0332477,-26,26,25
1739482803.0792477,20,-101,-34
1739482803.1252477,-49,-68,-4
1739482803.1702476,-17,-36,-15
1739482803.2162476,24,49,0
1739482803.2622476,-48,-36,0
1739482803.3132474,77,-65,-71
1739482803.3592474,-56,52,-105
1739482803.4052474,-14,-92,-123
1739482803.4502475,24,-81,-70
1739482803.4962475,-64,1,-97
1739482803.5422475,-16,7,-74
1739482803.5872476,5,-154,111
1739482803.6332476,48,34,-90
1739482803.6792476,9,8,-33
1739482803.7252476,-63,-57,-85
1739482803.7702477,0,-42,53
1739482803.8162477,15,-103,26
1739482803.8622477,17,17,-10
1739482803.9072475,-15,-44,-156
1739482803.9532475,28,-1,-52
1739482803.9992476,-25,-110,-189
1739482804.0452476,69,51,-33
1739482804.0902476,-25,-36,-81
1739482804.1362476,-76,-14,15
1739482804.1822476,-39,13,-74
1739482804.2272477,-20,-149,13
1739482804.2732477,77,-36,-6
1739482804.3192475,-11,61,-27
1739482804.3652475,14,75,-63
1739482804.4102476,62,-49,6
1739482804.4562476,34,-20,-45
1739482804.5022476,54,-44,-66
1739482804.5472476,66,18,11
1739482804.5932477,99,-148,17
1739482804.6392477,35,8,-74
1739482804.6852477,-29,-109,-85
1739482804.7302475,-17,-211,-8
1739482804.7762475,74,-140,-19
1739482804.8222475,58,-14,-115
1739482804.8672476,-47,5,12
1739482804.9132476,0,-8,115
1739482804.9592476,29,-39,4
1739482805.0042477,-49,-34,-27
1739482805.0502477,-20,37,13
1739482805.0962474,17,-1,-73
1739482805.1422474,0,-44,-75
1739482805.1872475,-29,-50,43
1739482805.2322476,17,-68,-41
1739482805.2782476,8,-38,-55
1739482805.3232474,127,-174,-104
1739482805.3692474,-21,-45,0
1739482805.4152474,9,-38,35
1739482805.4602475,-10,49,-203
1739482805.5062475,44,-142,-52
1739482805.5522475,44,-150,-104
1739482805.5982475,-32,17,-80
1739482805.6432476,62,66,-142
1739482805.6892476,-33,93,-35
1739482805.7352476,-60,-11,-44
1739482805.7802474,-14,-103,100
1739482805.8262477,-55,51,46
1739482805.8722477,-44,7,-55
1739482805.9182477,-21,29,-34
1739482805.9632475,-70,-49,-119
1739482806.0092475,39,-50,-19
1739482806.0552475,-1,-32,-21
1739482806.1002476,29,29,-86
1739482806.1462476,28,63,-40
1739482806.1922476,8,-100,-38
1739482806.2382476,30,-69,-108
1739482806.2832477,-56,-48,-38
1739482806.3292477,30,-129,-96
1739482806.3752477,-82,-22,-7
1739482806.4202476,-40,-34,94
1739482806.4662476,20,-95,-41
1739482806.5122476,-85,-46,-14
1739482806.5582476,-32,106,-58
1739482806.6032476,-16,12,21
1739482806.6492476,-59,27,49
1739482806.6952477,59,-174,9
1739482806.7402475,27,-26,-132
1739482806.7862475,43,-109,24
1739482806.8322475,61,-155,42
1739482806.8782475,-80,-122,-60
1739482806.9232476,75,81,125
1739482806.9692476,-50,-64,-148
1739482807.0152476,-41,-118,3
1739482807.0602477,14,-27,-163
1739482807.1062477,91,57,-120
1739482807.1522477,-48,-78,22
1739482807.1982474,-13,-87,-112
1739482807.2432475,57,-70,-50
1739482807.2892475,65,48,21
1739482807.3352475,9,-26,17
1739482807.3802476,18,-98,-73
1739482807.4262476,-30,-47,77
1739482807.4722476,17,-66,56
1739482807.5182476,-62,-31,25
1739482807.5632474,-50,-19,29
1739482807.6092474,106,-16,-36
1739482807.6552474,18,-26,-109
1739482807.7002475,-18,43,7
1739482807.7462475,18,-92,-75
1739482807.7922475,-83,93,113
1739482807.8382475,-50,-143,-174
1739482807.8832476,86,-100,-193
1739482807.9292476,0,-116,34
1739482807.9752476,-55,-119,-24
1739482808.0202477,-8,-39,-86
1739482808.0662477,59,-25,-104
1739482808.1122477,-4,-106,-83
1739482808.1582477,-7,94,-9
1739482808.2032475,-36,2,-17
1739482808.2492476,23,-79,-44
1739482808.2952476,-33,-157,-24
1739482808.3402476,43,42,106
1739482808.3862476,81,-40,-60
1739482808.4322476,-19,-75,128
1739482808.4782476,-54,-55,-16
1739482808.5232477,-4,73,10
1739482808.5692475,83,-88,-26
1739482808.6152475,-27,-35,-96
1739482808.6602476,11,-100,16
1739482808.7062476,-20,93,-13
1739482808.7522476,56,-34,26
1739482808.7982476,-64,-13,123
1739482808.8432477,8,-102,69
1739482808.8892477,-66,-43,-85
1739482808.9352477,-39,11,-39
1739482808.9802475,-84,-21,-20
1739482809.0262475,59,-126,64
1739482809.0722475,18,2,35
1739482809.1182475,16,30,-47
1739482809.1632476,-60,-53,-6
1739482809.2092476,84,-44,-2
1739482809.2552476,-21,-95,-10
1739482809.3002477,18,-52,-145
1739482809.3462474,-12,55,-32
1739482809.3922474,61,-42,-9
1739482809.4382474,39,0,-104
1739482809.4832475,-6,1,58
1739482809.5292475,9,-180,-68
1739482809.5752475,52,-49,120
1739482809.6202476,-104,-11,28
1739482809.6662476,56,-186,-61
1739482809.7122476,44,-92,13
1739482809.7582476,32,-112,-48
1739482809.8032477,41,-39,-54
1739482809.8492477,-12,-98,0
1739482809.8952477,7,-72,-73
1739482809.9402475,15,-38,-92
1739482809.9862475,32,-31,-65
1739482810.0322475,-57,42,-58
1739482810.0782475,-26,7,-80
1739482810.1232476,86,-38,-52
1739482810.1692476,-57,-131,-72
1739482810.2152476,-31,3,29
1739482810.2602477,20,-46,-128
1739482810.3062477,-15,-66,56
1739482810.3522477,48,-86,-28
1739482810.3982477,-17,-56,61
1739482810.4432476,-36,-70,-70
1739482810.4892476,-14,-96,19
1739482810.5352476,-6,-38,14
1739482810.5802476,84,78,77
1739482810.6262476,28,-76,-160
1739482810.6722476,-4,-154,-9
1739482810.7182477,25,-42,-2
1739482810.7632475,-15,59,88
1739482810.8092475,7,-36,7
1739482810.8552475,-30,21,-15
1739482810.9002476,12,-30,41
1739482810.9462476,-58,11,0
1739482810.9922476,-21,-15,-51
1739482811.0382476,44,36,95
1739482811.0832477,55,-2,7
1739482811.1292477,39,-88,64
1739482811.1752477,63,2,-99
1739482811.2202475,-34,-98,-76
1739482811.2662475,0,14,124
1739482811.3122475,-44,78,0
1739482811.3582475,77,-59,-47
1739482811.4032476,-24,54,-32
1739482811.4492476,-33,-96,-181
1739482811.4952476,-84,4,-13
1739482811.5402474,36,-47,19
1739482811.5862474,41,-103,13
1739482811.6322474,24,14,-42
1739482811.6782477,-15,8,-34
1739482811.7232475,0,-104,37
1739482811.7692475,113,-33,-45
1739482811.8152475,30,-59,-98
1739482811.8602476,-19,-31,45
1739482811.9062476,32,-37,19
1739482811.9522476,24,25,-32
1739482811.9982476,0,47,-70
1739482812.0432477,27,55,-94
1739482812.0892477,60,-105,-148
1739482812.1352477,-82,-44,-67
1739482812.1802475,23,-43,-68
1739482812.2262475,133,10,-25
1739482812.2722476,-56,-53,-70
1739482812.3182476,-8,-37,60
1739482812.3632476,-53,73,-51
1739482812.4092476,-41,-15,-94
1739482812.4552476,-6,0,19
1739482812.5002477,35,152,-89
1739482812.5462475,-25,29,36
1739482812.5922475,5,-168,-66
1739482812.6382475,-61,19,-80
1739482812.6832476,-14,-53,-76
1739482812.7292476,-21,-35,-8
1739482812.7752476,0,-74,-19
1739482812.8202477,29,-30,0
1739482812.8662477,20,-8,-66
1739482812.9122477,0,-59,-13
1739482812.9582477,10,-87,-49
1739482813.0032475,44,68,-32
1739482813.0492475,58,-25,-39
1739482813.0952475,39,-49,-46
1739482813.1402476,30,-51,77
1739482813.1862476,40,-17,8
1739482813.2322476,26,54,-95
1739482813.2782476,58,2,-87
1739482813.3292477,13,-56,70
1739482813.3752477,-65,-11,6
1739482813.4202476,59,-114,-62
1739482813.4662476,-13,-31,37
1739482813.5122476,-67,-33,-44
1739482813.5582476,41,-176,-129
1739482813.6032476,-21,-25,28
1739482813.6492476,66,-60,-30
1739482813.6952477,91,-162,38
1739482813.7402475,25,-60,31
1739482813.7862475,-43,43,9
1739482813.8322475,13,98,-69
1739482813.8782475,3,-56,-75
1739482813.9232476,17,-140,-92
1739482813.9692476,110,38,-12
1739482814.0152476,-39,-39,-63
1739482814.0602477,-2,-4,23
1739482814.1062477,-9,37,30
1739482814.1522477,91,-15,-34
1739482814.1982474,62,39,-50
1739482814.2432475,-64,-36,-181
1739482814.2892475,-50,-80,-93
1739482814.3352475,66,-129,84
1739482814.3802476,20,-95,-1
1739482814.4262476,-23,-60,-61
1739482814.4722476,-70,-50,-89
1739482814.5182476,-40,-60,71
1739482814.5632474,44,-135,30
1739482814.6092474,20,-9,4
1739482814.6552474,148,42,32
1739482814.7002475,-32,51,-36
1739482814.7462475,-60,92,-37
1739482814.7922475,31,-57,-13
1739482814.8382475,-41,-60,50
1739482814.8832476,50,49,48
1739482814.9292476,31,-98,-21
1739482814.9752476,41,-54,-4
1739482815.0202477,41,-38,-45
1739482815.0662477,7,-66,-4
1739482815.1122477,64,-118,-132
1739482815.1582477,66,-54,-74
1739482815.2032475,113,-136,114
1739482815.2492476,17,-102,-73
1739482815.2952476,12,-19,-99
1739482815.3402476,-74,-102,-9
1739482815.3862476,-72,-132,-80
1739482815.4322476,-27,-166,-55
1739482815.4782476,20,29,-204
1739482815.5232477,-51,-60,80
1739482815.5692475,-8,-46,10
1739482815.6152475,-16,-48,-49
1739482815.6602476,0,92,22
1739482815.7062476,-7,-72,52
1739482815.7522476,12,50,-33
1739482815.7982476,-31,-114,-71
1739482815.8432477,-81,-40,-68
1739482815.8892477,-104,-36,-171
1739482815.9352477,69,52,-82
1739482815.9802475,42,33,22
1739482816.0262475,92,-64,-71
1739482816.0722475,-39,-49,-80
1739482816.1182475,32,-30,-208
1739482816.1632476,44,-110,83
1739482816.2092476,-21,-81,-66
1739482816.2552476,60,84,-6
1739482816.3002477,82,6,-49
1739482816.3462474,10,0,-62
1739482816.3922474,-42,-33,-19
1739482816.4382474,-81,-89,-28
1739482816.4832475,-41,-39,16
1739482816.5292475,2,-149,-82
1739482816.5752475,4,-40,35
1739482816.6202476,-5,-39,-34
1739482816.6662476,-42,17,-98
1739482816.7122476,-25,-49,9
1739482816.7582476,-16,-101,-69
1739482816.8032477,44,0,33
1739482816.8492477,-63,-5,-58
1739482816.8952477,29,-30,-10
1739482816.9402475,-9,10,-26
1739482816.9862475,-11,109,22
1739482817.0322475,-26,-6,-76
1739482817.0782475,62,-47,0
1739482817.1232476,-43,16,-14
1739482817.1692476,58,-73,-111
1739482817.2152476,12,-40,1
1739482817.2602477,-20,-50,49
1739482817.3062477,-8,-33,-48
1739482817.3522477,21,0,-52
1739482817.3982477,-32,9,-10
1739482817.4432476,-18,-55,-33
1739482817.4892476,33,-140,-16
1739482817.5352476,-116,-155,-19
1739482817.5802476,-22,-73,-75
1739482817.6262476,65,44,-92
1739482817.6722476,7,17,15
1739482817.7182477,1,-73,22
1739482817.7632475,-40,-1,56
1739482817.8092475,-21,-23,17
1739482817.8552475,-30,-22,143
1739482817.9002476,23,-52,-119
1739482817.9462476,-53,-8,-42
1739482817.9922476,-37,-30,22
1739482818.0382476,72,-103,-73
1739482818.0832477,54,77,-96
1739482818.1292477,49,94,-184
1739482818.1752477,-61,-25,-55
1739482818.2202475,9,-14,-95
1739482818.2662475,13,25,-116
1739482818.3122475,16,14,-50
1739482818.3582475,-20,-126,59
1739482818.4032476,-8,-78,14
1739482818.4492476,-30,105,-31
1739482818.4952476,6,-41,154
1739482818.5402474,55,-92,-5
1739482818.5862474,48,-44,-54
1739482818.6322474,7,-154,30
1739482818.6782477,-53,-133,-17
1739482818.7232475,0,-38,-42
1739482818.7692475,35,-60,-146
1739482818.8152475,11,-4,1
1739482818.8602476,26,-22,103
1739482818.9062476,83,-128,27
1739482818.9522476,-36,29,-62
1739482818.9982476,-36,-24,-46
1739482819.0432477,18,-45,28
1739482819.0892477,-84,-126,-12
1739482819.1352477,-3,-39,-88
1739482819.1802475,36,-26,-91
1739482819.2262475,-52,11,-46
1739482819.2722476,-43,50,32
1739482819.3182476,-16,93,18
1739482819.3632476,-2,-64,-63
1739482819.4092476,-2,-1,-116
1739482819.4552476,16,4,23
1739482819.5002477,-7,39,-84
1739482819.5462475,62,-60,-121
1739482819.5922475,65,-152,-66
1739482819.6382475,58,-12,-21
1739482819.6832476,-93,-97,-60
1739482819.7292476,-10,-17,14
1739482819.7752476,109,-79,-211
1739482819.8202477,26,-130,-140
1739482819.8662477,-35,88,-2
1739482819.9122477,32,-5,22
1739482819.9582477,92,-43,-53
1739482820.0032475,53,-27,-75
1739482820.0492475,26,81,20
1739482820.0952475,45,95,-44
1739482820.1402476,0,-2,-29
1739482820.1862476,-47,-9,22
1739482820.2322476,102,-36,-80
1739482820.2782476,-9,37,15
1739482820.3232474,40,-104,-80
1739482820.3692474,-23,9,-120
1739482820.4152474,-38,-9,-77
1739482820.4602475,29,-8,-23
1739482820.5062475,-37,79,-43
1739482820.5522475,14,-28,-80
1739482820.5982475,65,-79,18
1739482820.6432476,-109,-14,-40
1739482820.6892476,88,-23,-18
1739482820.7352476,-18,-46,-90
1739482820.7802474,-14,-44,-91
1739482820.8262477,-3,76,-44
1739482820.8722477,-42,-28,-4
1739482820.9182477,-50,-28,-29
1739482820.9632475,88,21,-14
1739482821.0092475,9,69,55
1739482821.0552475,-17,78,-8
1739482821.1002476,-3,-14,12
1739482821.1462476,84,-40,-133
1739482821.1922476,-72,43,0
1739482821.2382476,84,-29,-155
1739482821.2832477,-83,-150,75
1739482821.3292477,79,-27,-93
1739482821.3752477,-117,-76,10
1739482821.4202476,72,-125,10
1739482821.4662476,-1,8,-32
1739482821.5122476,-16,-8,-69
1739482821.5582476,45,55,66
1739482821.6032476,93,-13,-87
1739482821.6492476,-39,10,-58
1739482821.6952477,-27,28,-74
1739482821.7402475,32,-95,-1
1739482821.7862475,-21,-80,-138
1739482821.8322475,-6,-8,-46
1739482821.8782475,0,32,-16
1739482821.9232476,-7,-58,19
1739482821.9692476,-26,-55,-60
1739482822.0152476,12,-92,-15
1739482822.0602477,47,-125,-17
1739482822.1062477,-28,-128,6
1739482822.1522477,53,-25,-92
1739482822.1982474,-47,-86,-97
1739482822.2432475,-49,-88,1
1739482822.2892475,56,-49,1
1739482822.3352475,16,-7,50
1739482822.3802476,-5,-20,-8
1739482822.4262476,-35,20,17
1739482822.4722476,25,-7,29
1739482822.5182476,26,-67,64
1739482822.5632474,26,99,34
1739482822.6092474,-45,-91,14
1739482822.6552474,-19,-63,25
1739482822.7002475,19,-77,32
1739482822.7462475,130,28,-68
1739482822.7922475,-34,35,47
1739482822.8382475,-32,163,-50
1739482822.8832476,-15,11,-95
1739482822.9292476,0,-49,-75
1739482822.9752476,8,-40,113
1739482823.0202477,-14,-5,42
1739482823.0662477,128,65,122
1739482823.1122477,76,12,-29
1739482823.1582477,-19,-41,-56
1739482823.2032475,20,2,-123
1739482823.2492476,-86,-74,-119
1739482823.2952476,20,-59,-36
1739482823.3462474,-60,-34,71
1739482823.3922474,-37,-126,79
1739482823.4382474,77,3,-35
1739482823.4832475,6,-32,12
1739482823.5292475,59,12,-68
1739482823.5752475,-56,3,-31
1739482823.6202476,-16,26,-20
1739482823.6662476,72,57,-147
1739482823.7122476,2,9,-98
1739482823.7582476,43,8,8
1739482823.8032477,20,-15,119
1739482823.8492477,-13,-100,56
1739482823.8952477,-88,20,-17
1739482823.9402475,72,-129,-72
1739482823.9862475,-27,-70,11
1739482824.0322475,25,-113,-59
1739482824.0782475,-50,-21,8
1739482824.1232476,56,-208,-61
1739482824.1692476,-16,-38,-110
1739482824.2152476,10,-21,87
1739482824.2602477,23,-59,21
1739482824.3062477,37,-107,-65
1739482824.3522477,72,11,-96
1739482824.3982477,-26,-104,-94
1739482824.4432476,15,-29,-36
1739482824.4892476,30,-47,4
1739482824.5352476,0,39,-83
1739482824.5802476,-37,31,9
1739482824.6262476,23,-66,-29
1739482824.6722476,15,-34,-83
1739482824.7182477,-101,-91,22
1739482824.7632475,76,-104,25
1739482824.8092475,-61,-119,13
1739482824.8552475,63,-14,-39
1739482824.9002476,-14,59,8
1739482824.9462476,-12,34,-156
1739482824.9922476,-34,-51,-102
1739482825.0382476,-7,-42,56
1739482825.0832477,-73,-27,-73
1739482825.1292477,1,2,-23
1739482825.1752477,-63,109,-60
1739482825.2202475,23,-146,-47
1739482825.2662475,39,-84,59
1739482825.3122475,1,-46,-8
1739482825.3582475,10,1,-32
1739482825.4032476,57,-94,-146
1739482825.4492476,87,-72,8
1739482825.4952476,-66,35,-95
1739482825.5402474,8,-37,-51
1739482825.5862474,24,50,-82
1739482825.6322474,17,-76,-154
1739482825.6782477,-22,-91,3
1739482825.7232475,19,-72,8
1739482825.7692475,-30,-15,80
1739482825.8152475,54,34,-98
1739482825.8602476,37,34,-53
1739482825.9062476,1,-94,-12
1739482825.9522476,9,-84,-137
1739482825.9982476,-8,59,19
1739482826.0432477,-93,-17,-30
1739482826.0892477,4,15,48
1739482826.1352477,-30,-81,-76
1739482826.1802475,-39,13,62
1739482826.2262475,30,-16,10
1739482826.2722476,23,28,93
1739482826.3182476,71,-14,-158
1739482826.3632476,-43,87,-74
1739482826.4092476,8,41,-125
1739482826.4552476,29,27,-60
1739482826.5002477,-100,-156,1
1739482826.5462475,-12,-38,13
1739482826.5922475,51,-128,-80
1739482826.6382475,2,-136,-14
1739482826.6832476,35,-180,-43
1739482826.7292476,-78,-23,26
1739482826.7752476,36,-4,-22
1739482826.8202477,-26,-35,-73
1739482826.8662477,112,-25,-26
1739482826.9122477,35,-35,-47
1739482826.9582477,63,-73,-67
1739482827.0032475,-27,-43,39
1739482827.0492475,19,34,-45
1739482827.0952475,-50,59,-89
1739482827.1402476,67,54,-48
1739482827.1862476,-51,-107,-51
1739482827.2322476,79,28,-148
1739482827.2782476,-23,-117,3
1739482827.3232474,-35,52,53
1739482827.3692474,27,2,-55
1739482827.4152474,-4,-127,-39
1739482827.4602475,-45,48,-58
1739482827.5062475,46,-61,-80
1739482827.5522475,38,106,-46
1739482827.5982475,-51,-33,11
1739482827.6432476,-15,9,41
1739482827.6892476,58,-2,0
1739482827.7352476,23,-28,19
1739482827.7802474,-26,-173,62
1739482827.8262477,-85,-17,-13
1739482827.8722477,2,0,-81
1739482827.9182477,18,1,-21
1739482827.9632475,36,19,13
1739482828.0092475,9,-106,-42
1739482828.0552475,67,31,-79
1739482828.1002476,-53,-130,0
1739482828.1462476,76,-43,25
1739482828.1922476,-79,1,12
1739482828.2382476,11,-111,-10
1739482828.2832477,-12,-120,15
1739482828.3292477,-1,-46,-136
1739482828.3752477,8,34,-13
1739482828.4202476,69,64,62
1739482828.4662476,30,-74,79
1739482828.5122476,9,-132,4
1739482828.5582476,45,-6,46
1739482828.6032476,-96,-45,-113
1739482828.6492476,-8,-75,-50
1739482828.6952477,-10,-20,-131
1739482828.7402475,-5,-39,-3
1739482828.7862475,-18,-25,-35
1739482828.8322475,7,-72,-5
1739482828.8782475,-16,-43,71
1739482828.9232476,68,-146,65
1739482828.9692476,-59,37,102
1739482829.0152476,57,134,-138
1739482829.0602477,3,-35,-17
1739482829.1062477,-109,-67,-28
1739482829.1522477,-39,-5,-45
1739482829.1982474,19,-2,-82
1739482829.2432475,62,-14,-106
1739482829.2892475,17,-114,-135
1739482829.3352475,-21,0,-98
1739482829.3802476,5,0,-108
1739482829.4262476,81,50,26
1739482829.4722476,-50,-77,9
1739482829.5182476,33,34,-75
1739482829.5632474,-132,-93,-58
1739482829.6092474,4,33,61
1739482829.6552474,-39,-189,52
1739482829.7002475,-22,-18,-63
1739482829.7462475,-40,26,-94
1739482829.7922475,13,7,-18
1739482829.8382475,-86,58,-84
1739482829.8832476,-28,-140,-21
1739482829.9292476,-12,-16,35
1739482829.9752476,52,-41,-80
1739482830.0202477,-63,-115,-58
1739482830.0662477,17,-144,-10
1739482830.1122477,76,-22,-56
1739482830.1582477,66,-14,-47
1739482830.2032475,27,-97,-67
1739482830.2492476,-25,-136,-7
1739482830.2952476,-55,98,-76
1739482830.3402476,-12,-6,-13
1739482830.3862476,36,-23,10
1739482830.4322476,-27,4,-81
1739482830.4782476,-78,8,-109
1739482830.5232477,-4,92,-39
1739482830.5692475,-3,5,0
1739482830.6152475,20,-25,-34
1739482830.6602476,-75,2,-72
1739482830.7062476,65,-15,-51
1739482830.7522476,-8,17,10
1739482830.7982476,-35,-153,-73
1739482830.8432477,33,-82,-134
1739482830.8892477,45,6,179
1739482830.9352477,9,-12,-34
1739482830.9802475,-57,-33,56
1739482831.0262475,43,-32,-107
1739482831.0722475,-35,-125,-134
1739482831.1182475,4,-86,25
1739482831.1632476,64,-35,-70
1739482831.2092476,41,-111,95
1739482831.2552476,4,46,-49
1739482831.3002477,40,32,-8
1739482831.3462474,25,-30,29
1739482831.3922474,49,-143,0
1739482831.4382474,-62,-134,14
1739482831.4832475,55,74,-80
1739482831.5292475,-20,-7,-46
1739482831.5752475,14,10,-24
1739482831.6202476,-38,11,-37
1739482831.6662476,-19,-55,49
1739482831.7122476,2,-23,8
1739482831.7582476,10,-5,-52
1739482831.8032477,10,12,12
1739482831.8492477,84,56,-156
1739482831.8952477,32,-74,-126
1739482831.9402475,-127,-184,-5
1739482831.9862475,-53,-9,-104
1739482832.0322475,-1,8,-68
1739482832.0782475,4,-11,-23
1739482832.1232476,-24,-59,-60
1739482832.1692476,-10,-51,-132
1739482832.2152476,-65,0,18
1739482832.2602477,-43,-43,-41
1739482832.3062477,-17,-139,63
1739482832.3522477,9,-14,-70
1739482832.3982477,-89,35,31
1739482832.4432476,4,-100,-43
1739482832.4892476,-2,-83,-64
1739482832.5352476,-10,-144,24
1739482832.5802476,55,-38,0
1739482832.6262476,14,-56,14
1739482832.6722476,52,29,7
1739482832.7182477,-32,-6,-143
1739482832.7632475,-45,-18,-82
1739482832.8092475,0,-202,-130
1739482832.8552475,4,22,27
1739482832.9002476,54,-101,36
1739482832.9462476,12,-47,-74
1739482832.9922476,65,29,-103
1739482833.0382476,-70,-30,-15
1739482833.0832477,-111,48,-56
1739482833.1292477,-86,22,96
1739482833.1752477,-38,58,55
1739482833.2202475,-64,-78,-113
1739482833.2662475,29,91,-42
1739482833.3182476,-36,-42,-43
1739482833.3632476,34,-45,-32
1739482833.4092476,-81,-142,51
1739482833.4552476,34,129,-36
1739482833.5002477,-47,14,2
1739482833.5462475,3,-51,-89
1739482833.5922475,0,19,103
1739482833.6382475,61,8,17
1739482833.6832476,-54,-5,-65
1739482833.7292476,39,22,31
1739482833.7752476,-69,-27,-75
1739482833.8202477,56,-94,-91
1739482833.8662477,-12,-113,35
1739482833.9122477,19,-70,-33
1739482833.9582477,-64,15,-67
1739482834.0032475,-26,87,-10
1739482834.0492475,-1,-51,14
1739482834.0952475,-53,64,-51
1739482834.1402476,-29,-63,-35
1739482834.1862476,41,114,-34
1739482834.2322476,24,-28,-104
1739482834.2782476,-57,-9,-8
1739482834.3232474,31,-20,-18
1739482834.3692474,-23,-28,-16
1739482834.4152474,-12,-34,-44
1739482834.4602475,19,-80,-102
1739482834.5062475,-12,-131,-54
1739482834.5522475,-11,-7,23
1739482834.5982475,-8,35,-154
1739482834.6432476,-6,-20,22
1739482834.6892476,20,-50,30
1739482834.7352476,-44,32,-49
1739482834.7802474,-29,-48,-164
1739482834.8262477,-25,-40,-84
1739482834.8722477,43,-19,-92
1739482834.9182477,0,23,-27
1739482834.9632475,-2,-32,-139
1739482835.0092475,0,94,-43
1739482835.0552475,-25,-111,-60
1739482835.1002476,16,-44,37
1739482835.1462476,-25,69,-69
1739482835.1922476,-73,43,7
1739482835.2382476,0,0,-37
1739482835.2832477,84,-136,-38
1739482835.3292477,-32,-21,-133
1739482835.3752477,45,-8,50
1739482835.4202476,-14,-22,-1
1739482835.4662476,-117,24,-19
1739482835.5122476,42,-8,7
1739482835.5582476,-25,57,7
1739482835.6032476,33,-7,-47
1739482835.6492476,-134,-13,37
1739482835.6952477,-62,9,-121
1739482835.7402475,-33,-91,-59
1739482835.7862475,4,-96,-78
1739482835.8322475,28,-114,-112
1739482835.8782475,-7,47,-83
1739482835.9232476,-34,-125,-2
1739482835.9692476,115,10,-74
1739482836.0152476,-69,-83,5
1739482836.0602477,9,83,32
1739482836.1062477,47,-40,-36
1739482836.1522477,39,68,-29
1739482836.1982474,70,-34,-77
1739482836.2432475,16,-14,27
1739482836.2892475,-81,-109,-21
1739482836.3352475,36,-74,-107
1739482836.3802476,-13,64,-6
1739482836.4262476,2,-110,-51
1739482836.4722476,13,-70,-46
1739482836.5182476,-3,-19,-86
1739482836.5632474,-9,-20,-108
1739482836.6092474,-35,-44,-18
1739482836.6552474,84,-141,-12
1739482836.7002475,-32,-100,-139
1739482836.7462475,-15,-32,14
1739482836.7922475,3,-87,-113
1739482836.8372476,2,-75,-69
1739482836.8832476,-10,-87,0
1739482836.9292476,31,-154,121
1739482836.9752476,12,-116,-54
1739482837.0202477,89,26,-15
1739482837.0662477,-32,-39,8
1739482837.1122477,-52,-49,53
1739482837.1572475,39,-30,1
1739482837.2032475,9,-55,-156
1739482837.2492476,23,2,-86
1739482837.2952476,47,56,5
1739482837.3402476,2,117,1
1739482837.3862476,21,36,-134
1739482837.4322476,19,-124,76
1739482837.4772477,0,36,-71
1739482837.5232477,-37,46,-154
1739482837.5692475,62,-13,38
1739482837.6152475,13,77,-20
1739482837.6602476,0,-16,-66
1739482837.7062476,27,-39,40
1739482837.7522476,-80,14,87
1739482837.7972476,24,-170,-57
1739482837.8432477,38,-67,87
1739482837.8892477,0,2,3
1739482837.9352477,-8,-45,-129
1739482837.9802475,-58,-41,35
1739482838.0262475,-24,-130,16
1739482838.0722475,61,68,-54
1739482838.1172476,-11,-189,6
1739482838.1632476,60,-14,20
1739482838.2092476,31,-5,-68
1739482838.2552476,7,-9,-37
1739482838.3002477,-52,-56,41
1739482838.3462474,37,32,-130
1739482838.3922474,-17,-9,-107
1739482838.4372475,-41,-101,-6
1739482838.4832475,-6,-98,16
1739482838.5292475,5,35,-92
1739482838.5752475,-95,23,-7
1739482838.6202476,61,-111,-88
1739482838.6662476,18,41,70
1739482838.7122476,-119,8,-5
1739482838.7572474,41,-9,-20
1739482838.8032477,-102,25,-160
1739482838.8492477,87,-62,63
1739482838.8952477,-42,47,-36
1739482838.9402475,11,-43,-16
1739482838.9862475,16,-4,-25
1739482839.0322475,58,-2,-10
1739482839.0772476,80,108,-46
1739482839.1232476,-20,-67,-86
1739482839.1692476,5,16,-99
1739482839.2152476,35,-128,-4
1739482839.2602477,79,-52,46
1739482839.3062477,-25,15,-125
1739482839.3522477,-38,17,-33
1739482839.3972476,31,2,-28
1739482839.4432476,-9,-15,-40
1739482839.4892476,106,-112,-24
1739482839.5352476,5,63,-18
1739482839.5802476,13,10,90
1739482839.6262476,111,20,-146
1739482839.6722476,-40,-35,-57
1739482839.7172475,30,-66,-146
1739482839.7632475,-10,-100,1
1739482839.8092475,49,94,-41
1739482839.8552475,116,162,-28
1739482839.9002476,-14,-176,48
1739482839.9462476,71,-47,-29
1739482839.9922476,84,-27,0
1739482840.0372477,0,-60,22
1739482840.0832477,-35,-46,94
1739482840.1292477,-51,14,-178
1739482840.1752477,27,-85,-58
1739482840.2202475,-30,-116,-102
1739482840.2662475,-44,-5,-24
1739482840.3122475,-2,-98,33
1739482840.3572476,23,-6,-21
1739482840.4032476,27,65,-43
1739482840.4492476,21,-96,-47
1739482840.4952476,-7,-61,-42
1739482840.5402474,29,-83,-98
1739482840.5862474,-13,-94,-33
1739482840.6322474,-25,-97,-60
1739482840.6772475,-7,-21,66
1739482840.7232475,31,-40,-32
1739482840.7692475,-16,-68,42
1739482840.8152475,60,66,-123
1739482840.8602476,11,56,106
1739482840.9062476,61,-75,-28
1739482840.9522476,-51,4,-29
1739482840.9972477,3,-94,-54
1739482841.0432477,9,-10,0
1739482841.0892477,53,-92,92
1739482841.1352477,24,-32,-35
1739482841.1802475,-46,-19,-93
1739482841.2262475,-25,-66,-67
1739482841.2722476,44,-62,-36
1739482841.3172476,40,-14,-86
1739482841.3632476,-6,61,-17
1739482841.4092476,19,-38,-44
1739482841.4552476,-47,-45,-99
1739482841.5002477,15,-8,-12
1739482841.5462475,-74,3,-24
1739482841.5922475,61,-18,-92
1739482841.6372476,0,-113,-38
1739482841.6832476,-70,-45,-4
1739482841.7292476,-43,3,0
1739482841.7752476,-42,-17,-74
1739482841.8202477,6,-52,29
1739482841.8662477,0,53,-43
1739482841.9122477,-27,-27,-7
1739482841.9572475,-93,-81,68
1739482842.0032475,7,-35,10
1739482842.0492475,22,-10,-66
1739482842.0952475,66,-26,-17
1739482842.1402476,-18,-65,-24
1739482842.1862476,-4,-63,-140
1739482842.2322476,47,-108,-170
1739482842.2772477,-19,-41,46
1739482842.3232474,18,4,34
1739482842.3692474,24,-42,2
1739482842.4152474,26,-34,-107
1739482842.4602475,5,-124,0
1739482842.5062475,-18,-49,54
1739482842.5522475,35,-60,55
1739482842.5972476,25,-158,11
1739482842.6432476,62,-78,-113
1739482842.6892476,-18,21,-134
1739482842.7352476,-69,-67,-70
1739482842.7802474,-41,9,-131
1739482842.8262477,54,-72,60
1739482842.8722477,-12,-115,36
1739482842.9172475,-19,-71,-149
1739482842.9632475,-112,-53,10
1739482843.0092475,-50,-87,-93
1739482843.0552475,54,76,-88
1739482843.1002476,-4,-79,-80
1739482843.1462476,9,14,35
1739482843.1922476,3,-52,-6
1739482843.2372477,-42,-1,-2
1739482843.2832477,45,-22,-121
1739482843.3352475,20,-32,-123
1739482843.3802476,19,-146,12
1739482843.4262476,-29,-19,2
1739482843.4722476,0,-74,-156
1739482843.5172474,52,70,-42
1739482843.5632474,-3,-130,25
1739482843.6092474,-7,69,-11
1739482843.6552474,-85,-97,-60
1739482843.7002475,36,-60,-26
1739482843.7462475,18,-53,-77
1739482843.7922475,6,-21,-107
1739482843.8372476,-40,0,-88
1739482843.8832476,-10,22,-92
1739482843.9292476,-49,0,-11
1739482843.9752476,9,-7,-68
1739482844.0202477,44,-72,-65
1739482844.0662477,-1,-52,-13
1739482844.1122477,-100,-97,-48
1739482844.1572475,-53,-13,28
1739482844.2032475,102,-92,-28
1739482844.2492476,-24,-51,6
1739482844.2952476,-39,-2,-9
1739482844.3402476,-94,0,24
1739482844.3862476,27,-55,-142
1739482844.4322476,-92,20,29
1739482844.4772477,-36,9,-58
1739482844.5232477,8,46,-5
1739482844.5692475,-93,-39,2
1739482844.6152475,11,-180,26
1739482844.6602476,5,10,-15
1739482844.7062476,43,64,-109
1739482844.7522476,-95,-66,-38
1739482844.7972476,67,9,49
1739482844.8432477,0,0,1
1739482844.8892477,39,-17,-21
1739482844.9352477,-23,-51,-36
1739482844.9802475,-5,-122,-102
1739482845.0262475,-28,-142,-36
1739482845.0722475,38,-36,-8
1739482845.1172476,-11,-59,1
1739482845.1632476,-5,-47,33
1739482845.2092476,-17,-123,-24
1739482845.2552476,-39,-248,-92
1739482845.3002477,-52,-24,-145
1739482845.3462474,49,-118,-128
1739482845.3922474,-42,-128,-52
1739482845.4372475,-9,12,129
1739482845.4832475,4,-46,10
1739482845.5292475,14,-22,-42
1739482845.5752475,66,145,113
1739482845.6202476,-105,-41,-111
1739482845.6662476,0,-64,22
1739482845.7122476,39,-94,23
1739482845.7562475,13,78,-7
1739482845.8022475,-1,0,-45
1739482845.8482475,-32,27,-125
1739482845.8932476,-12,13,6
1739482845.9392476,-19,0,-116
1739482845.9852476,-50,-77,9
1739482846.0312476,54,-98,35
1739482846.0762477,-7,-53,-89
1739482846.1222477,-52,-23,65
1739482846.1682477,0,-17,-24
1739482846.2132475,49,-41,-88
1739482846.2592475,-16,-17,-40
1739482846.3052475,14,-21,-29
1739482846.3512475,39,-41,-33
1739482846.3962476,-49,-94,-26
1739482846.4422476,-42,-122,-14
1739482846.4882476,-1,-106,-15
1739482846.5332477,35,-154,-70
1739482846.5792477,-35,-92,4
1739482846.6252477,-10,76,-3
1739482846.6712475,-3,57,-50
1739482846.7162476,30,-99,7
1739482846.7622476,62,-118,-61
1739482846.8082476,-40,21,-59
1739482846.8532476,3,-72,-9
1739482846.8992476,53,10,-39
1739482846.9452477,-2,-73,-147
1739482846.9912477,-9,-93,70
1739482847.0362475,-50,-145,-31
1739482847.0822475,24,0,-116
1739482847.1282475,132,-26,-31
1739482847.1732476,-54,1,71
1739482847.2192476,64,110,9
1739482847.2652476,-40,11,-112
1739482847.3112476,-10,9,15
1739482847.3562477,-47,51,-123
1739482847.4022477,-13,-163,26
1739482847.4482474,21,-48,79
1739482847.4932475,8,-92,6
1739482847.5392475,-62,47,-90
1739482847.5852475,39,-40,9
1739482847.6312475,56,-64,-31
1739482847.6762476,26,0,-4
1739482847.7222476,-70,81,82
1739482847.7682476,-51,-41,-44
1739482847.8132474,12,-96,28
1739482847.8592474,0,22,0
1739482847.9052474,-19,42,-87
1739482847.9512477,-47,-38,-68
1739482847.9962475,-29,-56,-33
1739482848.0422475,-108,-47,49
1739482848.0882475,-25,-31,-98
1739482848.1332476,50,74,-155
1739482848.1792476,-67,33,17
1739482848.2252476,6,-6,19
1739482848.2712476,28,116,-60
1739482848.3162477,-19,-149,46
1739482848.3622477,-97,-63,-21
1739482848.4082477,8,-78,40
1739482848.4532475,34,78,-11
1739482848.4992476,-28,-66,50
1739482848.5452476,-25,-24,29
1739482848.5912476,7,-91,-110
1739482848.6362476,16,75,-59
1739482848.6822476,77,27,-31
1739482848.7282476,-47,-24,-89
1739482848.7732477,-12,0,-58
1739482848.8192475,-28,14,-20
1739482848.8652475,-148,32,-32
1739482848.9112475,3,-92,-90
1739482848.9562476,-82,-17,83
1739482849.0022476,-42,-21,-134
1739482849.0482476,-100,77,13
1739482849.0932477,82,-34,-138
1739482849.1392477,0,1,4
1739482849.1852477,-13,-159,-45
1739482849.2312477,-87,-117,-102
1739482849.2762475,0,23,-52
1739482849.3222475,7,36,-144
1739482849.3682475,68,-72,7
1739482849.4132476,-88,9,-134
1739482849.4592476,-26,-67,44
1739482849.5052476,-88,27,5
1739482849.5512476,1,-50,19
1739482849.5962474,9,56,-72
1739482849.6422474,-20,-75,-46
1739482849.6882474,13,-70,-45
1739482849.7332475,5,11,-113
1739482849.7792475,0,31,-20
1739482849.8252475,-6,-10,95
1739482849.8712475,-24,-189,-40
1739482849.9162476,37,-30,22
1739482849.9622476,-25,1,-27
1739482850.0082476,-74,-3,-107
1739482850.0532477,-5,15,-11
1739482850.0992477,-37,55,-91
1739482850.1452477,28,-62,-138
1739482850.1912477,-16,-111,-20
1739482850.2362475,9,-6,-91
1739482850.2822475,17,-54,54
1739482850.3282475,-48,-153,-46
1739482850.3732476,-82,42,-124
1739482850.4192476,46,57,56
1739482850.4652476,-47,10,69
1739482850.5112476,4,-40,-2
1739482850.5562477,-108,-35,-50
1739482850.6022477,-46,25,-56
1739482850.6482477,2,-12,25
1739482850.6932476,70,-28,29
1739482850.7392476,34,102,-6
1739482850.7852476,-64,37,-49
1739482850.8312476,51,-52,-58
1739482850.8762476,0,1,-31
1739482850.9222476,-68,-27,-60
1739482850.9682477,38,-78,15
1739482851.0132475,49,-82,45
1739482851.0592475,13,14,-75
1739482851.1052475,28,-14,-13
1739482851.1512475,-12,-79,16
1739482851.1962476,-67,-83,-17
1739482851.2422476,-14,-91,-25
1739482851.2882476,-93,-77,21
1739482851.3332477,12,-40,80
1739482851.3792477,-35,97,-19
1739482851.4252477,29,-202,24
1739482851.4712474,-81,-45,17
1739482851.5162475,-5,-126,-50
1739482851.5622475,-43,-149,-2
1739482851.6082475,25,-69,-112
1739482851.6532476,39,-210,-187
1739482851.6992476,-29,-3,52
1739482851.7452476,9,-101,-21
1739482851.7912476,-16,-5,-147
1739482851.8362474,16,17,-92
1739482851.8822474,-27,-78,-17
1739482851.9282477,-67,-123,-66
1739482851.9732475,-49,-101,-71
1739482852.0192475,19,-54,6
1739482852.0652475,17,-38,-40
1739482852.1112475,29,-10,-2
1739482852.1562476,-20,-127,49
1739482852.2022476,2,-76,-83
1739482852.2482476,-35,-21,-82
1739482852.2932477,41,-116,-47
1739482852.3392477,-14,-69,-89
1739482852.3852477,21,-30,44
1739482852.4312477,-45,-73,-34
1739482852.4762475,48,-54,-6
1739482852.5222476,0,41,-46
1739482852.5682476,-34,-3,55
1739482852.6132476,39,-106,-4
1739482852.6592476,6,114,51
1739482852.7052476,19,-156,-27
1739482852.7512476,-37,-53,-143
1739482852.7962475,-93,-187,28
1739482852.8422475,35,-4,-167
1739482852.8882475,0,-137,-76
1739482852.9332476,7,-102,10
1739482852.9792476,-32,17,-38
1739482853.0252476,-9,9,-108
1739482853.0712476,-22,3,-4
1739482853.1162477,9,8,-125
1739482853.1622477,-14,-61,-39
1739482853.2082477,17,-14,-124
1739482853.2532475,39,30,-35
1739482853.2992475,47,-62,-61
1739482853.3512475,-61,-25,-87
1739482853.3962476,11,-154,-44
1739482853.4422476,-44,-128,-3
1739482853.4882476,-38,9,-47
1739482853.5332477,106,50,-29
1739482853.5792477,-54,-17,-110
1739482853.6252477,-81,-150,-53
1739482853.6712475,-75,-40,-70
1739482853.7162476,-47,-21,-46
1739482853.7622476,-34,130,35
1739482853.8082476,40,-128,-82
1739482853.8532476,35,-78,-66
1739482853.8992476,-30,43,-13
1739482853.9452477,68,-106,-35
1739482853.9912477,21,45,-100
1739482854.0362475,84,-128,85
1739482854.0822475,32,-66,60
1739482854.1282475,-72,-161,14
1739482854.1732476,61,86,-62
1739482854.2192476,12,-16,-25
1739482854.2652476,-10,38,-125
1739482854.3112476,74,14,101
1739482854.3562477,-9,-59,-26
1739482854.4022477,57,-86,10
1739482854.4482474,3,-18,-131
1739482854.4932475,-69,-39,19
1739482854.5392475,-51,-99,52
1739482854.5852475,44,-40,44
1739482854.6312475,93,46,-83
1739482854.6762476,0,5,-11
1739482854.7222476,-11,6,-10
1739482854.7682476,65,-56,-88
1739482854.8132474,-79,-45,-147
1739482854.8592474,-38,-65,-85
1739482854.9052474,-107,-11,30
1739482854.9512477,65,-20,-48
1739482854.9962475,17,-60,30
1739482855.0422475,-70,-3,62
1739482855.0882475,-25,33,-88
1739482855.1332476,2,-36,27
1739482855.1792476,8,28,39
1739482855.2252476,3,-21,-113
1739482855.2712476,-3,-105,-132
1739482855.3162477,-14,-77,98
1739482855.3622477,-3,47,79
1739482855.4082477,-18,-35,-118
1739482855.4532475,-34,-123,-95
1739482855.4992476,-14,-152,-18
1739482855.5452476,-4,-23,-46
1739482855.5912476,-36,15,-95
1739482855.6362476,67,-54,-121
1739482855.6822476,8,-18,-120
1739482855.7282476,12,23,-23
1739482855.7732477,74,-152,-32
1739482855.8192475,71,-38,36
1739482855.8652475,-12,-3,63
1739482855.9112475,-26,0,-35
1739482855.9562476,-45,53,-52
1739482856.0022476,62,-94,16
1739482856.0482476,-60,-19,63
1739482856.0932477,-31,-19,66
1739482856.1392477,85,-38,20
1739482856.1852477,-60,-57,-108
1739482856.2312477,-20,16,-105
1739482856.2762475,-58,-108,-123
1739482856.3222475,0,-111,-38
1739482856.3682475,0,-112,92
1739482856.4132476,-20,-199,50
1739482856.4592476,-46,-37,-135
1739482856.5052476,65,-32,-11
1739482856.5512476,-44,-9,-1
1739482856.5962474,62,-44,0
1739482856.6422474,18,-130,83
1739482856.6882474,26,122,19
1739482856.7332475,24,-163,-120
1739482856.7792475,38,68,-16
1739482856.8252475,11,-22,-71
1739482856.8712475,-11,28,5
1739482856.9162476,-51,33,-153
1739482856.9622476,28,70,-48
1739482857.0082476,14,-38,-5
1739482857.0532477,25,54,-173
1739482857.0992477,58,28,21
1739482857.1452477,32,-94,-160
1739482857.1912477,-31,-23,-26
1739482857.2362475,0,-56,-98
1739482857.2822475,-1,-24,-18
1739482857.3282475,-2,3,-48
1739482857.3732476,-10,11,-84
1739482857.4192476,1,-106,-78
1739482857.4652476,19,-136,-111
1739482857.5112476,25,-35,-108
1739482857.5562477,2,-63,-77
1739482857.6022477,23,28,-39
1739482857.6482477,-114,-131,-29
1739482857.6932476,29,-18,13
1739482857.7392476,-5,-95,-92
1739482857.7852476,25,50,-52
1739482857.8312476,52,-96,-55
1739482857.8762476,-33,-51,64
1739482857.9222476,60,-62,5
1739482857.9682477,-28,87,-12
1739482858.0132475,47,-84,121
1739482858.0592475,-60,-111,-96
1739482858.1052475,43,-50,-98
1739482858.1512475,56,-50,-91
1739482858.1962476,22,-74,46
1739482858.2422476,-29,-91,-81
1739482858.2882476,22,64,-53
1739482858.3332477,-27,-33,-78
1739482858.3792477,-29,-99,62
1739482858.4252477,16,34,-62
1739482858.4712474,57,-12,-117
1739482858.5162475,-49,-119,-37
1739482858.5622475,10,65,-73
1739482858.6082475,26,18,-85
1739482858.6532476,16,-120,61
1739482858.6992476,101,-52,134
1739482858.7452476,-23,-15,-102
1739482858.7912476,95,-78,57
1739482858.8362474,7,-22,-105
1739482858.8822474,-20,-24,-20
1739482858.9282477,-9,1,121
1739482858.9732475,5,-75,-16
1739482859.0192475,-38,-19,-102
1739482859.0652475,-2,2,-71
1739482859.1112475,-56,-63,19
1739482859.1562476,13,131,-55
1739482859.2022476,63,-76,1
1739482859.2482476,12,-12,46
1739482859.2932477,-21,-75,-9
1739482859.3392477,49,-34,-67
1739482859.3852477,171,48,37
1739482859.4312477,-19,-63,51
1739482859.4762475,60,58,8
1739482859.5222476,89,-86,10
1739482859.5682476,12,2,4
1739482859.6132476,-102,-21,55
1739482859.6592476,38,-108,14
1739482859.7052476,31,-56,-13
1739482859.7512476,0,-31,15
1739482859.7962475,35,-88,-105
1739482859.8422475,-14,11,-77
1739482859.8882475,55,-136,-26
1739482859.9332476,-96,-35,151
1739482859.9792476,19,-39,14
1739482860.0252476,-26,89,-119
1739482860.0712476,6,1,-125
1739482860.1162477,9,-94,-60
1739482860.1622477,79,-98,-49
1739482860.2082477,-72,3,-179
1739482860.2532475,-23,-113,-189
1739482860.2992475,-21,-79,-111
1739482860.3452475,-53,49,-93
1739482860.3912475,61,68,-39
1739482860.4362476,57,-38,-127
1739482860.4822476,44,-20,-48
1739482860.5282476,-31,43,0
1739482860.5732474,-29,-23,-70
1739482860.6192474,-34,-57,-23
1739482860.6652474,31,16,52
1739482860.7112474,-13,-34,5
1739482860.7562475,2,-60,109
1739482860.8022475,21,42,-64
1739482860.8482475,22,-94,131
1739482860.8932476,-57,-29,-37
1739482860.9392476,38,-92,37
1739482860.9852476,-6,-19,103
1739482861.0312476,-27,23,9
1739482861.0762477,53,-18,9
1739482861.1222477,-3,-153,48
1739482861.1682477,32,-90,-91
1739482861.2132475,-8,-61,31
1739482861.2592475,40,-54,-24
1739482861.3052475,-94,-13,47
1739482861.3512475,-101,-95,61
1739482861.3962476,56,-94,-102
1739482861.4422476,-32,-19,-103
1739482861.4882476,-22,-5,-24
1739482861.5332477,36,-58,-83
1739482861.5792477,3,-166,-46
1739482861.6252477,22,-3,87
1739482861.6712475,3,10,23
1739482861.7162476,-39,-119,-17
1739482861.7622476,-12,-21,-98
1739482861.8082476,-13,15,0
1739482861.8532476,-49,87,0
1739482861.8992476,0,-13,-127
1739482861.9452477,-24,-33,-129
1739482861.9912477,0,-42,-42
1739482862.0362475,106,28,0
1739482862.0822475,24,88,-31
1739482862.1282475,21,-22,-20
1739482862.1732476,44,10,-33
1739482862.2192476,-23,-113,-1
1739482862.2652476,-32,-15,-54
1739482862.3112476,-21,-35,1
1739482862.3562477,19,-42,22
1739482862.4022477,-25,-135,17
1739482862.4482474,53,58,-37
1739482862.4932475,20,32,-24
1739482862.5392475,5,-100,-42
1739482862.5852475,-36,-73,29
1739482862.6312475,-41,-57,-25
1739482862.6762476,39,-72,-185
1739482862.7222476,-71,-121,-97
1739482862.7682476,52,-4,56
1739482862.8132474,-41,-15,-52
1739482862.8592474,39,34,34
1739482862.9052474,10,-205,-56
1739482862.9512477,-20,-13,80
1739482862.9962475,41,-16,-40
1739482863.0422475,-51,31,-82
1739482863.0882475,24,2,-60
1739482863.1332476,-50,-103,-140
1739482863.1792476,49,-52,-32
1739482863.2252476,-38,-47,-74
1739482863.2712476,-17,-99,-62
1739482863.3162477,7,34,-17
1739482863.3682475,40,-96,-53
1739482863.4132476,34,-90,-44
1739482863.4592476,-19,-25,-130
1739482863.5052476,3,-28,-23
1739482863.5512476,52,10,1
1739482863.5962474,-8,47,12
1739482863.6422474,14,82,-153
1739482863.6882474,-97,-1,-165
1739482863.7332475,6,-42,-18
1739482863.7792475,5,-98,2
1739482863.8252475,31,-28,61
1739482863.8712475,-33,69,-6
1739482863.9162476,63,-60,-55
1739482863.9622476,-57,83,-51
1739482864.0082476,20,-120,6
1739482864.0532477,-20,11,0
1739482864.0992477,-144,43,-98
1739482864.1452477,-23,27,-2
1739482864.1912477,-46,-9,-94
1739482864.2362475,-93,19,-62
1739482864.2822475,48,-14,-21
1739482864.3282475,-35,61,94
1739482864.3732476,-67,-73,45
1739482864.4192476,24,-96,-139
1739482864.4652476,34,-10,-56
1739482864.5112476,-3,-14,-45
1739482864.5562477,-2,-43,-30
1739482864.6022477,35,-84,-25
1739482864.6482477,2,-28,-95
1739482864.6932476,54,-8,-73
1739482864.7392476,-39,-33,-81
1739482864.7852476,30,-136,-109
1739482864.8312476,-98,-61,33
1739482864.8762476,-28,-19,-13
1739482864.9222476,18,148,-59
1739482864.9682477,53,-38,38
1739482865.0132475,-31,-17,-27
1739482865.0592475,42,58,-65
1739482865.1052475,-115,-3,-56
1739482865.1512475,43,-58,63
1739482865.1962476,-8,-83,-126
1739482865.2422476,18,-84,-37
1739482865.2882476,-13,-79,-25
1739482865.3332477,-71,-31,-36
1739482865.3792477,37,-174,-15
1739482865.4252477,-73,-47,-83
1739482865.4712474,-46,-103,7
1739482865.5162475,35,46,19
1739482865.5622475,8,-2,-30
1739482865.6082475,-25,-121,-31
1739482865.6532476,23,-108,53
1739482865.6992476,-22,-57,-112
1739482865.7452476,-36,-127,-23
1739482865.7912476,8,-38,18
1739482865.8362474,32,86,71
1739482865.8822474,-45,-45,-34
1739482865.9282477,-141,-63,-94
1739482865.9732475,45,-6,125
1739482866.0192475,-7,47,0
1739482866.0652475,66,30,52
1739482866.1112475,-10,-47,-52
1739482866.1562476,-11,-61,-43
1739482866.2022476,-80,-57,-19
1739482866.2482476,31,2,-12
1739482866.2932477,1,-29,-82
1739482866.3392477,43,-36,-48
1739482866.3852477,-39,-145,41
1739482866.4312477,33,-22,-13
1739482866.4762475,17,124,-6
1739482866.5222476,19,-8,-76
1739482866.5682476,-7,-43,17
1739482866.6132476,13,-2,-144
1739482866.6592476,-70,95,-149
1739482866.7052476,-31,-33,39
1739482866.7512476,-17,0,9
1739482866.7962475,37,2,67
1739482866.8422475,-17,-71,15
1739482866.8882475,49,-10,14
1739482866.9332476,-4,61,-73
1739482866.9792476,45,-38,8
1739482867.0252476,-12,-27,59
1739482867.0712476,50,-76,122
1739482867.1162477,-5,-41,-119
1739482867.1622477,4,-3,-82
1739482867.2082477,24,-28,-23
1739482867.2532475,-69,-81,-97
1739482867.2992475,72,-70,-114
1739482867.3452475,-56,-5,9
1739482867.3912475,-36,-125,-9
1739482867.4362476,17,32,-53
1739482867.4822476,-1,-1,-82
1739482867.5282476,2,14,10
1739482867.5732474,-19,-97,-6
1739482867.6192474,-44,-55,0
1739482867.6652474,-3,-44,242
1739482867.7112474,-2,-87,27
1739482867.7562475,3,-88,-13
1739482867.8022475,-5,18,-15
1739482867.8482475,53,-24,-34
1739482867.8932476,20,-8,58
1739482867.9392476,-59,27,-105
1739482867.9852476,-44,-63,116
1739482868.0312476,1,-104,-122
1739482868.0762477,-33,-43,167
1739482868.1222477,-15,-63,8
1739482868.1682477,9,139,-26
1739482868.2132475,48,-28,-22
1739482868.2592475,11,28,23
1739482868.3052475,-1,-89,12
1739482868.3512475,-19,-15,-86
1739482868.3962476,-47,67,-8
1739482868.4422476,-54,-71,-31
1739482868.4882476,-26,-123,-55
1739482868.5332477,-10,-149,-10
1739482868.5792477,0,-66,-58
1739482868.6252477,-13,-21,-143
1739482868.6712475,9,-6,67
1739482868.7162476,79,-32,-13
1739482868.7622476,37,-2,20
1739482868.8082476,1,106,-30
1739482868.8532476,24,10,-69
1739482868.8992476,1,-42,-51
1739482868.9452477,9,-100,-23
1739482868.9902475,-45,-9,29
1739482869.0362475,9,14,-149
1739482869.0822475,-43,15,-29
1739482869.1282475,-73,13,-94
1739482869.1732476,43,96,-67
1739482869.2192476,3,-40,-80
1739482869.2652476,-67,37,18
1739482869.3102477,1,66,-16
1739482869.3562477,35,-78,-82
1739482869.4022477,90,100,-12
1739482869.4482474,-36,71,0
1739482869.4932475,-14,-45,-43
1739482869.5392475,9,28,-39
1739482869.5852475,-31,1,-75
1739482869.6302476,41,32,-151
1739482869.6762476,-25,-241,-105
1739482869.7222476,2,-41,-47
1739482869.7682476,59,-100,-162
1739482869.8132474,90,-90,-27
1739482869.8592474,-45,-27,-45
1739482869.9052474,1,-5,15
1739482869.9502475,10,1,-82
1739482869.9962475,61,-124,-13
1739482870.0422475,0,-25,-18
1739482870.0882475,-14,53,-69
1739482870.1332476,-38,37,17
1739482870.1792476,-35,51,33
1739482870.2252476,-56,-9,-108
1739482870.2702477,-26,29,-7
1739482870.3162477,46,-100,41
1739482870.3622477,57,84,111
1739482870.4082477,-86,-35,16
1739482870.4532475,-12,-91,-14
1739482870.4992476,-41,27,-20
1739482870.5452476,-35,-19,9
1739482870.5902476,19,0,-91
1739482870.6362476,-33,-75,-80
1739482870.6822476,-15,-70,-26
1739482870.7282476,-58,-149,-112
1739482870.7732477,8,28,-133
1739482870.8192475,-9,-167,23
1739482870.8652475,-58,17,23
1739482870.9102476,9,-134,-38
1739482870.9562476,28,12,-62
1739482871.0022476,3,-44,-3
1739482871.0482476,14,4,-95
1739482871.0932477,-25,-85,55
1739482871.1392477,63,41,-21
1739482871.1852477,-19,-103,-71
1739482871.2302475,70,-13,58
1739482871.2762475,26,-141,33
1739482871.3222475,20,-92,-109
1739482871.3662477,-21,-93,31
1739482871.4122477,-4,-141,-43
1739482871.4582477,12,-106,13
1739482871.5042477,-82,15,-41
1739482871.5492475,-35,-9,13
1739482871.5952475,68,70,-56
1739482871.6412475,-117,-29,-95
1739482871.6862476,-78,81,14
1739482871.7322476,-35,13,-9
1739482871.7782476,18,-78,-93
1739482871.8242476,34,146,-4
1739482871.8692474,0,141,1
1739482871.9152474,-21,-78,59
1739482871.9612474,20,-27,119
1739482872.0062475,-26,-69,83
1739482872.0522475,3,-73,41
1739482872.0982475,-33,121,87
1739482872.1442475,54,-8,-88
1739482872.1892476,-80,19,-112
1739482872.2352476,45,15,-69
1739482872.2812476,-5,23,-8
1739482872.3262477,-61,7,0
1739482872.3722477,-9,-3,-119
1739482872.4182477,-41,-105,181
1739482872.4642477,2,-5,-52
1739482872.5092475,104,127,-44
1739482872.5552475,-24,-47,-70
1739482872.6012475,-6,-107,-42
1739482872.6462476,29,2,-17
1739482872.6922476,0,-23,-85
1739482872.7382476,0,-44,-2
1739482872.7842476,54,30,-58
1739482872.8292477,-2,-28,46
1739482872.8752477,-16,14,-55
1739482872.9212475,117,50,8
1739482872.9662476,105,-122,21
1739482873.0122476,38,-80,-106
1739482873.0582476,-69,-55,-59
1739482873.1042476,3,-24,-3
1739482873.1492476,-5,-30,0
1739482873.1952477,-49,27,36
1739482873.2412477,62,-56,-32
1739482873.2862475,17,6,-41
1739482873.3322475,19,-114,0
1739482873.3842475,-54,2,-87
1739482873.4292476,61,-82,-33
1739482873.4752476,64,-8,-68
1739482873.5212476,0,-63,1
1739482873.5662477,18,13,-56
1739482873.6132476,-21,-36,-63
1739482873.6592476,6,26,-29
1739482873.7052476,-130,37,-9
1739482873.7502477,-23,-54,27
1739482873.7962475,71,-112,-39
1739482873.8422475,-3,74,-137
1739482873.8882475,6,-79,61
1739482873.9332476,26,18,-93
1739482873.9792476,-18,-57,56
1739482874.0252476,-3,-91,1
1739482874.0702477,-37,19,85
1739482874.1162477,68,16,-32
1739482874.1622477,-10,-89,-43
1739482874.2082477,21,-90,-47
1739482874.2532475,-68,-117,-59
1739482874.2992475,53,-80,-41
1739482874.3452475,90,26,92
1739482874.3902476,31,-86,67
1739482874.4362476,44,-20,-38
1739482874.4822476,-4,-17,-101
1739482874.5282476,-43,-1,-37
1739482874.5732474,-51,-45,-6
1739482874.6192474,20,32,44
1739482874.6652474,7,-116,-55
1739482874.7102475,-20,31,-133
1739482874.7562475,-76,-113,-173
1739482874.8022475,-4,13,45
1739482874.8482475,-1,-55,9
1739482874.8932476,-10,-53,-113
1739482874.9392476,-45,-183,-45
1739482874.9852476,36,-142,49
1739482875.0302474,12,47,29
1739482875.0762477,-9,-171,-75
1739482875.1222477,-16,-21,-81
1739482875.1682477,-130,-29,45
1739482875.2132475,28,-63,2
1739482875.2592475,12,-38,-88
1739482875.3052475,17,12,-89
1739482875.3502476,-9,-14,-87
1739482875.3962476,37,-102,39
1739482875.4422476,1,-146,1
1739482875.4882476,38,-92,-11
1739482875.5332477,11,-22,-13
1739482875.5792477,-58,5,43
1739482875.6252477,-22,0,58
1739482875.6702476,12,27,-104
1739482875.7162476,-8,138,-45
1739482875.7622476,94,-60,-4
1739482875.8082476,2,-3,114
1739482875.8532476,13,-62,-38
1739482875.8992476,-31,-69,44
1739482875.9452477,-18,-65,-65
1739482875.9902475,45,8,-57
1739482876.0362475,-50,3,-60
1739482876.0822475,59,-14,-99
1739482876.1282475,22,17,-8
1739482876.1732476,18,81,-128
1739482876.2192476,51,24,-54
1739482876.2652476,21,-166,-14
1739482876.3102477,87,-146,-83
1739482876.3562477,86,-112,-91
1739482876.4022477,30,-42,62
1739482876.4482474,-7,0,-37
1739482876.4932475,50,12,-39
1739482876.5392475,-8,-65,-13
1739482876.5852475,21,36,3
1739482876.6302476,-8,-69,-55
1739482876.6762476,42,-72,-136
1739482876.7222476,-20,-11,-63
1739482876.7682476,-2,-5,-14
1739482876.8132474,-17,-67,20
1739482876.8592474,80,8,-4
1739482876.9052474,37,-2,1
1739482876.9502475,-4,39,-171
1739482876.9962475,-102,-177,-35
1739482877.0422475,-60,-45,-40
1739482877.0882475,-21,-33,-6
1739482877.1332476,-37,-107,5
1739482877.1792476,-119,-17,3
1739482877.2252476,60,-86,-52
1739482877.2702477,60,22,-159
1739482877.3162477,-15,-31,-23
1739482877.3622477,20,12,-69
1739482877.4082477,35,12,-80
1739482877.4532475,3,-18,30
1739482877.4992476,5,-4,-144
1739482877.5452476,-48,-43,-26
1739482877.5902476,22,-112,-103
1739482877.6362476,27,-140,31
1739482877.6822476,-32,-55,-69
1739482877.7282476,-1,128,31
1739482877.7732477,29,-36,-56
1739482877.8192475,40,-96,-93
1739482877.8652475,-8,-51,-43
1739482877.9102476,-45,-79,38
1739482877.9562476,-8,55,-56
1739482878.0022476,1,40,49
1739482878.0482476,22,-38,-161
1739482878.0932477,47,-58,0
1739482878.1392477,66,-48,-67
1739482878.1852477,38,-46,34
1739482878.2302475,-37,-171,-29
1739482878.2762475,125,50,-139
1739482878.3222475,15,-64,-181
1739482878.3682475,82,-50,-18
1739482878.4132476,66,-122,14
1739482878.4592476,22,14,-142
1739482878.5052476,-34,21,-8
1739482878.5502477,-43,-113,2
1739482878.5962474,40,0,-78
1739482878.6422474,-1,-19,-44
1739482878.6882474,-38,-27,-46
1739482878.7332475,45,-10,-53
1739482878.7792475,-17,-31,-53
1739482878.8252475,-94,-17,-42
1739482878.8702476,-22,-111,-41
1739482878.9162476,-66,-171,-31
1739482878.9622476,19,56,64
1739482879.0082476,81,-54,31
1739482879.0532477,-66,-49,-74
1739482879.0992477,-16,-41,48
1739482879.1452477,56,6,-79
1739482879.1902475,-53,-137,-82
1739482879.2362475,-11,-131,45
1739482879.2822475,-49,-101,-29
1739482879.3282475,17,-98,-40
1739482879.3732476,-18,-69,8
1739482879.4192476,-22,-109,-118
1739482879.4652476,10,-50,65
1739482879.5102477,34,-62,79
1739482879.5562477,-12,145,116
1739482879.6022477,-71,-75,-126
1739482879.6482477,-25,9,-107
1739482879.6932476,18,-76,59
1739482879.7392476,94,-94,-33
1739482879.7852476,-25,29,-41
1739482879.8302476,-26,-7,44
1739482879.8762476,-9,-61,23
1739482879.9222476,-5,-70,-23
1739482879.9682477,84,-14,1
1739482880.0132475,-4,-107,-40
1739482880.0592475,-107,33,-35
1739482880.1052475,7,78,2
1739482880.1502476,-25,9,-27
1739482880.1962476,-37,0,-70
1739482880.2422476,9,30,-20
1739482880.2882476,21,42,-123
1739482880.3332477,5,38,-9
1739482880.3792477,-27,-11,57
1739482880.4252477,-22,-3,-87
1739482880.4702475,-17,-37,-31
1739482880.5162475,7,-50,-87
1739482880.5622475,40,-76,87
1739482880.6082475,-48,-55,-10
1739482880.6532476,13,-66,15
1739482880.6992476,66,38,7
1739482880.7452476,-5,-129,-7
1739482880.7902474,-18,85,32
1739482880.8362474,31,-54,-108
1739482880.8822474,-32,-63,-85
1739482880.9282477,-25,-27,14
1739482880.9732475,69,54,-63
1739482881.0192475,6,-34,89
1739482881.0652475,-11,-111,-15
1739482881.1102476,47,-112,-19
1739482881.1562476,20,-48,-94
1739482881.2022476,-44,85,-59
1739482881.2482476,0,-41,117
1739482881.2932477,58,-28,23
1739482881.3392477,118,-32,-61
1739482881.3852477,68,-66,-28
1739482881.4302475,-42,67,-23
1739482881.4762475,1,-73,-91
1739482881.5222476,-19,-119,-40
1739482881.5682476,-19,-95,-9
1739482881.6132476,21,24,-114
1739482881.6592476,4,-36,-97
1739482881.7052476,-61,-11,-64
1739482881.7502477,-22,-73,56
1739482881.7962475,53,-38,-60
1739482881.8422475,-86,-73,11
1739482881.8882475,40,36,82
1739482881.9332476,20,-196,-84
1739482881.9792476,62,24,8
1739482882.0252476,-17,21,0
1739482882.0702477,-5,72,-58
1739482882.1162477,-81,151,-51
1739482882.1622477,-4,-90,-11
1739482882.2082477,44,-74,-217
1739482882.2532475,6,-142,-33
1739482882.2992475,30,-104,-78
1739482882.3452475,-61,85,-33
1739482882.3902476,45,42,-71
1739482882.4362476,-15,-161,18
1739482882.4822476,-5,-119,-189
1739482882.5282476,-15,27,4
1739482882.5732474,-9,-73,-116
1739482882.6192474,-17,-30,-15
1739482882.6652474,-24,-73,-58
1739482882.7102475,110,-106,117
1739482882.7562475,0,-74,-152
1739482882.8022475,-41,43,8
1739482882.8482475,-6,-6,-144
1739482882.8932476,32,10,66
1739482882.9392476,-13,14,-81
1739482882.9852476,19,-8,23
1739482883.0302474,17,-42,-90
1739482883.0762477,-71,47,-66
1739482883.1222477,5,15,-71
1739482883.1682477,0,-105,9
1739482883.2132475,50,-122,-14
1739482883.2592475,-9,13,21
1739482883.3052475,-50,-77,-4
1739482883.3562477,32,12,19
1739482883.4022477,-54,-7,32
1739482883.4482474,49,-56,-40
1739482883.4932475,19,-11,-68
1739482883.5392475,-87,-81,64
1739482883.5852475,-28,78,45
1739482883.6302476,-7,-67,-30
1739482883.6762476,-10,-93,-28
1739482883.7222476,-18,-2,15
1739482883.7682476,50,178,35
1739482883.8132474,28,19,-73
1739482883.8592474,17,-55,-27
1739482883.9052474,21,-69,84
1739482883.9502475,7,71,-122
1739482883.9962475,8,24,-22
1739482884.0422475,-37,-69,-22
1739482884.0882475,42,13,-99
1739482884.1332476,-39,13,-96
1739482884.1792476,0,18,58
1739482884.2252476,-97,-131,-3
1739482884.2702477,19,-78,-60
1739482884.3162477,-41,63,-61
1739482884.3622477,46,71,-31
1739482884.4082477,-20,65,-134
1739482884.4532475,9,-31,103
1739482884.4992476,13,4,27
1739482884.5452476,31,-134,-13
1739482884.5902476,-25,52,1
1739482884.6362476,33,116,55
1739482884.6822476,20,-77,-90
1739482884.7282476,-46,-69,14
1739482884.7732477,-30,57,-18
1739482884.8192475,80,-26,-97
1739482884.8652475,79,64,-53
1739482884.9102476,-46,-3,-21
1739482884.9562476,-36,-79,-23
1739482885.0022476,50,-54,62
1739482885.0482476,47,-168,-133
1739482885.0932477,-57,-97,38
1739482885.1392477,-47,-29,81
1739482885.1852477,-26,-19,-30
1739482885.2302475,3,-230,-54
1739482885.2762475,-67,-69,-18
1739482885.3222475,30,-48,-152
1739482885.3682475,14,-88,3
1739482885.4132476,-34,-79,-84
1739482885.4592476,8,4,-112
1739482885.5052476,-3,-61,64
1739482885.5502477,-24,49,56
1739482885.5962474,-22,47,33
1739482885.6422474,28,18,-187
1739482885.6882474,37,54,-52
1739482885.7332475,85,-154,-37
1739482885.7792475,60,10,-9
1739482885.8252475,21,84,52
1739482885.8702476,44,4,-54
1739482885.9162476,36,-188,-52
1739482885.9622476,14,-81,30
1739482886.0082476,26,-90,-74
1739482886.0532477,30,-142,-27
1739482886.0992477,67,14,89
1739482886.1452477,35,54,-58
1739482886.1902475,-19,26,-145
1739482886.2362475,-2,99,-38
1739482886.2822475,-20,-33,21
1739482886.3282475,81,-112,-35
1739482886.3732476,-62,73,28
1739482886.4192476,-34,-27,-19
1739482886.4652476,65,-28,60
1739482886.5102477,-37,-83,55
1739482886.5562477,-54,31,20
1739482886.6022477,23,14,41
1739482886.6482477,-4,-33,16
1739482886.6932476,33,-34,-78
1739482886.7392476,5,34,-48
1739482886.7852476,15,-92,33
1739482886.8302476,-46,-75,-24
1739482886.8762476,1,-84,24
1739482886.9222476,12,2,15
1739482886.9682477,-10,0,-5
1739482887.0132475,-29,-69,-5
1739482887.0592475,65,-192,13
1739482887.1052475,-100,-43,-103
1739482887.1502476,-18,43,-33
1739482887.1962476,3,-88,47
1739482887.2422476,44,48,-112
1739482887.2882476,-57,-93,-54
1739482887.3322475,-61,-9,-67
1739482887.3782475,23,-56,-66
1739482887.4242475,28,-88,-83
1739482887.4692476,1,86,-63
1739482887.5152476,0,-73,-50
1739482887.5612476,8,0,-43
1739482887.6062477,56,-92,38
1739482887.6522477,-14,15,5
1739482887.6982474,5,-65,22
1739482887.7442474,30,-24,17
1739482887.7892475,-41,-45,35
1739482887.8352475,27,-128,78
1739482887.8812475,-32,-49,49
1739482887.9262476,13,-72,-48
1739482887.9722476,-50,103,-63
1739482888.0182476,36,32,-93
1739482888.0642476,-21,35,-4
1739482888.1092474,-24,105,-75
1739482888.1552474,14,8,-16
1739482888.2012477,8,-18,46
1739482888.2462475,1,-66,-59
1739482888.2922475,-36,-29,-23
1739482888.3382475,4,12,29
1739482888.3842475,63,-20,-44
1739482888.4292476,-29,38,27
1739482888.4752476,40,-28,39
1739482888.5212476,-16,-27,49
1739482888.5662477,-17,-71,120
1739482888.6122477,-71,25,-74
1739482888.6582477,10,132,-33
1739482888.7042477,56,-12,-37
1739482888.7492476,-26,-5,46
1739482888.7952476,-12,19,-117
1739482888.8412476,-31,-23,-103
1739482888.8862476,-52,-39,-68
1739482888.9322476,-20,-23,-68
1739482888.9782476,0,18,38
1739482889.0242476,30,-12,-37
1739482889.0692475,9,-38,0
1739482889.1152475,-10,19,-37
1739482889.1612475,29,-14,-110
1739482889.2062476,-58,-85,-81
1739482889.2522476,31,-4,71
1739482889.2982476,3,-48,-56
1739482889.3442476,-38,-63,61
1739482889.3892477,-68,-169,-72
1739482889.4352477,86,-4,-141
1739482889.4812477,-7,-103,57
1739482889.5262475,-74,23,-7
1739482889.5722475,77,-36,-142
1739482889.6182475,27,-16,-15
1739482889.6642475,0,-44,-147
1739482889.7092476,-53,5,-160
1739482889.7552476,46,42,-41
1739482889.8012476,-40,37,-25
1739482889.8462474,-84,-119,-32
1739482889.8922474,-4,-116,91
1739482889.9382474,129,-16,-78
1739482889.9842474,17,34,-15
1739482890.0292475,-10,-36,25
1739482890.0752475,71,-2,-13
1739482890.1212475,41,-108,-98
1739482890.1662476,45,-142,7
1739482890.2122476,-98,-63,-50
1739482890.2582476,-60,-41,28
1739482890.3042476,21,-150,-81
1739482890.3492477,-63,-55,-17
1739482890.3952477,35,6,-165
1739482890.4412477,-38,5,-57
1739482890.4862475,-33,-9,-8
1739482890.5322475,7,-2,55
1739482890.5782475,-27,-69,-31
1739482890.6242476,-25,-3,-76
1739482890.6692476,-30,-39,-159
1739482890.7152476,-1,-15,134
1739482890.7612476,66,-204,-2
1739482890.8062477,21,-16,-58
1739482890.8522477,63,14,12
1739482890.8982477,43,-144,-30
1739482890.9442475,31,20,-5
1739482890.9892476,2,-34,-32
1739482891.0352476,-36,11,-81
1739482891.0812476,38,-34,10
1739482891.1262476,-73,-139,70
1739482891.1722476,-40,-105,-23
1739482891.2182477,-12,53,-59
1739482891.2642477,2,-43,-95
1739482891.3092475,-34,-49,16
1739482891.3552475,-44,-91,41
1739482891.4012475,6,7,-153
1739482891.4462476,41,32,-90
1739482891.4922476,22,-92,-38
1739482891.5382476,132,0,-32
1739482891.5842476,-28,13,-4
1739482891.6292477,-13,-1,-72
1739482891.6752477,120,-102,8
1739482891.7212474,-60,-107,-55
1739482891.7662475,0,-130,-162
1739482891.8122475,-8,-49,-61
1739482891.8582475,27,4,-58
1739482891.9042475,0,51,-6
1739482891.9492476,6,-46,62
1739482891.9952476,-52,-17,120
1739482892.0412476,-26,-27,-88
1739482892.0862474,-45,161,32
1739482892.1322474,50,-146,-80
1739482892.1782477,-87,49,-111
1739482892.2242477,-22,27,1
1739482892.2692475,16,-123,-6
1739482892.3152475,42,-42,-107
1739482892.3612475,-31,33,13
1739482892.4062476,-2,-28,-10
1739482892.4522476,82,42,-145
1739482892.4982476,-15,-33,-49
1739482892.5442476,17,62,-45
1739482892.5892477,-35,-53,-14
1739482892.6352477,-40,-163,132
1739482892.6812477,35,-8,-86
1739482892.7262475,13,-184,-70
1739482892.7722476,92,-140,-35
1739482892.8182476,-10,-27,-39
1739482892.8642476,4,-38,-112
1739482892.9092476,-10,-81,32
1739482892.9552476,48,14,-93
1739482893.0012476,-118,-65,-21
1739482893.0462475,0,-164,31
1739482893.0922475,64,26,39
1739482893.1382475,-22,-13,-72
1739482893.1842475,2,-59,110
1739482893.2292476,0,63,-86
1739482893.2752476,-61,-9,-84
1739482893.3212476,43,-98,-7
1739482893.3722477,21,-60,-26
1739482893.4182477,-28,-81,-99
1739482893.4642477,54,-116,29
1739482893.5092475,33,8,-83
1739482893.5552475,61,-78,-97
1739482893.6012475,32,-32,-41
1739482893.6462476,-6,-33,-57
1739482893.6932476,0,11,-187
1739482893.7392476,-55,39,-27
1739482893.7852476,14,68,63
1739482893.8302476,-30,-109,34
1739482893.8762476,-13,-63,66
1739482893.9222476,-31,35,-1
1739482893.9682477,23,4,136
1739482894.0132475,42,-44,-184
1739482894.0592475,31,-64,-31
1739482894.1052475,-42,97,-17
1739482894.1502476,77,92,37
1739482894.1962476,-23,-73,-57
1739482894.2422476,36,2,13
1739482894.2882476,-63,-105,-91
1739482894.3332477,88,20,17
1739482894.3792477,-97,-127,104
1739482894.4252477,29,-80,-144
1739482894.4702475,-32,61,-202
1739482894.5162475,-26,-69,-85
1739482894.5622475,-70,21,-2
1739482894.6082475,-36,1,-42
1739482894.6532476,3,-70,14
1739482894.6992476,-3,35,-76
1739482894.7452476,-39,-29,23
1739482894.7902474,-22,-7,10
1739482894.8362474,-18,5,23
1739482894.8822474,74,-96,95
1739482894.9282477,31,-94,-68
1739482894.9732475,28,82,-79
1739482895.0192475,-49,109,-92
1739482895.0652475,5,36,-142
1739482895.1102476,-22,-79,-197
1739482895.1562476,16,-108,84
1739482895.2022476,-14,-147,-92
1739482895.2482476,-4,5,2
1739482895.2932477,55,30,13
1739482895.3392477,-57,-69,1
1739482895.3852477,-9,-121,33
1739482895.4302475,36,-88,-71
1739482895.4762475,3,40,-53
1739482895.5222476,99,-48,100
1739482895.5682476,7,-94,-49
1739482895.6132476,0,91,155
1739482895.6592476,33,60,63
1739482895.7052476,4,76,13
1739482895.7502477,-31,-95,7
1739482895.7962475,18,54,32
1739482895.8422475,-23,-141,-29
1739482895.8882475,-28,-209,116
1739482895.9332476,28,-116,-121
1739482895.9792476,-27,5,102
1739482896.0252476,13,-40,59
1739482896.0702477,-64,-29,-137
1739482896.1162477,-87,-15,-53
1739482896.1622477,-48,-77,8
1739482896.2082477,-1,-172,-119
1739482896.2532475,-64,-7,45
1739482896.2992475,-8,-17,-64
1739482896.3452475,-10,-25,-8
1739482896.3902476,-32,-129,35
1739482896.4362476,51,42,-53
1739482896.4822476,38,-18,-159
1739482896.5282476,-73,-9,-12
1739482896.5732474,6,30,-24
1739482896.6192474,-1,-107,-54
1739482896.6652474,51,-158,71
1739482896.7102475,62,-32,20
1739482896.7562475,-35,-15,-13
1739482896.8022475,3,-14,36
1739482896.8482475,-75,-21,-31
1739482896.8932476,1,-56,-79
1739482896.9392476,-24,35,-40
1739482896.9852476,-47,-15,33
1739482897.0302474,47,18,-10
1739482897.0762477,34,-20,-103
1739482897.1222477,-39,-25,-25
1739482897.1682477,37,-84,29
1739482897.2132475,-21,-27,-81
1739482897.2592475,29,14,-60
1739482897.3052475,-67,-33,-3
1739482897.3502476,-1,-73,-50
1739482897.3962476,28,-68,84
1739482897.4422476,-138,-39,0
1739482897.4882476,-21,-22,-70
1739482897.5332477,11,18,-4
1739482897.5792477,-81,3,-8
1739482897.6252477,-12,-5,-131
1739482897.6702476,-56,15,42
1739482897.7162476,-27,-1,-52
1739482897.7622476,19,92,-32
1739482897.8082476,-17,123,27
1739482897.8532476,8,-45,-125
1739482897.8992476,34,-6,18
1739482897.9452477,60,-80,-87
1739482897.9902475,-5,-109,-61
1739482898.0362475,-84,-25,60
1739482898.0822475,16,-80,-36
1739482898.1282475,27,-74,-6
1739482898.1732476,-33,-3,-14
1739482898.2192476,32,-122,-52
1739482898.2652476,61,-80,34
1739482898.3102477,72,100,0
1739482898.3562477,-30,77,-60
1739482898.4022477,-27,-141,20
1739482898.4482474,125,-144,-60
1739482898.4932475,2,-163,-95
1739482898.5392475,7,-145,-76
1739482898.5852475,19,-54,19
1739482898.6302476,10,-148,86
1739482898.6762476,40,-72,-48
1739482898.7222476,31,-2,-108
1739482898.7682476,-24,-31,-94
1739482898.8132474,-27,-55,-69
1739482898.8592474,-10,-119,-88
1739482898.9052474,-15,-39,-17
1739482898.9502475,2,60,-2
1739482898.9962475,-17,-3,62
1739482899.0422475,-7,-21,-84
1739482899.0882475,35,-16,-17
1739482899.1332476,-49,47,-28
1739482899.1792476,-37,19,4
1739482899.2252476,-18,-80,-46
1739482899.2702477,9,-59,71
1739482899.3162477,44,-22,-93
1739482899.3622477,16,-12,-48
1739482899.4082477,13,-54,-9
1739482899.4532475,-72,107,-10
1739482899.4992476,-9,-3,61
1739482899.5452476,47,0,-86
1739482899.5902476,108,0,-62
1739482899.6362476,-42,16,28
1739482899.6822476,64,46,28
1739482899.7282476,-86,-75,-10
1739482899.7732477,49,-176,-22
1739482899.8192475,-18,-50,-27
1739482899.8652475,-2,-68,-15
1739482899.9102476,-13,61,-73
1739482899.9562476,29,101,-31
1739482900.0022476,-12,53,82
1739482900.0482476,104,-92,9
1739482900.0932477,-36,-13,31
1739482900.1392477,89,-146,-10
1739482900.1852477,44,-88,30
1739482900.2302475,-41,-3,-64
1739482900.2762475,17,-107,-64
1739482900.3222475,-42,71,-46
1739482900.3682475,-11,-146,-43
1739482900.4132476,9,-86,-31
1739482900.4592476,40,-24,18
1739482900.5052476,3,38,-40
1739482900.5502477,13,11,-32
1739482900.5962474,-2,-68,-121
1739482900.6422474,-68,-27,-91
1739482900.6882474,45,-46,42
1739482900.7332475,34,-48,-113
1739482900.7792475,44,-160,-15
1739482900.8252475,-31,-4,-85
1739482900.8702476,-24,9,-93
1739482900.9162476,21,-76,-25
1739482900.9622476,-95,-95,52
1739482901.0072474,9,-4,-18
1739482901.0532477,29,6,-92
1739482901.0992477,2,-22,10
1739482901.1452477,-51,-43,-37
1739482901.1902475,11,-53,42
1739482901.2362475,-33,69,-126
1739482901.2822475,-22,65,13
1739482901.3282475,-9,47,-66
1739482901.3732476,-15,-116,-25
1739482901.4192476,-76,-31,29
1739482901.4652476,-21,-57,-109
1739482901.5102477,12,46,-41
1739482901.5562477,-8,-109,-104
1739482901.6022477,5,27,-39
1739482901.6472476,54,-168,7
1739482901.6932476,89,2,-53
1739482901.7392476,-20,17,-28
1739482901.7852476,21,-114,-25
1739482901.8302476,21,-40,-71
1739482901.8762476,-60,25,33
1739482901.9222476,89,-64,-51
1739482901.9672475,51,-16,-79
1739482902.0132475,-1,95,78
1739482902.0592475,-48,69,21
1739482902.1052475,-7,87,-83
1739482902.1502476,82,-58,44
1739482902.1962476,-46,-101,-73
1739482902.2422476,56,-32,-150
1739482902.2872477,9,22,-55
1739482902.3332477,-28,-11,138
1739482902.3792477,-3,8,-25
1739482902.4252477,-59,-81,-88
1739482902.4702475,75,-66,45
1739482902.5162475,29,-46,7
1739482902.5622475,21,-60,-72
1739482902.6072476,-12,-27,-19
1739482902.6532476,32,-126,12
1739482902.6992476,51,-112,-178
1739482902.7452476,-43,5,-23
1739482902.7902474,17,60,-32
1739482902.8362474,-31,-73,11
1739482902.8822474,-31,-77,-66
1739482902.9272475,-108,19,-44
1739482902.9732475,-80,-77,-146
1739482903.0192475,31,-4,-19
1739482903.0652475,66,-16,-42
1739482903.1102476,-20,-165,48
1739482903.1562476,-1,-91,96
1739482903.2022476,-63,-75,30
1739482903.2472477,-38,-45,-82
1739482903.2932477,-74,-67,-57
1739482903.3392477,26,-28,-57
1739482903.3902476,74,2,-151
1739482903.4362476,39,108,3
1739482903.4822476,-54,-89,-42
1739482903.5272477,16,-90,-57
1739482903.5732474,-4,-12,-47
1739482903.6192474,-24,-25,83
1739482903.6652474,16,24,11
1739482903.7102475,49,24,-11
1739482903.7562475,38,-142,24
1739482903.8022475,-90,53,4
1739482903.8462474,55,-12,-165
1739482903.8922474,13,7,-71
1739482903.9382474,-19,-75,-11
1739482903.9832475,-13,-65,-13
1739482904.0292475,-20,-39,-34
1739482904.0752475,-10,-48,23
1739482904.1212475,-32,93,-19
1739482904.1662476,83,28,-56
1739482904.2122476,-11,91,-52
1739482904.2582476,-17,-101,-98
1739482904.3032477,78,22,-55
1739482904.3492477,85,-170,5
1739482904.3952477,-74,-7,7
1739482904.4412477,-16,-49,36
1739482904.4862475,42,54,-102
1739482904.5322475,61,-128,-57
1739482904.5782475,10,65,80
1739482904.6232476,5,-71,-47
1739482904.6692476,-77,-93,-174
1739482904.7152476,-36,35,58
1739482904.7612476,4,-197,-16
1739482904.8062477,21,-69,-36
1739482904.8522477,108,-88,-94
1739482904.8982477,65,-38,47
1739482904.9432476,25,-46,1
1739482904.9892476,21,43,80
1739482905.0352476,-10,19,-9
1739482905.0812476,-53,-7,-3
1739482905.1262476,8,-122,-55
1739482905.1722476,-9,-47,41
1739482905.2182477,68,8,49
1739482905.2632475,109,-34,-35
1739482905.3092475,-39,0,58
1739482905.3552475,31,0,-158
1739482905.4012475,79,-4,-31
1739482905.4462476,-24,-15,45
1739482905.4922476,81,-82,50
1739482905.5382476,-32,27,-63
1739482905.5832477,50,-102,-57
1739482905.6292477,-20,51,-117
1739482905.6752477,29,-80,-87
1739482905.7212474,-87,-9,-50
1739482905.7662475,44,-94,-132
1739482905.8122475,-16,11,-10
1739482905.8582475,-21,8,-23
1739482905.9032476,9,0,65
1739482905.9492476,-25,25,-16
1739482905.9952476,25,36,-87
1739482906.0412476,39,-20,126
1739482906.0862474,46,0,-69
1739482906.1322474,66,-80,-50
1739482906.1782477,-128,-19,40
1739482906.2232475,48,-60,6
1739482906.2692475,-34,-45,-83
1739482906.3152475,23,46,5
1739482906.3612475,-5,-67,-74
1739482906.4062476,0,-80,-45
1739482906.4522476,-11,67,-121
1739482906.4982476,-19,104,105
1739482906.5432477,9,-43,99
1739482906.5892477,28,32,-135
1739482906.6352477,32,72,8
1739482906.6812477,-3,23,4
1739482906.7262475,21,49,-72
1739482906.7722476,13,18,5
1739482906.8182476,65,-72,-180
1739482906.8632476,-28,-33,-45
1739482906.9092476,-61,-3,-9
1739482906.9552476,16,-72,-23
1739482907.0012476,13,20,-45
1739482907.0462475,-2,82,-27
1739482907.0922475,59,66,18
1739482907.1382475,-7,75,-78
1739482907.1832476,-40,1,-29
1739482907.2292476,10,-90,-96
1739482907.2752476,17,-27,28
1739482907.3212476,-10,34,-35
1739482907.3662477,-106,-33,75
1739482907.4122477,26,-76,-25
1739482907.4582477,42,-130,-47
1739482907.5032475,-49,-88,133
1739482907.5492475,-41,-69,5
1739482907.5952475,9,-135,-21
1739482907.6412475,39,-37,-71
1739482907.6862476,-34,-31,-66
1739482907.7322476,-79,25,75
1739482907.7782476,19,40,-28
1739482907.8232474,-14,15,6
1739482907.8692474,42,18,-56
1739482907.9152474,-50,71,-28
1739482907.9612474,-23,27,-21
1739482908.0062475,54,6,-33
1739482908.0522475,-1,0,104
1739482908.0982475,-16,-31,141
1739482908.1432476,54,-28,-28
1739482908.1892476,17,78,106
1739482908.2352476,23,-28,10
1739482908.2812476,-22,5,12
1739482908.3262477,17,-64,-81
1739482908.3722477,-5,-116,8
1739482908.4182477,67,46,-72
1739482908.4632475,52,-128,-28
1739482908.5092475,-47,19,8
1739482908.5552475,-3,12,-40
1739482908.6012475,-59,41,-98
1739482908.6462476,21,-62,26
1739482908.6922476,15,-83,-44
1739482908.7382476,-11,-5,-138
1739482908.7832477,-67,-41,-174
1739482908.8292477,-1,91,-57
1739482908.8752477,-76,-153,-74
1739482908.9212475,37,-36,-9
1739482908.9662476,-56,-75,-153
1739482909.0122476,-48,-59,-11
1739482909.0582476,-52,-21,-29
1739482909.1032476,-34,-23,-79
1739482909.1492476,-38,47,-29
1739482909.1952477,94,68,22
1739482909.2412477,18,-39,-22
1739482909.2862475,-40,-93,-87
1739482909.3322475,45,48,0
1739482909.3782475,-76,-133,25
1739482909.4232476,22,7,6
1739482909.4692476,24,24,-15
1739482909.5152476,-12,-38,49
1739482909.5612476,45,-60,-48
1739482909.6062477,-1,-27,-88
1739482909.6522477,19,-128,-10
1739482909.6982474,40,-60,-119
1739482909.7432475,-18,-67,-124
1739482909.7892475,44,-156,-53
1739482909.8352475,26,-56,-25
1739482909.8812475,92,-46,1
1739482909.9262476,34,-84,-27
1739482909.9722476,-56,-85,-56
1739482910.0182476,84,14,-14
1739482910.0632474,19,-68,9
1739482910.1092474,17,-26,-67
1739482910.1552474,59,0,50
1739482910.2012477,2,8,-71
1739482910.2462475,43,22,-79
1739482910.2922475,10,-114,-80
1739482910.3382475,22,78,-1
1739482910.3832476,-9,53,-59
1739482910.4292476,-25,-9,-58
1739482910.4752476,-17,72,-24
1739482910.5212476,53,52,-3
1739482910.5662477,-92,-129,-31
1739482910.6122477,4,24,-55
1739482910.6582477,48,8,61
1739482910.7032475,-66,-35,-2
1739482910.7492476,-58,-65,-57
1739482910.7952476,-32,37,-54
1739482910.8412476,-22,-33,-31
1739482910.8862476,69,10,-53
1739482910.9322476,-61,-33,-11
1739482910.9782476,-85,-3,89
1739482911.0232477,-49,79,-64
1739482911.0692475,-17,-101,51
1739482911.1152475,1,-29,54
1739482911.1612475,-27,35,0
1739482911.2062476,-78,6,144
1739482911.2522476,-92,-62,-78
1739482911.2982476,-12,43,-75
1739482911.3432477,47,80,-45
1739482911.3892477,-45,-3,-82
1739482911.4352477,-93,-37,118
1739482911.4812477,24,40,-182
1739482911.5262475,13,-81,-45
1739482911.5722475,31,-77,12
1739482911.6182475,-35,-12,-33
1739482911.6632476,6,-37,-60
1739482911.7092476,4,54,-5
1739482911.7552476,-19,-21,-67
1739482911.8012476,47,21,-98
1739482911.8462474,44,-29,-61
1739482911.8922474,35,-19,10
1739482911.9382474,-45,-82,37
1739482911.9832475,-97,-92,-12
1739482912.0292475,12,45,77
1739482912.0752475,-15,5,28
1739482912.1212475,-10,-72,-28
1739482912.1662476,3,46,-24
1739482912.2122476,-3,-18,-87
1739482912.2582476,50,-61,-34
1739482912.3032477,-35,-104,-62
1739482912.3492477,50,-111,-112
1739482912.3952477,4,-31,-145
1739482912.4392476,0,-7,-131
1739482912.4852476,85,-79,44
1739482912.5312476,7,37,-41
1739482912.5772476,36,70,-14
1739482912.6222477,-2,1,-26
1739482912.6682477,-17,-58,1
1739482912.7142477,81,-17,-36
1739482912.7592475,-54,-54,-8
1739482912.8052475,-64,7,-95
1739482912.8512475,16,-59,4
1739482912.8972476,13,32,73
1739482912.9422476,-33,84,80
1739482912.9882476,-38,-94,-81
1739482913.0342476,2,-27,-137
1739482913.0792477,42,-96,-68
1739482913.1252477,57,-3,-6
1739482913.1712475,34,-6,18
1739482913.2172475,-82,-32,-43
1739482913.2622476,7,-16,-42
1739482913.3082476,-87,-40,55
1739482913.3542476,11,102,-81
1739482913.4052474,9,35,-42
1739482913.4512477,-54,-226,-44
1739482913.4972477,5,-2,45
1739482913.5422475,-3,-4,47
1739482913.5882475,-108,22,-63
1739482913.6342475,-2,25,-95
1739482913.6792476,6,11,-11
1739482913.7252476,-12,0,31
1739482913.7712476,35,-77,-165
1739482913.8172476,0,32,-48
1739482913.8622477,9,-144,-42
1739482913.9082477,24,125,22
1739482913.9542477,-18,12,12
1739482913.9992476,-29,-102,77
1739482914.0452476,75,21,-25
1739482914.0912476,-5,-28,-14
1739482914.1372476,-49,-32,61
1739482914.1822476,-17,-24,15
1739482914.2282476,32,46,-49
1739482914.2742476,23,-88,31
1739482914.3192475,-18,-40,-24
1739482914.3652475,-61,56,31
1739482914.4112475,-46,-30,-95
1739482914.4572475,-33,-70,-23
1739482914.5022476,58,-41,-30
1739482914.5482476,6,-45,-17
1739482914.5942476,62,-49,6
1739482914.6392477,-8,36,-122
1739482914.6852477,40,-41,-113
1739482914.7312477,40,33,-130
1739482914.7772477,-71,-134,-81
1739482914.8222475,3,-2,26
1739482914.8682475,-2,15,-85
1739482914.9142475,-10,-90,-15
1739482914.9592476,32,-43,76
1739482915.0052476,-14,-4,0
1739482915.0512476,27,89,-113
1739482915.0972476,41,-69,-50
1739482915.1422474,-52,-38,-117
1739482915.1882474,17,-33,-93
1739482915.2342474,-130,-20,47
1739482915.2792475,-32,42,-164
1739482915.3252475,100,-29,-30
1739482915.3712475,27,0,-126
1739482915.4172475,15,13,133
1739482915.4622476,-28,-120,-37
1739482915.5082476,-1,-6,107
1739482915.5542476,3,-69,-48
1739482915.5992477,-3,78,-116
1739482915.6452477,20,-69,-21
1739482915.6912477,-71,34,-118
1739482915.7372477,-101,-14,-82
1739482915.7822475,55,15,-55
1739482915.8282475,-13,-132,-43
1739482915.8742476,-45,20,-54
1739482915.9192476,55,-17,-107
1739482915.9652476,30,91,-82
1739482916.0112476,8,24,-104
1739482916.0572476,-66,44,-69
1739482916.1022477,-25,-80,-96
1739482916.1482477,43,-65,54
1739482916.1942475,-47,52,-52
1739482916.2392476,18,-73,10
1739482916.2852476,-11,25,-9
1739482916.3312476,52,-15,4
1739482916.3772476,5,105,65
1739482916.4222476,-1,-75,-145
1739482916.4682477,9,97,91
1739482916.5142477,26,-23,144
1739482916.5592475,-8,-16,-40
1739482916.6052475,-17,-116,37
1739482916.6512475,3,-18,18
1739482916.6972475,-52,-50,-85
1739482916.7422476,54,-103,-79
1739482916.7882476,-88,-122,-161
1739482916.8342476,12,-25,1
1739482916.8792477,-131,-78,-171
1739482916.9252477,45,49,65
1739482916.9712474,-25,-46,-80
1739482917.0172474,-60,-8,-16
1739482917.0622475,66,-35,-80
1739482917.1082475,-79,-80,-147
1739482917.1542475,-32,20,-80
1739482917.1992476,-10,42,-18
1739482917.2462475,13,-111,15
1739482917.2922475,22,-67,-83
1739482917.3382475,41,1,-24
1739482917.3832476,-16,18,98
1739482917.4292476,-28,-62,34
1739482917.4752476,-36,-48,112
1739482917.5212476,-2,0,-75
1739482917.5662477,-16,-16,-64
1739482917.6122477,15,17,-9
1739482917.6582477,38,-37,-70
1739482917.7032475,40,-37,-109
1739482917.7492476,-17,76,-21
1739482917.7952476,-28,112,-33
1739482917.8412476,41,-9,-25
1739482917.8862476,20,-31,-27
1739482917.9322476,65,-205,-161
1739482917.9782476,75,37,-18
1739482918.0232477,103,-3,-35
1739482918.0692475,32,-101,-84
1739482918.1152475,7,-31,-77
1739482918.1612475,-19,4,-19
1739482918.2062476,34,-109,-24
1739482918.2522476,-22,-6,78
1739482918.2982476,-65,0,-52
1739482918.3432477,31,87,90
1739482918.3892477,71,-105,39
1739482918.4352477,-9,-128,-88
1739482918.4812477,-17,150,-33
1739482918.5262475,-31,-66,4
1739482918.5722475,-57,-68,-3
1739482918.6182475,48,-239,42
1739482918.6632476,94,57,-24
1739482918.7092476,-13,-6,-51
1739482918.7552476,-14,-74,-17
1739482918.8012476,0,0,-66
1739482918.8462474,130,-1,14
1739482918.8922474,-1,68,-36
1739482918.9382474,-60,-26,-87
1739482918.9832475,39,0,-12
1739482919.0292475,-21,24,-63
1739482919.0752475,66,-89,-5
1739482919.1212475,-111,-60,-132
1739482919.1662476,29,-69,-68
1739482919.2122476,6,-96,-124
1739482919.2582476,25,-31,21
1739482919.3032477,43,1,-62
1739482919.3492477,-17,32,-33
1739482919.3952477,-9,-116,31
1739482919.4412477,20,-175,-34
1739482919.4862475,-29,-26,-178
1739482919.5322475,7,101,-78
1739482919.5782475,16,-93,-110
1739482919.6232476,-19,36,-127
1739482919.6692476,76,-71,-16
1739482919.7152476,57,-101,-16
1739482919.7612476,-19,2,-133
1739482919.8062477,80,0,-7
1739482919.8522477,-8,-104,-39
1739482919.8982477,51,-49,-94
1739482919.9432476,-69,-190,-11
1739482919.9892476,54,27,-130
1739482920.0352476,-18,-116,-21
1739482920.0812476,8,0,6
1739482920.1262476,1,-3,-47
1739482920.1722476,-104,-74,16
1739482920.2182477,6,-103,-20
1739482920.2632475,21,-47,-16
1739482920.3092475,-81,16,-51
1739482920.3552475,35,-25,91
1739482920.4012475,17,83,17
1739482920.4462476,-81,-138,-70
1739482920.4922476,0,-14,27
1739482920.5382476,-90,98,0
1739482920.5832477,58,71,-44
1739482920.6292477,54,-91,-74
1739482920.6752477,52,73,-79
1739482920.7212474,-16,-30,-15
1739482920.7662475,19,29,17
1739482920.8122475,-49,22,-60
1739482920.8582475,10,5,-81
1739482920.9032476,75,87,44
1739482920.9492476,-75,24,46
1739482920.9952476,70,-21,-39
1739482921.0412476,-22,16,12
1739482921.0862474,-25,-76,-68
1739482921.1322474,105,-73,29
1739482921.1782477,49,-93,21
1739482921.2232475,-3,118,-9
1739482921.2692475,-53,-82,-103
1739482921.3152475,74,23,-28
1739482921.3612475,62,-7,27
1739482921.4062476,-21,68,83
1739482921.4522476,15,-75,-48
1739482921.4982476,-12,-120,-24
1739482921.5432477,33,-159,-111
1739482921.5892477,-29,-46,-77
1739482921.6352477,-17,-6,106
1739482921.6812477,-40,-72,-63
1739482921.7262475,0,-126,-39
1739482921.7722476,0,3,-79
1739482921.8182476,12,-98,-25
1739482921.8632476,53,-47,-193
1739482921.9092476,0,-82,10
1739482921.9552476,52,-127,69
1739482922.0012476,37,-97,-98
1739482922.0462475,-91,20,-75
1739482922.0922475,-8,-73,-58
1739482922.1382475,-57,-32,-22
1739482922.1832476,-8,-36,-21
1739482922.2292476,53,15,14
1739482922.2752476,33,-49,112
1739482922.3212476,-76,122,0
1739482922.3662477,24,-53,-19
1739482922.4122477,-44,-52,-29
1739482922.4582477,80,-45,16
1739482922.5032475,2,-49,46
1739482922.5492475,-99,-106,28
1739482922.5952475,1,-64,-10
1739482922.6412475,-28,24,12
1739482922.6862476,-15,22,-12
1739482922.7322476,25,-87,9
1739482922.7782476,54,-11,27
1739482922.8232474,7,88,28
1739482922.8692474,-31,24,20
1739482922.9152474,69,-55,-210
1739482922.9612474,34,79,-72
1739482923.0062475,15,-21,-23
1739482923.0522475,91,-105,-129
1739482923.0982475,-27,-18,-13
1739482923.1432476,-15,68,20
1739482923.1892476,-28,-80,90
1739482923.2352476,5,-41,-120
1739482923.2812476,-47,-48,37
1739482923.3262477,51,-59,-148
1739482923.3722477,-22,60,39
1739482923.4232476,-107,-22,-97
1739482923.4692476,12,-135,-100
1739482923.5152476,44,-5,37
1739482923.5612476,-39,-84,68
1739482923.6062477,-1,-123,-86
1739482923.6522477,7,-165,-4
1739482923.6982474,92,-89,-51
1739482923.7432475,9,71,-56
1739482923.7892475,-20,-60,-13
1739482923.8352475,-56,-10,-76
1739482923.8812475,35,121,-28
1739482923.9262476,-7,-10,-53
1739482923.9722476,7,29,-62
1739482924.0182476,-54,6,61
1739482924.0632474,-24,-18,-59
1739482924.1092474,8,93,-42
1739482924.1552474,29,-125,23
1739482924.2012477,35,-81,-131
1739482924.2462475,32,5,-56
1739482924.2922475,23,39,-60
1739482924.3382475,-34,-16,-83
1739482924.3832476,-137,-64,-74
1739482924.4292476,-87,32,-29
1739482924.4752476,16,53,-102
1739482924.5212476,30,15,20
1739482924.5662477,66,0,-69
1739482924.6122477,-25,-86,-9
1739482924.6582477,-51,-30,-71
1739482924.7032475,-17,-19,-23
1739482924.7492476,-13,-31,-37
1739482924.7952476,-23,-78,-63
1739482924.8412476,0,-36,-190
1739482924.8862476,-15,129,146
1739482924.9322476,34,-47,24
1739482924.9782476,-47,-76,-134
1739482925.0232477,0,-54,-42
1739482925.0692475,44,-3,-8
1739482925.1152475,65,3,-40
1739482925.1612475,-47,66,60
1739482925.2062476,-24,60,-107
1739482925.2522476,8,-47,-106
1739482925.2982476,40,-67,47
1739482925.3432477,7,-55,-2
1739482925.3892477,-6,16,-21
1739482925.4352477,23,-15,-27
1739482925.4812477,-18,-2,-24
1739482925.5262475,-69,0,-24
1739482925.5722475,-7,30,-11
1739482925.6182475,-88,12,-45
1739482925.6632476,-11,26,-99
1739482925.7092476,3,4,63
1739482925.7552476,-20,-75,43
1739482925.8012476,34,-85,-5
1739482925.8462474,25,1,-143
1739482925.8922474,20,-51,11
1739482925.9382474,30,23,20
1739482925.9832475,13,-41,46
1739482926.0292475,89,-25,-90
1739482926.0752475,-47,56,-49
1739482926.1212475,-71,-18,-34
1739482926.1662476,5,-193,-47
1739482926.2122476,26,-83,31
1739482926.2582476,-60,-26,-163
1739482926.3032477,-9,-59,-120
1739482926.3492477,17,-91,-106
1739482926.3952477,37,-45,-24
1739482926.4412477,32,-27,55
1739482926.4862475,11,-133,13
1739482926.5322475,-54,26,-69
1739482926.5782475,29,-55,14
1739482926.6232476,97,3,-130
1739482926.6692476,83,-45,-20
1739482926.7152476,-48,42,-28
1739482926.7612476,78,-173,30
1739482926.8062477,-51,-28,25
1739482926.8522477,-15,-74,-66
1739482926.8982477,11,-41,-72
1739482926.9432476,35,23,-30
1739482926.9892476,-29,-72,3
1739482927.0352476,16,51,-114
1739482927.0812476,17,-1,23
1739482927.1262476,36,-41,-63
1739482927.1722476,1,70,-56
1739482927.2182477,-31,-114,28
1739482927.2632475,15,-37,-10
1739482927.3092475,109,-43,-50
1739482927.3552475,30,-7,4
1739482927.4012475,27,-32,4
1739482927.4462476,11,-71,-127
1739482927.4922476,-40,-6,47
1739482927.5382476,-88,8,-14
1739482927.5832477,12,40,-30
1739482927.6292477,30,-69,-114
1739482927.6752477,5,31,86
1739482927.7212474,35,23,-110
1739482927.7662475,20,-127,105
1739482927.8122475,62,-89,92
1739482927.8582475,-13,-56,22
1739482927.9032476,-11,-16,-49
1739482927.9492476,-4,23,-171
1739482927.9952476,-24,-18,-9
1739482928.0412476,18,-65,42
1739482928.0862474,16,-105,-10
1739482928.1322474,29,13,-3
1739482928.1782477,-61,-6,-1
1739482928.2232475,-28,-7,20
1739482928.2692475,-36,-28,108
1739482928.3152475,-4,31,-22
1739482928.3612475,-17,-103,49
1739482928.4052474,29,6,-11
1739482928.4512477,57,7,64
1739482928.4972477,24,-69,11
1739482928.5422475,76,-81,-8
1739482928.5882475,-6,-48,-59
1739482928.6342475,0,-39,-97
1739482928.6792476,13,-2,69
1739482928.7252476,131,-169,-98
1739482928.7712476,-39,-27,-32
1739482928.8172476,-2,1,-84
1739482928.8622477,57,83,5
1739482928.9082477,-48,50,8
1739482928.9542477,-33,53,-29
1739482928.9992476,76,-3,-158
1739482929.0452476,64,-29,53
1739482929.0912476,4,37,-6
1739482929.1372476,46,0,-78
1739482929.1822476,32,95,-55
1739482929.2282476,55,-165,-64
1739482929.2742476,-9,-61,79
1739482929.3192475,-27,-70,-105
1739482929.3652475,1,-72,-134
1739482929.4112475,-54,-38,23
1739482929.4572475,29,19,33
1739482929.5022476,44,-109,-4
1739482929.5482476,22,9,25
1739482929.5942476,-12,-10,-19
1739482929.6392477,-11,22,-119
1739482929.6852477,-37,-78,-60
1739482929.7312477,22,47,-74
1739482929.7772477,-6,12,0
1739482929.8222475,-30,66,72
1739482929.8682475,-74,116,-34
1739482929.9142475,-44,-132,-40
1739482929.9592476,-6,-31,11
1739482930.0052476,-9,50,-33
1739482930.0512476,9,-43,-27
1739482930.0972476,-30,-72,-55
1739482930.1422474,53,131,-108
1739482930.1882474,-1,-45,-5
1739482930.2342474,24,63,-32
1739482930.2792475,41,-53,-122
1739482930.3252475,-28,-12,32
1739482930.3712475,23,21,72
1739482930.4172475,-8,4,-12
1739482930.4622476,41,-157,-107
1739482930.5082476,28,-79,62
1739482930.5542476,-43,-26,-131
1739482930.5992477,26,-103,-45
1739482930.6452477,0,-89,-65
1739482930.6912477,77,41,-37
1739482930.7372477,48,-19,47
1739482930.7822475,67,69,-16
1739482930.8282475,-17,-40,47
1739482930.8742476,12,-85,-83
1739482930.9192476,62,-71,-115
1739482930.9652476,12,-13,-82
1739482931.0112476,-9,-65,-80
1739482931.0572476,30,-25,11
1739482931.1022477,26,-23,61
1739482931.1482477,17,-65,62
1739482931.1942475,18,-7,-21
1739482931.2392476,34,127,32
1739482931.2852476,3,42,53
1739482931.3312476,-7,0,56
1739482931.3772476,-28,34,-98
1739482931.4222476,23,5,-64
1739482931.4682477,51,31,-8
1739482931.5142477,-12,-88,-173
1739482931.5592475,-3,-99,47
1739482931.6052475,-27,-5,-90
1739482931.6512475,-90,-22,-169
1739482931.6972475,-11,43,-7
1739482931.7422476,65,25,-33
1739482931.7882476,-32,-168,-39
1739482931.8342476,-26,51,-26
1739482931.8792477,-10,-28,-118
1739482931.9252477,35,27,-45
1739482931.9712474,-66,-30,-22
1739482932.0162475,17,-65,-100
1739482932.0622475,6,63,2
1739482932.1082475,14,-7,103
1739482932.1542475,85,-9,-81
1739482932.1992476,27,69,12
1739482932.2452476,-37,-86,-18
1739482932.2912476,16,2,-6
1739482932.3372476,-20,-112,-31
1739482932.3822474,48,-63,26
1739482932.4282477,-11,-4,-68
1739482932.4742477,67,-99,-70
1739482932.5192475,14,37,-27
1739482932.5652475,68,69,6
1739482932.6112475,53,-27,-38
1739482932.6572475,54,-53,-25
1739482932.7022476,-18,-148,-56
1739482932.7482476,37,-55,-34
1739482932.7942476,-12,19,-77
1739482932.8392477,-104,-72,-46
1739482932.8852477,-20,-68,38
1739482932.9312477,32,3,98
1739482932.9772477,10,-81,-91
1739482933.0222476,21,-27,11
1739482933.0682476,29,91,-161
1739482933.1142476,40,-35,106
1739482933.1592476,-54,-62,-80
1739482933.2052476,70,-1,31
1739482933.2512476,-2,-56,-34
1739482933.2972476,0,1,29
1739482933.3422475,-77,-2,-34
1739482933.3942475,53,5,3
1739482933.4392476,20,11,-25
1739482933.4852476,37,-86,-21
1739482933.5312476,1,-46,7
1739482933.5772476,80,-23,-18
1739482933.6222477,-5,-2,-31
1739482933.6682477,5,53,-73
1739482933.7152476,10,-144,-123
1739482933.7612476,97,25,-27
1739482933.8062477,4,11,-105
1739482933.8522477,5,15,-28
1739482933.8982477,47,-51,62
1739482933.9432476,6,66,83
1739482933.9892476,12,53,4
1739482934.0352476,-70,-30,-47
1739482934.0802476,-8,-8,-33
1739482934.1262476,-16,74,-2
1739482934.1722476,41,49,-141
1739482934.2182477,58,11,-85
1739482934.2632475,11,25,-69
1739482934.3092475,29,-141,69
1739482934.3552475,75,31,-34
1739482934.4002476,-77,66,-3
1739482934.4462476,-48,-48,-26
1739482934.4922476,-49,-112,-117
1739482934.5382476,-9,12,-196
1739482934.5832477,14,7,-44
1739482934.6292477,-7,-42,62
1739482934.6752477,-17,-39,-62
1739482934.7202475,-34,4,-52
1739482934.7662475,14,47,-14
1739482934.8122475,20,46,-129
1739482934.8582475,3,-35,5
1739482934.9032476,38,59,-12
1739482934.9492476,69,-107,-82
1739482934.9952476,75,-15,57
1739482935.0402474,-37,-42,-93
1739482935.0862474,60,-63,-46
1739482935.1322474,18,-56,27
1739482935.1782477,-8,-4,43
1739482935.2232475,-57,90,26
1739482935.2692475,-21,-153,51
1739482935.3152475,-20,-196,32
1739482935.3602476,13,-12,-5
1739482935.4062476,-53,-2,-86
1739482935.4522476,-39,-66,-25
1739482935.4982476,-5,38,-15
1739482935.5432477,33,57,38
1739482935.5892477,-50,12,-44
1739482935.6352477,53,-49,-124
1739482935.6802475,33,-91,80
1739482935.7262475,50,25,48
1739482935.7722476,-21,-64,67
1739482935.8182476,-13,5,-4
1739482935.8632476,26,43,-166
1739482935.9092476,20,-59,-135
1739482935.9552476,4,47,-40
1739482936.0002477,-29,68,-12
1739482936.0462475,13,17,66
1739482936.0922475,-8,-26,-129
1739482936.1382475,-16,4,-61
1739482936.1832476,-39,-154,-68
1739482936.2292476,-15,-80,-69
1739482936.2752476,-21,-118,-9
1739482936.3202477,-7,-4,-65
1739482936.3662477,50,-91,-33
1739482936.4122477,-11,86,19
1739482936.4582477,-47,-80,-78
1739482936.5032475,53,-3,19
1739482936.5492475,-55,-26,-28
1739482936.5952475,26,-73,-58
1739482936.6402476,-20,24,-80
1739482936.6862476,-5,-82,0
1739482936.7322476,-35,-64,-102
1739482936.7782476,43,-129,8
1739482936.8232474,3,-35,24
1739482936.8692474,-46,-94,-1
1739482936.9152474,75,-29,47
1739482936.9602475,49,-53,-47
1739482937.0062475,33,-173,-22
1739482937.0522475,30,27,-27
1739482937.0982475,-22,-70,-79
1739482937.1432476,6,-81,-50
1739482937.1892476,-56,52,112
1739482937.2352476,68,-75,-21
1739482937.2802474,-42,76,-11
1739482937.3262477,28,-75,-10
1739482937.3722477,-24,-36,-109
1739482937.4182477,25,13,-16
1739482937.4632475,-22,-50,-77
1739482937.5092475,21,65,-73
1739482937.5552475,39,29,-29
1739482937.6002476,23,7,-2
1739482937.6462476,51,-157,-5
1739482937.6922476,10,4,103
1739482937.7382476,13,6,-80
1739482937.7832477,41,-95,-50
1739482937.8292477,29,-167,72
1739482937.8752477,-38,48,-119
1739482937.9202476,-22,-10,-41
1739482937.9662476,100,-31,-44
1739482938.0122476,16,32,1
1739482938.0582476,-46,-78,-26
1739482938.1032476,-33,-98,26
1739482938.1492476,23,29,-42
1739482938.1952477,6,-69,-34
1739482938.2402475,-24,-28,-108
1739482938.2862475,-25,0,-63
1739482938.3322475,-35,-52,-93
1739482938.3782475,37,-173,-124
1739482938.4232476,7,-77,-107
1739482938.4692476,-29,0,-21
1739482938.5152476,22,35,-39
1739482938.5602477,6,0,-37
1739482938.6062477,15,-51,20
1739482938.6522477,3,0,-35
1739482938.6982474,-83,24,-26
1739482938.7432475,-37,-46,-65
1739482938.7892475,-14,50,-88
1739482938.8352475,7,-51,-26
1739482938.8802476,23,-1,73
1739482938.9262476,-19,50,-11
1739482938.9722476,36,9,38
1739482939.0182476,1,-152,-102
1739482939.0632474,17,39,-95
1739482939.1092474,-9,6,21
1739482939.1552474,11,-3,33
1739482939.2002475,-12,-28,51
1739482939.2462475,74,0,-3
1739482939.2922475,4,-9,-1
1739482939.3382475,19,21,-40
1739482939.3832476,-25,124,-84
1739482939.4292476,137,-119,-47
1739482939.4752476,81,39,-5
1739482939.5202477,2,17,103
1739482939.5662477,60,69,8
1739482939.6122477,-22,108,32
1739482939.6582477,26,-59,-145
1739482939.7032475,28,-37,-17
1739482939.7492476,24,-17,-88
1739482939.7952476,-33,-64,-11
1739482939.8402476,44,-55,-36
1739482939.8862476,28,37,58
1739482939.9322476,-11,-42,-59
1739482939.9782476,7,-35,-64
1739482940.0232477,34,63,-99
1739482940.0692475,63,-39,-75
1739482940.1152475,59,-155,-19
1739482940.1602476,50,25,-147
1739482940.2062476,94,-95,-5
1739482940.2522476,12,-73,7
1739482940.2982476,-61,0,55
1739482940.3432477,22,21,-35
1739482940.3892477,-8,20,18
1739482940.4352477,0,-16,-53
1739482940.4802475,36,39,-121
1739482940.5262475,-27,-128,-129
1739482940.5722475,34,-61,-43
1739482940.6182475,31,-57,-9
1739482940.6632476,-56,16,-11
1739482940.7092476,-52,-2,-54
1739482940.7552476,-68,-22,-88
1739482940.8002477,10,12,24
1739482940.8462474,-30,6,-13
1739482940.8922474,13,-109,-101
1739482940.9382474,-43,30,19
1739482940.9832475,19,1,35
1739482941.0292475,47,19,-189
1739482941.0752475,-52,20,0
1739482941.1202476,46,37,-43
1739482941.1662476,52,-127,-39
1739482941.2122476,42,-51,-147
1739482941.2582476,-1,-26,-55
1739482941.3032477,-55,66,53
1739482941.3492477,53,-87,59
1739482941.3952477,-15,22,-35
1739482941.4402475,50,1,-168
1739482941.4862475,17,-118,-9
1739482941.5322475,43,-79,-46
1739482941.5782475,-10,-8,31
1739482941.6232476,-33,-114,-101
1739482941.6692476,-13,40,-73
1739482941.7152476,1,-63,-2
1739482941.7602477,-5,-72,-74
1739482941.8062477,-22,34,-15
1739482941.8522477,29,35,-172
1739482941.8982477,-12,26,-43
1739482941.9432476,-75,-22,4
1739482941.9892476,-6,-32,-103
1739482942.0352476,-88,-20,84
1739482942.0802476,-41,-106,-58
1739482942.1262476,-21,-78,-72
1739482942.1722476,-107,-68,-112
1739482942.2182477,1,91,25
1739482942.2632475,-113,14,-25
1739482942.3092475,30,-11,5
1739482942.3552475,-42,-58,-56
1739482942.4002476,9,-15,-101
1739482942.4462476,53,-47,-42
1739482942.4922476,-5,-8,6
1739482942.5382476,30,-127,62
1739482942.5832477,-33,24,71
1739482942.6292477,3,-29,-75
1739482942.6752477,22,69,-70
1739482942.7202475,-3,-110,16
1739482942.7662475,-48,-2,-54
1739482942.8122475,52,-43,53
1739482942.8582475,34,-5,-73
1739482942.9032476,1,-29,-61
1739482942.9492476,18,-95,-156
1739482942.9952476,-16,110,105
1739482943.0402474,93,1,-144
1739482943.0862474,-91,-36,-26
1739482943.1322474,-44,6,69
1739482943.1782477,-44,-58,4
1739482943.2232475,-24,-20,29
1739482943.2692475,-39,-130,22
1739482943.3152475,39,-37,51
1739482943.3602476,-29,-60,-10
1739482943.4122477,5,75,-2
1739482943.4582477,6,6,-17
1739482943.5032475,-60,-56,-42
1739482943.5492475,-6,-30,-104
1739482943.5952475,11,-21,-60
1739482943.6402476,-56,-96,6
1739482943.6862476,3,-75,-62
1739482943.7322476,53,-73,-73
1739482943.7782476,9,-57,20
1739482943.8232474,-59,-108,8
1739482943.8682475,14,-137,21
1739482943.9142475,75,61,-18
1739482943.9592476,-3,-98,-63
1739482944.0052476,63,-69,65
1739482944.0512476,68,-35,9
1739482944.0962474,-93,-68,-103
1739482944.1422474,6,-49,-75
1739482944.1882474,-57,-86,77
1739482944.2342474,-32,-52,-35
1739482944.2792475,-30,-62,-49
1739482944.3252475,37,35,40
1739482944.3712475,3,-9,19
1739482944.4162476,9,65,0
1739482944.4622476,-80,-184,-36
1739482944.5082476,-76,-32,12
1739482944.5542476,-26,-50,-88
1739482944.5992477,29,39,-44
1739482944.6452477,-8,15,-45
1739482944.6912477,11,-135,215
1739482944.7362475,-45,-94,52
1739482944.7822475,20,73,4
1739482944.8282475,82,-83,54
1739482944.8742476,-60,-14,-65
1739482944.9192476,14,0,-9
1739482944.9652476,64,13,-183
1739482945.0112476,39,49,-43
1739482945.0562477,-52,-52,0
1739482945.1022477,-14,-108,-62
1739482945.1482477,-22,-88,27
1739482945.1942475,-78,-124,-37
1739482945.2392476,-15,-88,-20
1739482945.2852476,-67,50,21
1739482945.3312476,-13,18,57
1739482945.3762476,73,35,-125
1739482945.4222476,-45,-128,-141
1739482945.4682477,-62,-94,-67
1739482945.5142477,-5,60,93
1739482945.5592475,6,-71,-21
1739482945.6052475,29,-107,24
1739482945.6512475,15,-41,-15
1739482945.6962476,-5,-192,-56
1739482945.7422476,6,-34,-34
1739482945.7882476,39,-99,49
1739482945.8342476,0,3,-20
1739482945.8792477,36,63,75
1739482945.9252477,45,-25,-142
1739482945.9712474,-39,0,1
1739482946.0162475,-9,55,17
1739482946.0622475,-66,20,-56
1739482946.1082475,18,-47,-44
1739482946.1542475,36,-35,-40
1739482946.1992476,-59,8,-35
1739482946.2452476,-31,-112,-17
1739482946.2912476,-37,-52,56
1739482946.3362474,5,-120,25
1739482946.3822474,-33,-16,26
1739482946.4282477,-69,6,-21
1739482946.4742477,-30,-50,-19
1739482946.5192475,32,-47,-69
1739482946.5652475,-25,-64,-39
1739482946.6112475,-76,-32,-77
1739482946.6562476,36,-39,2
1739482946.7022476,-2,-124,6
1739482946.7482476,-46,-58,25
1739482946.7942476,-15,14,35
1739482946.8392477,4,66,5
1739482946.8852477,-82,-60,3
1739482946.9312477,11,-77,-15
1739482946.9762475,-48,-2,-82
1739482947.0222476,110,-7,33
1739482947.0682476,-38,-42,20
1739482947.1142476,-13,-26,-3
1739482947.1592476,-10,-25,-25
1739482947.2052476,38,-21,-38
1739482947.2512476,96,-25,-85
1739482947.2962475,-20,-108,-22
1739482947.3422475,-82,-134,-64
1739482947.3882475,-22,-126,-75
1739482947.4342475,41,29,-6
1739482947.4792476,24,-61,-28
1739482947.5252476,38,24,43
1739482947.5712476,-7,-2,-16
1739482947.6162477,57,-99,13
1739482947.6622477,65,-149,-92
1739482947.7082477,-58,24,83
1739482947.7542477,92,47,-46
1739482947.7992475,12,-145,88
1739482947.8452475,-53,26,-41
1739482947.8912475,-36,-64,1
1739482947.9362476,70,109,46
1739482947.9822476,-36,-44,6
1739482948.0282476,-42,-118,-34
1739482948.0742476,51,-11,13
1739482948.1192474,12,-80,-119
1739482948.1652474,55,-131,-61
1739482948.2112474,43,-49,-11
1739482948.2562475,47,-53,-44
1739482948.3022475,-18,-15,0
1739482948.3482475,33,-39,-49
1739482948.3942475,5,-38,-103
1739482948.4392476,-32,-30,-51
1739482948.4852476,-45,-32,-58
1739482948.5312476,-81,28,-12
1739482948.5762477,12,-27,-36
1739482948.6222477,-12,-52,-89
1739482948.6682477,68,31,-40
1739482948.7142477,-16,68,-20
1739482948.7592475,-35,-150,24
1739482948.8052475,17,-47,-186
1739482948.8512475,33,-69,-28
1739482948.8962476,-10,-69,42
1739482948.9422476,27,-99,-151
1739482948.9882476,37,-61,-144
1739482949.0342476,-19,8,-46
1739482949.0792477,-3,15,-32
1739482949.1252477,39,-51,-2
1739482949.1712475,46,-33,2
1739482949.2162476,-23,-80,-115
1739482949.2622476,-29,-36,-130
1739482949.3082476,-23,-70,-15
1739482949.3542476,-35,18,-18
1739482949.3992476,-75,-154,20
1739482949.4452477,-22,104,11
1739482949.4912477,67,-63,-67
1739482949.5362475,-131,-88,-35
1739482949.5822475,23,35,-21
1739482949.6282475,-34,8,-93
1739482949.6742475,-49,0,39
1739482949.7192476,-80,24,53
1739482949.7652476,13,-29,-66
1739482949.8112476,2,1,-69
1739482949.8562477,-92,-168,-34
1739482949.9022477,4,-5,0
1739482949.9482474,46,27,3
1739482949.9942474,7,13,2
1739482950.0392475,-11,68,-29
1739482950.0852475,47,23,-44
1739482950.1312475,-30,-124,-127
1739482950.1762476,1,-67,115
1739482950.2222476,57,45,49
1739482950.2682476,4,-51,-52
1739482950.3142476,-29,10,-40
1739482950.3592474,-74,86,-135
1739482950.4052474,19,7,39
1739482950.4512477,-14,-48,-60
1739482950.4962475,-87,-62,2
1739482950.5422475,23,59,-85
1739482950.5882475,-4,-96,-55
1739482950.6342475,-48,-40,69
1739482950.6792476,-79,12,-45
1739482950.7252476,10,125,32
1739482950.7712476,-70,26,31
1739482950.8162477,-5,-42,-43
1739482950.8622477,25,13,-142
1739482950.9082477,49,23,53
1739482950.9542477,-46,36,-111
1739482950.9992476,43,57,-94
1739482951.0452476,60,3,-100
1739482951.0912476,-49,128,-48
1739482951.1362476,-42,0,-24
1739482951.1822476,-32,0,99
1739482951.2282476,31,-1,-34
1739482951.2742476,-71,-78,-112
1739482951.3192475,33,-27,-2
1739482951.3652475,33,-62,57
1739482951.4112475,24,35,-61
1739482951.4562476,-80,-42,-11
1739482951.5022476,-35,16,-263
1739482951.5482476,3,113,-57
1739482951.5942476,-26,-22,-55
1739482951.6392477,-27,112,-48
1739482951.6852477,-36,0,56
1739482951.7312477,20,3,21
1739482951.7762475,-5,25,4
1739482951.8222475,-51,12,-128
1739482951.8682475,77,-71,-2
1739482951.9142475,-22,80,50
1739482951.9592476,25,-73,34
1739482952.0052476,53,-73,-48
1739482952.0512476,8,37,84
1739482952.0962474,-72,-65,-23
1739482952.1422474,39,-56,-74
1739482952.1882474,-32,-28,-62
1739482952.2342474,-59,-26,-117
1739482952.2792475,42,-153,-99
1739482952.3252475,36,41,-49
1739482952.3712475,17,-40,-47
1739482952.4162476,20,-72,-181
1739482952.4622476,0,-32,-120
1739482952.5082476,12,-83,-76
1739482952.5542476,-35,102,0
1739482952.5992477,-61,-56,-90
1739482952.6452477,16,-37,-53
1739482952.6912477,41,-47,-79
1739482952.7362475,11,27,-97
1739482952.7822475,-46,-64,38
1739482952.8282475,-15,-140,-64
1739482952.8742476,17,-50,-22
1739482952.9192476,49,-47,-17
1739482952.9652476,70,71,-165
1739482953.0112476,27,-67,-59
1739482953.0562477,-40,-70,-140
1739482953.1022477,58,57,53
1739482953.1482477,1,43,-83
1739482953.1942475,-21,120,46
1739482953.2392476,23,-88,-29
1739482953.2852476,-49,-40,24
1739482953.3312476,-20,-26,-44
1739482953.3762476,-38,24,42
1739482953.4282477,28,25,-98
1739482953.4742477,-16,-30,26
1739482953.5192475,14,73,0
1739482953.5652475,55,-87,-91
1739482953.6112475,48,47,-20
1739482953.6562476,0,103,11
1739482953.7022476,52,-41,-18
1739482953.7482476,-56,-50,84
1739482953.7942476,-5,-10,-29
1739482953.8392477,-13,-76,0
1739482953.8852477,67,21,-54
1739482953.9312477,-23,-71,14
1739482953.9762475,98,8,-28
1739482954.0222476,-1,53,-222
1739482954.0682476,30,-8,-75
1739482954.1142476,33,40,-101
1739482954.1592476,-53,15,-77
1739482954.2052476,23,-56,37
1739482954.2512476,33,20,21
1739482954.2962475,-43,-131,-9
1739482954.3422475,50,-156,-105
1739482954.3882475,17,-134,-4
1739482954.4342475,20,-66,64
1739482954.4792476,61,-50,-131
1739482954.5252476,58,10,-3
1739482954.5712476,1,-1,-1
1739482954.6162477,22,-11,-6
1739482954.6622477,4,-115,-58
1739482954.7082477,-19,18,22
1739482954.7542477,-1,-66,-135
1739482954.7992475,-15,-70,-34
1739482954.8452475,33,-33,-18
1739482954.8912475,46,19,23
1739482954.9362476,-8,-90,-8
1739482954.9822476,17,37,105
1739482955.0282476,-23,88,43
1739482955.0742476,-27,-10,-102
1739482955.1192474,61,-93,-128
1739482955.1652474,-6,46,-57
1739482955.2112474,25,35,38
1739482955.2562475,-2,-112,8
1739482955.3022475,-34,-32,-54
1739482955.3482475,8,-43,26
1739482955.3942475,40,95,43
1739482955.4392476,29,-29,-4
1739482955.4852476,-34,6,-40
1739482955.5312476,-62,-168,-45
1739482955.5762477,62,-25,-131
1739482955.6222477,-14,30,17
1739482955.6682477,-33,-27,-133
1739482955.7142477,28,61,-26
1739482955.7592475,13,-152,-16
1739482955.8052475,-30,-62,-120
1739482955.8512475,-2,-54,-66
1739482955.8962476,19,-87,-5
1739482955.9422476,-9,28,-28
1739482955.9882476,-41,-66,-10
1739482956.0342476,41,13,51
1739482956.0792477,28,-79,-49
1739482956.1252477,-113,-146,-7
1739482956.1712475,40,-7,-14
1739482956.2162476,-12,-70,-25
1739482956.2622476,-37,-64,-171
1739482956.3082476,5,-28,56
1739482956.3542476,-3,-134,17
1739482956.3992476,38,-72,9
1739482956.4452477,48,22,127
1739482956.4912477,-14,21,-65
1739482956.5362475,42,-6,-147
1739482956.5822475,-83,-65,-44
1739482956.6282475,25,-48,31
1739482956.6742475,-47,-61,-42
1739482956.7192476,-66,-51,-51
1739482956.7652476,-51,17,-38
1739482956.8112476,49,-40,24
1739482956.8562477,46,66,-113
1739482956.9022477,-90,-60,42
1739482956.9482474,-35,-20,58
1739482956.9942474,20,-53,70
1739482957.0392475,37,-4,-21
1739482957.0852475,17,32,72
1739482957.1312475,-4,55,108
1739482957.1762476,77,-97,-57
1739482957.2222476,-9,-10,-60
1739482957.2682476,-18,-22,-40
1739482957.3142476,-19,-12,49
1739482957.3592474,-20,0,-52
1739482957.4052474,84,-151,-57
1739482957.4512477,-34,-14,7
1739482957.4962475,20,-45,7
1739482957.5422475,-93,-2,-92
1739482957.5882475,-7,10,7
1739482957.6342475,71,79,-10
1739482957.6792476,-77,-48,33
1739482957.7252476,-92,-84,23
1739482957.7712476,37,0,-40
1739482957.8162477,-35,-122,15
1739482957.8622477,-80,-32,-66
1739482957.9082477,4,-82,-21
1739482957.9542477,8,-2,-63
1739482957.9992476,38,-97,6
1739482958.0452476,62,-51,-47
1739482958.0912476,87,-39,-41
1739482958.1362476,12,-7,44
1739482958.1822476,-4,-52,-13
1739482958.2282476,27,-81,-52
1739482958.2742476,-10,18,-107
1739482958.3192475,7,-57,-87
1739482958.3652475,71,-27,-85
1739482958.4112475,10,-75,6
1739482958.4562476,-19,-68,-16
1739482958.5022476,28,0,79
1739482958.5482476,-70,-124,-39
1739482958.5942476,2,-93,31
1739482958.6392477,-24,18,-39
1739482958.6852477,8,-109,25
1739482958.7312477,-79,-78,-67
1739482958.7762475,-18,-96,88
1739482958.8222475,41,-115,-85
1739482958.8682475,4,-51,-98
1739482958.9142475,-54,-86,36
1739482958.9592476,-31,-98,-22
1739482959.0052476,20,-48,-15
1739482959.0512476,-32,29,-109
1739482959.0962474,96,-137,39
1739482959.1422474,37,19,47
1739482959.1882474,-18,-118,-134
1739482959.2342474,49,-19,0
1739482959.2792475,51,-103,-31
1739482959.3252475,-22,-32,0
1739482959.3712475,10,30,-132
1739482959.4162476,-15,2,40
1739482959.4622476,39,39,-57
1739482959.5082476,-8,94,80
1739482959.5542476,-100,-162,141
1739482959.5992477,-56,-76,10
1739482959.6452477,-17,-30,-59
1739482959.6912477,78,24,-74
1739482959.7362475,-10,-131,19
1739482959.7822475,2,-43,26
1739482959.8282475,37,38,-129
1739482959.8742476,8,62,156
1739482959.9192476,1,11,30
1739482959.9652476,38,24,-117
1739482960.0112476,-30,-65,-63
1739482960.0562477,154,-120,-34
1739482960.1022477,-12,-146,29
1739482960.1482477,54,-47,4
1739482960.1942475,-11,113,-58
1739482960.2392476,15,-101,-50
1739482960.2852476,40,1,-58
1739482960.3312476,26,-39,-65
1739482960.3762476,30,-97,-73
1739482960.4222476,8,-3,-81
1739482960.4682477,68,-79,-15
1739482960.5142477,-56,66,-84
1739482960.5592475,84,-9,82
1739482960.6052475,8,58,-6
1739482960.6512475,-1,-116,-68
1739482960.6962476,-41,-38,-35
1739482960.7422476,-16,-124,-47
1739482960.7882476,14,-25,-40
1739482960.8342476,52,0,-57
1739482960.8792477,26,-91,-75
1739482960.9252477,-7,-152,25
1739482960.9712474,-34,-158,-62
1739482961.0162475,-11,48,-7
1739482961.0622475,-43,2,-102
1739482961.1082475,47,-30,-2
1739482961.1542475,-8,-84,-112
1739482961.1992476,43,-23,-13
1739482961.2452476,13,29,-52
1739482961.2912476,-1,-68,21
1739482961.3362474,-40,-60,-41
1739482961.3822474,25,-133,-15
1739482961.4282477,16,19,78
1739482961.4742477,9,20,-59
1739482961.5192475,0,-2,6
1739482961.5652475,69,74,11
1739482961.6112475,-16,-27,-119
1739482961.6562476,48,11,-42
1739482961.7022476,-6,-124,-113
1739482961.7482476,33,-132,-41
1739482961.7942476,73,-28,-2
1739482961.8392477,-14,-39,2
1739482961.8852477,-8,-15,-181
1739482961.9312477,44,-66,7
1739482961.9762475,24,77,-34
1739482962.0222476,51,-53,19
1739482962.0682476,3,26,-167
1739482962.1142476,89,49,56
1739482962.1592476,-14,-16,19
1739482962.2052476,19,-2,28
1739482962.2512476,13,-89,21
1739482962.2962475,-87,-114,75
1739482962.3422475,15,-98,-121
1739482962.3882475,138,-35,63
1739482962.4342475,18,-65,-99
1739482962.4792476,-32,-70,35
1739482962.5252476,15,-75,-13
1739482962.5712476,87,37,-7
1739482962.6162477,-41,0,81
1739482962.6622477,7,-39,-27
1739482962.7082477,22,61,-159
1739482962.7542477,-37,0,-23
1739482962.7992475,-17,-114,-12
1739482962.8452475,-42,28,28
1739482962.8912475,-14,72,72
1739482962.9362476,0,10,-138
1739482962.9822476,-18,12,-22
1739482963.0282476,-13,-130,71
1739482963.0742476,19,-19,42
1739482963.1192474,38,39,-110
1739482963.1652474,24,62,-2
1739482963.2112474,-53,-15,-37
1739482963.2562475,-48,73,-105
1739482963.3022475,47,-50,-180
1739482963.3482475,34,-4,2
1739482963.3942475,0,10,-43
1739482963.4452477,-100,-17,-12
1739482963.4912477,49,-11,-69
1739482963.5362475,34,26,-47
1739482963.5822475,10,-70,-10
1739482963.6282475,-32,-117,-132
1739482963.6742475,-48,8,-74
1739482963.7192476,-14,-14,-31
1739482963.7652476,-32,-56,3
1739482963.8112476,-59,16,-9
1739482963.8562477,-68,-100,-125
1739482963.9022477,-44,-8,-94
1739482963.9482474,-31,48,-83
1739482963.9942474,40,-125,-51
1739482964.0392475,-36,-112,-6
1739482964.0852475,45,-73,4
1739482964.1312475,27,-127,-147
1739482964.1762476,47,15,-12
1739482964.2222476,-46,-74,-37
1739482964.2682476,69,-9,-146
1739482964.3142476,-5,-98,41
1739482964.3592474,-19,-6,-57
1739482964.4052474,22,-1,-84
1739482964.4512477,15,-91,-55
1739482964.4962475,-27,-114,-104
1739482964.5422475,-2,128,40
1739482964.5882475,77,7,-39
1739482964.6342475,-47,18,-67
1739482964.6792476,7,-54,-88
1739482964.7252476,-29,-12,64
1739482964.7712476,-53,-74,-86
1739482964.8162477,33,3,-194
1739482964.8622477,81,3,10
1739482964.9082477,-13,-67,43
1739482964.9542477,-5,31,36
1739482964.9992476,19,-17,-46
1739482965.0452476,-20,1,-58
1739482965.0912476,45,-1,-7
1739482965.1362476,-7,18,-39
1739482965.1822476,21,27,74
1739482965.2282476,89,-101,5
1739482965.2742476,70,41,-121
1739482965.3192475,-1,-102,-36
1739482965.3652475,-104,-90,12
1739482965.4112475,-29,-26,-77
1739482965.4562476,-20,38,-76
1739482965.5022476,-32,-4,-5
1739482965.5482476,120,-83,-6
1739482965.5942476,14,9,-118
1739482965.6392477,89,-135,33
1739482965.6852477,-28,-44,-10
1739482965.7312477,-4,-129,-74
1739482965.7762475,1,-43,45
1739482965.8222475,-18,15,-70
1739482965.8682475,11,-9,-33
1739482965.9142475,71,-129,-97
1739482965.9592476,19,-5,-1
1739482966.0052476,65,-47,58
1739482966.0512476,12,-69,-81
1739482966.0962474,-65,-20,-141
1739482966.1422474,-62,24,-20
1739482966.1882474,-31,-34,-33
1739482966.2342474,13,-93,-106
1739482966.2792475,43,-127,-16
1739482966.3252475,-13,-46,38
1739482966.3712475,-87,-80,-150
1739482966.4162476,-58,70,-33
1739482966.4622476,-44,5,-5
1739482966.5082476,63,-50,-27
1739482966.5532477,51,64,-68
1739482966.5992477,-6,-48,-72
1739482966.6452477,-13,7,13
1739482966.6912477,32,-6,-69
1739482966.7362475,62,98,-4
1739482966.7822475,14,100,27
1739482966.8282475,24,-113,7
1739482966.8732476,14,-79,-42
1739482966.9192476,-30,-38,5
1739482966.9652476,-13,1,-14
1739482967.0112476,-4,-53,-49
1739482967.0562477,-6,-86,10
1739482967.1022477,-55,-65,-85
1739482967.1482477,-68,-108,-31
1739482967.1932476,-20,-51,47
1739482967.2392476,-130,84,-160
1739482967.2852476,-13,40,-51
1739482967.3312476,0,44,-36
1739482967.3762476,-50,34,17
1739482967.4222476,-8,38,28
1739482967.4682477,131,9,49
1739482967.5132475,25,-73,-18
1739482967.5592475,38,-3,-16
1739482967.6052475,-12,-83,53
1739482967.6512475,-9,48,11
1739482967.6962476,18,-4,-25
1739482967.7422476,-10,3,47
1739482967.7882476,10,-15,-61
1739482967.8332477,14,9,-32
1739482967.8792477,21,20,111
1739482967.9252477,52,-72,10
1739482967.9712474,-36,-41,-72
1739482968.0162475,65,-95,-8
1739482968.0622475,45,-57,-30
1739482968.1082475,-29,-33,-39
1739482968.1532476,13,-22,30
1739482968.1992476,-46,-66,28
1739482968.2452476,58,37,21
1739482968.2912476,-9,-63,28
1739482968.3362474,-7,37,23
1739482968.3822474,68,-11,-10
1739482968.4282477,-2,-119,20
1739482968.4732475,-15,-36,-151
1739482968.5192475,2,-93,51
1739482968.5652475,-2,0,-50
1739482968.6112475,-18,29,-29
1739482968.6562476,61,-8,-106
1739482968.7022476,22,-48,-88
1739482968.7482476,28,-42,-21
1739482968.7932477,-9,64,-38
1739482968.8392477,-41,-56,-40
1739482968.8852477,36,-47,-2
1739482968.9312477,40,102,-42
1739482968.9762475,1,54,24
1739482969.0222476,-56,-61,11
1739482969.0682476,20,-40,-34
1739482969.1132476,0,-37,-88
1739482969.1592476,-10,11,-111
1739482969.2052476,6,45,-25
1739482969.2512476,-36,-11,104
1739482969.2962475,30,57,-40
1739482969.3422475,-76,-176,-105
1739482969.3882475,-22,-100,100
1739482969.4332476,28,-67,-108
1739482969.4782476,-38,-104,-20
1739482969.5242476,-78,-26,-74
1739482969.5692475,-13,-68,-52
1739482969.6152475,10,-47,-46
1739482969.6612475,2,-25,-125
1739482969.7072475,5,-58,-58
1739482969.7522476,-86,-31,-109
1739482969.7982476,-31,41,-21
1739482969.8442476,93,-24,-63
1739482969.8892477,16,-84,-12
1739482969.9352477,41,90,0
1739482969.9812477,-12,33,18
1739482970.0272477,42,50,-104
1739482970.0722475,17,-83,23
1739482970.1182475,6,-81,11
1739482970.1642475,8,-37,61
1739482970.2092476,91,21,2
1739482970.2552476,-43,0,39
1739482970.3012476,28,-5,-58
1739482970.3472476,-84,-95,-68
1739482970.3922474,58,12,-73
1739482970.4382474,-28,-137,-39
1739482970.4842474,0,31,-84
1739482970.5292475,-18,-53,-124
1739482970.5752475,98,-88,14
1739482970.6212475,-10,31,96
1739482970.6672475,-15,-71,128
1739482970.7122476,33,46,25
1739482970.7582476,-63,-4,65
1739482970.8042476,33,-53,34
1739482970.8492477,100,-2,-89
1739482970.8952477,-38,-62,-26
1739482970.9412477,-67,32,-45
1739482970.9872477,14,4,-34
1739482971.0322475,-48,-114,-45
1739482971.0782475,28,-53,-101
1739482971.1242476,20,-5,-54
1739482971.1692476,-46,-30,-30
1739482971.2152476,27,-45,27
1739482971.2612476,-10,-88,17
1739482971.3072476,30,-11,-41
1739482971.3522477,-98,84,0
1739482971.3982477,-5,71,26
1739482971.4442475,-20,-24,16
1739482971.4892476,5,79,-41
1739482971.5352476,28,-5,-146
1739482971.5812476,35,-59,21
1739482971.6272476,-49,2,78
1739482971.6722476,-53,-126,-5
1739482971.7182477,-35,24,-57
1739482971.7642477,-18,66,44
1739482971.8092475,-41,-58,-116
1739482971.8552475,0,-26,-64
1739482971.9012475,25,81,-41
1739482971.9472475,62,-125,-27
1739482971.9922476,108,-11,-54
1739482972.0382476,24,-165,14
1739482972.0842476,-17,-50,23
1739482972.1292477,-35,-86,-58
1739482972.1752477,-2,-21,-76
1739482972.2212474,-65,24,-70
1739482972.2672474,36,-25,-32
1739482972.3122475,-17,-94,0
1739482972.3582475,-39,25,-47
1739482972.4042475,-94,3,12
1739482972.4492476,36,30,-141
1739482972.4952476,12,-112,-60
1739482972.5412476,-52,-113,-10
1739482972.5872476,13,4,17
1739482972.6322474,124,-26,-28
1739482972.6782477,50,-48,-46
1739482972.7242477,-2,-56,28
1739482972.7692475,60,10,42
1739482972.8152475,-70,-19,-52
1739482972.8612475,57,65,59
1739482972.9072475,64,-74,-26
1739482972.9522476,43,-31,44
1739482972.9982476,-77,-120,54
1739482973.0442476,53,-131,-82
1739482973.0892477,41,-191,40
1739482973.1352477,-2,-89,46
1739482973.1812477,0,139,-88
1739482973.2272477,-64,-14,23
1739482973.2722476,9,-23,-79
1739482973.3182476,32,-45,14
1739482973.3642476,-57,-14,-81
1739482973.4092476,13,-21,-36
1739482973.4612474,27,33,-34
1739482973.5072474,44,-115,-82
1739482973.5522475,6,45,-50
1739482973.5982475,-64,-57,-36
1739482973.6442475,0,-4,51
1739482973.6892476,54,-64,58
1739482973.7352476,-30,-42,21
1739482973.7812476,-6,28,-51
1739482973.8272476,-30,76,27
1739482973.8722477,72,-177,-16
1739482973.9182477,17,27,-112
1739482973.9642477,22,105,-21
1739482974.0092475,-62,86,34
1739482974.0552475,-43,60,-34
1739482974.1012475,-9,10,-44
1739482974.1472476,-17,-152,31
1739482974.1922476,-19,-40,-29
1739482974.2382476,-27,-22,-114
1739482974.2842476,-2,-52,-74
1739482974.3292477,-88,116,-93
1739482974.3752477,-13,-59,-102
1739482974.4212475,13,101,63
1739482974.4672475,25,22,-92
1739482974.5122476,36,54,26
1739482974.5582476,-29,-5,33
1739482974.6042476,56,-77,-31
1739482974.6492476,0,-66,-63
1739482974.6952477,-40,6,-106
1739482974.7412477,-47,0,-75
1739482974.7872477,40,0,68
1739482974.8322475,27,-39,-125
1739482974.8782475,-14,-74,9
1739482974.9242475,41,-65,-59
1739482974.9692476,35,-113,-35
1739482975.0152476,36,17,-114
1739482975.0612476,18,83,-40
1739482975.1072476,27,70,9
1739482975.1522477,-20,-30,48
1739482975.1982474,-50,98,-51
1739482975.2442474,0,-44,-44
1739482975.2892475,33,-54,24
1739482975.3342476,-40,23,-53
1739482975.3802476,1,-52,-48
1739482975.4252477,16,-30,-112
1739482975.4712474,64,-160,-31
1739482975.5172474,39,-105,-6
1739482975.5632474,148,-1,10
1739482975.6082475,-32,-116,-80
1739482975.6542475,18,-125,31
1739482975.7002475,14,-64,-152
1739482975.7452476,-10,-45,-27
1739482975.7912476,-7,10,-43
1739482975.8372476,66,-42,-35
1739482975.8832476,-16,-41,-7
1739482975.9282477,-16,-3,-18
1739482975.9742477,-1,-101,-57
1739482976.0202477,-11,-43,-69
1739482976.0652475,47,-48,-51
1739482976.1112475,-6,19,-34
1739482976.1572475,6,-47,30
1739482976.2032475,-32,-115,27
1739482976.2482476,-53,-57,-120
1739482976.2942476,-28,-88,33
1739482976.3402476,45,-97,97
1739482976.3852477,54,-35,-105
1739482976.4312477,-83,-166,-68
1739482976.4772477,22,-33,-71
1739482976.5232477,51,-39,79
1739482976.5682476,-28,-124,-64
1739482976.6142476,-4,52,-12
1739482976.6602476,-44,-82,-174
1739482976.7052476,-60,-24,-93
1739482976.7512476,-1,-104,-139
1739482976.7972476,-26,-150,52
1739482976.8432477,84,-1,39
1739482976.8882475,0,43,-117
1739482976.9342475,138,-16,-150
1739482976.9802475,48,-184,-23
1739482977.0252476,30,-190,-5
1739482977.0712476,-36,0,-115
1739482977.1172476,23,-6,-103
1739482977.1632476,-31,-3,69
1739482977.2082477,27,-164,-12
1739482977.2542477,-72,-80,23
1739482977.3002477,-25,-6,-45
1739482977.3452475,-34,70,-85
1739482977.3912475,8,-15,-14
1739482977.4372475,-9,-45,-65
1739482977.4832475,-4,43,-50
1739482977.5282476,-7,-230,44
1739482977.5742476,0,60,-13
1739482977.6202476,58,87,37
1739482977.6652474,-7,-21,-36
1739482977.7112474,37,19,40
1739482977.7572474,-28,-42,-69
1739482977.8032477,49,108,6
1739482977.8482475,-63,-11,-147
1739482977.8942475,-50,-37,18
1739482977.9402475,44,-62,-68
1739482977.9852476,-22,-77,-15
1739482978.0312476,-22,-153,11
1739482978.0772476,-17,-33,1
1739482978.1232476,9,-74,0
1739482978.1682477,-27,-3,-45
1739482978.2142477,-96,35,7
1739482978.2602477,-33,-35,-8
1739482978.3052475,-66,-1,-105
1739482978.3512475,0,-38,-85
1739482978.3972476,24,-28,-82
1739482978.4432476,-57,-133,-38
1739482978.4882476,-28,-123,-65
1739482978.5342476,-68,-63,37
1739482978.5802476,-2,24,-186
1739482978.6252477,-24,-53,-84
1739482978.6712475,-15,50,-35
1739482978.7172475,-47,-130,-28
1739482978.7632475,-79,-228,21
1739482978.8082476,-17,-30,-82
1739482978.8542476,-30,36,-103
1739482978.9002476,-18,-18,-163
1739482978.9452477,23,-1,24
1739482978.9912477,-17,0,-63
1739482979.0372477,-33,94,10
1739482979.0832477,6,99,-20
1739482979.1282475,40,-37,-42
1739482979.1742475,22,-73,-27
1739482979.2202475,47,-81,-44
1739482979.2652476,28,5,12
1739482979.3112476,14,-115,-80
1739482979.3572476,-40,-86,-92
1739482979.4032476,46,61,-109
1739482979.4482474,18,-146,-97
1739482979.4942474,21,-71,-92
1739482979.5402474,66,23,-83
1739482979.5852475,-8,16,-20
1739482979.6312475,-81,-44,-35
1739482979.6772475,-60,18,82
1739482979.7232475,59,-37,-87
1739482979.7682476,45,21,12
1739482979.8142476,-16,-46,4
1739482979.8602476,80,32,32
1739482979.9052474,-26,11,96
1739482979.9512477,-30,-41,41
1739482979.9972477,21,96,62
1739482980.0432477,76,88,28
1739482980.0882475,-6,-26,-70
1739482980.1342475,-89,13,-72
1739482980.1802475,29,-154,14
1739482980.2252476,-31,-19,19
1739482980.2712476,91,8,-34
1739482980.3172476,20,83,-102
1739482980.3632476,-65,60,-96
1739482980.4082477,-7,9,-77
1739482980.4542477,19,-33,-52
1739482980.5002477,-17,-28,3
1739482980.5452476,-40,44,-1
1739482980.5912476,-23,-149,-42
1739482980.6372476,-116,-34,4
1739482980.6832476,94,27,-143
1739482980.7282476,-41,-8,-15
1739482980.7742476,-86,-30,57
1739482980.8202477,39,12,-105
1739482980.8652475,-48,75,-110
1739482980.9112475,-41,-54,-142
1739482980.9572475,-10,-74,-88
1739482981.0032475,-76,-175,-61
1739482981.0482476,-112,53,-154
1739482981.0942476,-74,110,59
1739482981.1402476,-23,-30,18
1739482981.1852477,11,137,-93
1739482981.2312477,57,21,175
1739482981.2772477,19,-65,-82
1739482981.3232474,71,-33,-83
1739482981.3682475,-28,-120,-60
1739482981.4142475,-65,-45,-74
1739482981.4602475,-16,12,43
1739482981.5052476,55,-27,-21
1739482981.5512476,-35,-158,-48
1739482981.5972476,-42,-78,125
1739482981.6432476,-9,-158,-105
1739482981.6882474,-29,77,32
1739482981.7342474,43,-29,5
1739482981.7802474,-60,14,-173
1739482981.8252475,-69,22,-140
1739482981.8712475,6,-84,-86
1739482981.9172475,-23,156,3
1739482981.9632475,5,61,-39
1739482982.0082476,-48,13,-16
1739482982.0542476,-19,-27,-49
1739482982.1002476,0,39,-27
1739482982.1452477,62,76,-42
1739482982.1912477,-30,-59,-83
1739482982.2372477,-61,-99,11
1739482982.2832477,90,-90,-94
1739482982.3282475,-47,-36,26
1739482982.3742476,6,105,-26
1739482982.4202476,-26,16,-2
1739482982.4652476,-39,-78,16
1739482982.5112476,127,39,-60
1739482982.5572476,73,-43,25
1739482982.6032476,-31,-44,-1
1739482982.6482477,6,-5,-84
1739482982.6942475,62,-99,-82
1739482982.7402475,-72,-166,-60
1739482982.7852476,74,12,-121
1739482982.8312476,-63,43,-61
1739482982.8772476,9,-56,-163
1739482982.9232476,2,-135,45
1739482982.9682477,30,20,9
1739482983.0142477,-25,27,-27
1739482983.0602477,27,-10,0
1739482983.1052475,-14,67,-10
1739482983.1512475,53,-12,-128
1739482983.1972475,-62,-13,123
1739482983.2432475,-27,-61,-10
1739482983.2882476,-12,35,38
1739482983.3342476,59,-54,-12
1739482983.3802476,-69,43,-3
1739482983.4312477,-13,21,-53
1739482983.4772477,-57,-67,12
1739482983.5232477,0,8,-65
1739482983.5682476,-42,-69,-26
1739482983.6142476,0,-51,-126
1739482983.6602476,-6,5,-38
1739482983.7052476,-9,-24,100
1739482983.7512476,-1,-32,25
1739482983.7972476,40,-87,-123
1739482983.8432477,12,-29,-48
1739482983.8882475,0,-32,46
1739482983.9342475,-57,-11,26
1739482983.9802475,-37,-79,-126
1739482984.0252476,16,80,-90
1739482984.0712476,-14,-37,183
1739482984.1172476,4,-74,-166
1739482984.1632476,15,0,-72
1739482984.2082477,-1,-42,-3
1739482984.2542477,-16,-15,-68
1739482984.3002477,-14,-83,-16
1739482984.3452475,-45,-9,13
1739482984.3912475,-38,-81,-23
1739482984.4372475,-35,-69,46
1739482984.4832475,6,-136,0
1739482984.5282476,-60,-26,-24
1739482984.5742476,103,-41,20
1739482984.6202476,10,-95,-53
1739482984.6652474,19,-75,-14
1739482984.7112474,22,181,-131
1739482984.7572474,55,-80,35
1739482984.8032477,-21,-33,-78
1739482984.8482475,31,71,14
1739482984.8942475,-36,-11,-16
1739482984.9402475,-71,11,-58
1739482984.9852476,87,0,-71
1739482985.0312476,-13,29,149
1739482985.0772476,40,35,12
1739482985.1232476,26,-34,-5
1739482985.1682477,1,2,-31
1739482985.2142477,-29,-169,113
1739482985.2602477,-30,-93,55
1739482985.3052475,-32,-87,88
1739482985.3512475,-81,67,-151
1739482985.3972476,-43,-51,-86
1739482985.4432476,12,-84,-69
1739482985.4882476,13,-4,29
1739482985.5342476,20,-14,-14
1739482985.5802476,75,-18,-47
1739482985.6252477,38,-70,3
1739482985.6712475,-11,-93,43
1739482985.7172475,61,38,-37
1739482985.7632475,-21,-12,-67
1739482985.8082476,-23,-16,69
1739482985.8542476,-25,-16,-22
1739482985.9002476,-54,-93,2
1739482985.9452477,10,-28,9
1739482985.9912477,-34,-15,-89
1739482986.0372477,47,-96,-85
1739482986.0832477,-19,-51,-83
1739482986.1282475,-1,12,28
1739482986.1742475,56,-91,-24
1739482986.2202475,4,-47,94
1739482986.2652476,-4,-136,-99
1739482986.3112476,-41,-7,120
1739482986.3572476,-11,-61,8
1739482986.4032476,24,-30,-68
1739482986.4482474,-25,-81,-91
1739482986.4942474,66,-128,-30
1739482986.5402474,-57,23,67
1739482986.5852475,24,-117,6
1739482986.6312475,-10,-144,-122
1739482986.6772475,-73,-94,-87
1739482986.7232475,-24,-80,13
1739482986.7682476,-46,-10,139
1739482986.8142476,-26,90,3
1739482986.8602476,-2,11,-110
1739482986.9052474,58,-50,4
1739482986.9512477,-45,-43,16
1739482986.9972477,-81,-29,12
1739482987.0432477,49,16,43
1739482987.0882475,15,-60,-13
1739482987.1342475,-23,103,-153
1739482987.1802475,-52,-33,32
1739482987.2252476,5,-69,-119
1739482987.2712476,-30,-110,-40
1739482987.3172476,5,53,-63
1739482987.3632476,-53,63,61
1739482987.4082477,-80,-5,-151
1739482987.4542477,7,-24,-47
1739482987.5002477,51,15,48
1739482987.5452476,22,-57,-71
1739482987.5912476,82,23,-23
1739482987.6372476,22,-53,6
1739482987.6832476,69,-3,-18
1739482987.7282476,-41,-208,-57
1739482987.7742476,70,8,0
1739482987.8202477,-3,-1,11
1739482987.8652475,-16,-51,-20
1739482987.9112475,8,90,-49
1739482987.9572475,24,-144,-103
1739482988.0032475,-3,-66,-7
1739482988.0482476,-36,-81,3
1739482988.0942476,5,-5,55
1739482988.1402476,0,-34,-128
1739482988.1852477,7,-144,-70
1739482988.2312477,39,-5,75
1739482988.2772477,41,-39,62
1739482988.3232474,-20,38,-35
1739482988.3682475,45,-181,23
1739482988.4142475,-14,2,-48
1739482988.4602475,-53,72,-82
1739482988.5052476,23,-33,-88
1739482988.5512476,3,-37,-64
1739482988.5972476,111,-11,-105
1739482988.6432476,7,17,-116
1739482988.6882474,-60,-44,55
1739482988.7342474,-12,-42,-141
1739482988.7802474,-53,-78,97
1739482988.8252475,-6,-58,-81
1739482988.8712475,-43,-2,28
1739482988.9172475,0,44,17
1739482988.9632475,61,-97,-6
1739482989.0082476,-15,-32,-53
1739482989.0542476,-38,-75,-57
1739482989.1002476,-39,2,-34
1739482989.1452477,-8,32,-89
1739482989.1912477,11,-17,-17
1739482989.2372477,-45,2,27
1739482989.2832477,-51,64,-58
1739482989.3282475,40,-44,-27
1739482989.3742476,12,-98,41
1739482989.4202476,33,72,-118
1739482989.4652476,-16,-95,-50
1739482989.5112476,27,-99,-9
1739482989.5572476,-58,-48,1
1739482989.6032476,35,-19,37
1739482989.6482477,7,19,-130
1739482989.6942475,0,-96,-14
1739482989.7402475,90,-123,-61
1739482989.7852476,-9,-173,-10
1739482989.8312476,-48,-64,-86
1739482989.8772476,20,-3,-62
1739482989.9232476,22,-27,-42
1739482989.9682477,12,17,-59
1739482990.0142477,8,18,-39
1739482990.0602477,-11,-214,51
1739482990.1052475,-25,-89,19
1739482990.1512475,38,-90,10
1739482990.1972475,12,58,-34
1739482990.2432475,-78,-55,0
1739482990.2882476,30,19,-37
1739482990.3342476,-5,-46,-63
1739482990.3802476,-10,-42,-32
1739482990.4252477,-37,-147,-112
1739482990.4712474,-28,-102,-59
1739482990.5172474,53,-22,30
1739482990.5632474,-70,134,-1
1739482990.6082475,-112,-206,-13
1739482990.6542475,27,-59,30
1739482990.7002475,8,-19,-80
1739482990.7452476,-13,-6,-57
1739482990.7912476,4,-12,32
1739482990.8372476,19,-21,-10
1739482990.8832476,-56,-60,-141
1739482990.9282477,65,-27,2
1739482990.9742477,-33,-23,35
1739482991.0202477,-2,43,-140
1739482991.0652475,52,-28,-77
1739482991.1112475,-21,-9,-24
1739482991.1572475,42,-24,-100
1739482991.2032475,-1,-32,65
1739482991.2482476,-2,-90,-34
1739482991.2942476,-4,15,-48
1739482991.3402476,7,-79,-147
1739482991.3852477,0,-22,-7
1739482991.4312477,17,75,-137
1739482991.4772477,25,-85,38
1739482991.5232477,99,-59,-73
1739482991.5682476,80,-51,-51
1739482991.6142476,-83,-118,-55
1739482991.6602476,-15,15,-78
1739482991.7052476,30,25,35
1739482991.7512476,-24,-84,25
1739482991.7972476,-31,0,-42
1739482991.8432477,-17,212,-37
1739482991.8882475,-81,-118,-208
1739482991.9342475,5,61,-108
1739482991.9802475,101,-9,41
1739482992.0252476,-20,-124,15
1739482992.0712476,37,51,51
1739482992.1172476,-49,-178,-27
1739482992.1632476,9,-45,-83
1739482992.2082477,-71,-44,20
1739482992.2542477,38,51,11
1739482992.3002477,-42,-154,41
1739482992.3452475,48,-80,-97
1739482992.3912475,-57,-15,-34
1739482992.4372475,33,-18,-40
1739482992.4832475,-52,-83,-143
1739482992.5282476,-25,-77,-60
1739482992.5742476,-61,50,-102
1739482992.6202476,19,-6,-10
1739482992.6652474,-11,-11,-45
1739482992.7112474,43,8,-42
1739482992.7572474,-13,-10,11
1739482992.8032477,65,0,-12
1739482992.8482475,72,1,60
1739482992.8942475,9,-17,-128
1739482992.9402475,-41,0,-96
1739482992.9852476,-11,-10,-26
1739482993.0312476,38,-42,-8
1739482993.0772476,-48,13,-159
1739482993.1232476,-49,-32,-156
1739482993.1682477,-66,-38,104
1739482993.2142477,-31,-60,11
1739482993.2602477,-121,-2,-162
1739482993.3052475,-48,-50,-118
1739482993.3512475,-4,-127,-42
1739482993.3972476,-38,-24,-138
1739482993.4482474,-76,26,-108
1739482993.4942474,0,-30,33
1739482993.5402474,-25,-38,-170
1739482993.5852475,-75,-152,-82
1739482993.6312475,-21,-26,-170
1739482993.6772475,12,-1,-144
1739482993.7232475,65,-50,35
1739482993.7682476,-5,70,44
1739482993.8142476,64,-82,-108
1739482993.8602476,45,-61,-70
1739482993.9052474,-46,-147,61
1739482993.9512477,-10,-10,-50
1739482993.9972477,2,-100,-53
1739482994.0432477,109,-179,-40
1739482994.0882475,-30,-94,6
1739482994.1342475,-25,0,58
1739482994.1802475,34,-67,-82
1739482994.2252476,21,-63,-73
1739482994.2712476,84,28,-73
1739482994.3172476,-49,-74,-22
1739482994.3632476,-94,-20,-61
1739482994.4082477,19,-11,-106
1739482994.4542477,-17,0,-41
1739482994.5002477,87,-109,-41
1739482994.5452476,-6,-87,-78
1739482994.5912476,7,-57,-53
1739482994.6372476,29,-29,-121
1739482994.6832476,65,-45,-68
1739482994.7282476,-10,-48,-177
1739482994.7742476,70,-59,1
1739482994.8202477,10,25,-12
1739482994.8652475,-17,-92,-26
1739482994.9112475,-65,-88,-45
1739482994.9572475,58,-9,-76
1739482995.0032475,3,164,-6
1739482995.0482476,91,41,5
1739482995.0942476,59,-93,102
1739482995.1402476,32,-38,0
1739482995.1852477,37,78,38
1739482995.2312477,5,-41,-59
1739482995.2772477,60,10,139
1739482995.3232474,-20,23,-72
1739482995.3682475,0,-52,35
1739482995.4142475,-3,-70,-21
1739482995.4602475,-7,-32,36
1739482995.5052476,42,64,12
1739482995.5512476,-22,-17,21
1739482995.5972476,15,-62,-115
1739482995.6432476,56,-46,-80
1739482995.6882474,21,89,-120
1739482995.7342474,-19,10,0
1739482995.7802474,34,-57,-34
1739482995.8252475,99,-45,59
1739482995.8712475,34,-63,0
1739482995.9172475,18,35,28
1739482995.9632475,-25,-77,-74
1739482996.0082476,42,-42,-54
1739482996.0542476,-43,23,38
1739482996.1002476,59,-32,47
1739482996.1452477,-47,71,-56
1739482996.1912477,-19,85,-31
1739482996.2372477,-18,-79,-53
1739482996.2832477,23,-26,-146
1739482996.3282475,-36,65,29
1739482996.3742476,7,-72,-17
1739482996.4202476,-59,-9,21
1739482996.4652476,-50,-97,-17
1739482996.5112476,30,8,28
1739482996.5572476,2,-108,112
1739482996.6032476,79,-80,-48
1739482996.6482477,112,-70,-76
1739482996.6942475,-37,-143,-34
1739482996.7402475,-2,-13,-54
1739482996.7852476,-21,-129,-32
1739482996.8312476,11,-7,-12
1739482996.8772476,48,-89,-92
1739482996.9232476,-12,0,-33
1739482996.9682477,-8,27,40
1739482997.0142477,11,52,28
1739482997.0602477,64,-31,-42
1739482997.1052475,-53,-20,-93
1739482997.1512475,-62,7,-41
1739482997.1972475,-96,-5,-3
1739482997.2432475,11,35,115
1739482997.2882476,20,-6,-68
1739482997.3342476,11,-14,-114
1739482997.3802476,51,-14,-1
1739482997.4252477,-53,-103,-32
1739482997.4712474,42,-106,-95
1739482997.5172474,-62,-8,0
1739482997.5632474,40,-131,33
1739482997.6082475,-80,20,-107
1739482997.6542475,5,-7,-74
1739482997.7002475,-27,-46,-30
1739482997.7452476,-24,-44,58
1739482997.7912476,-73,-24,-91
1739482997.8372476,-7,-63,-76
1739482997.8832476,-35,-145,-8
1739482997.9282477,-18,69,-38
1739482997.9742477,27,118,11
1739482998.0202477,40,-72,-35
1739482998.0652475,5,-42,25
1739482998.1112475,42,-170,72
1739482998.1572475,59,-48,-31
1739482998.2032475,27,-142,-19
1739482998.2482476,0,-1,11
1739482998.2942476,2,-108,-82
1739482998.3402476,-54,49,-142
1739482998.3852477,15,-81,-71
1739482998.4312477,-46,73,61
1739482998.4772477,47,-36,57
1739482998.5232477,21,-93,-96
1739482998.5682476,-16,114,38
1739482998.6142476,29,5,-149
1739482998.6602476,-8,32,24
1739482998.7052476,-18,-186,-63
1739482998.7512476,11,45,6
1739482998.7972476,-111,-28,-43
1739482998.8432477,-52,-11,-96
1739482998.8882475,-64,-67,63
1739482998.9342475,-2,-53,-4
1739482998.9802475,-87,-31,-44
1739482999.0252476,-56,40,-106
1739482999.0712476,26,-127,-154
1739482999.1172476,53,-41,54
1739482999.1622477,-22,128,-34
1739482999.2082477,87,-119,-82
1739482999.2542477,21,-29,-31
1739482999.3002477,4,19,-9
1739482999.3452475,64,-13,-82
1739482999.3912475,63,49,-81
1739482999.4372475,-17,-118,55
1739482999.4822476,26,-76,-62
1739482999.5282476,-20,-174,73
1739482999.5742476,11,-83,63
1739482999.6202476,-7,10,17
1739482999.6652474,-14,-76,-57
1739482999.7112474,5,-129,16
1739482999.7572474,-29,-116,-77
1739482999.8022475,6,-47,-59
1739482999.8482475,-51,34,-90
1739482999.8942475,-55,-20,-71
1739482999.9402475,-2,38,-62
1739482999.9852476,-42,-84,-94
1739483000.0312476,-51,19,83
1739483000.0772476,-103,97,-33
1739483000.1222477,-4,-59,35
1739483000.1682477,16,-54,-9
1739483000.2142477,39,-132,-126
1739483000.2602477,-43,35,0
1739483000.3052475,13,10,58
1739483000.3512475,34,-2,-46
1739483000.3962476,8,28,-136
1739483000.4412477,88,-2,-31
1739483000.4872477,54,30,-30
1739483000.5332477,-19,13,65
1739483000.5782475,-42,-41,51
1739483000.6242476,-6,-39,-39
1739483000.6702476,-38,-21,-15
1739483000.7162476,-61,-83,-7
1739483000.7612476,49,58,-157
1739483000.8072476,21,12,-74
1739483000.8532476,-53,-67,65
1739483000.8982477,-31,-97,-20
1739483000.9442475,38,-34,-57
1739483000.9902475,46,60,-109
1739483001.0362475,-32,69,-48
1739483001.0812476,-21,-95,-92
1739483001.1272476,40,-32,-16
1739483001.1732476,-19,65,-63
1739483001.2182477,-40,-75,-93
1739483001.2642477,11,-14,11
1739483001.3102477,-21,-57,-46
1739483001.3562477,69,-2,5
1739483001.4012475,-19,-8,-103
1739483001.4472475,29,-189,-34
1739483001.4932475,55,-22,-143
1739483001.5382476,-51,-45,30
1739483001.5842476,-25,-21,-46
1739483001.6302476,-29,29,-81
1739483001.6762476,33,-34,-87
1739483001.7212474,-23,-81,6
1739483001.7672474,-29,27,40
1739483001.8132474,-80,-51,71
1739483001.8582475,96,16,-71
1739483001.9042475,-121,19,-72
1739483001.9502475,-78,-43,-11
1739483001.9962475,-57,-57,-114
1739483002.0412476,-52,-75,-25
1739483002.0872476,7,10,0
1739483002.1332476,-12,-97,62
1739483002.1782477,-13,-31,5
1739483002.2242477,-44,-69,-160
1739483002.2702477,-75,-121,-54
1739483002.3162477,0,-89,-100
1739483002.3612475,54,-112,21
1739483002.4072475,-19,-49,-26
1739483002.4532475,22,-98,-16
1739483002.4982476,-27,83,95
1739483002.5442476,-26,0,67
1739483002.5902476,30,-52,76
1739483002.6362476,-25,13,3
1739483002.6812477,-41,-99,-82
1739483002.7272477,46,-92,13
1739483002.7732477,19,-90,-198
1739483002.8182476,7,50,-91
1739483002.8642476,-22,101,-64
1739483002.9102476,-69,-25,-82
1739483002.9562476,2,-6,88
1739483003.0012476,19,-30,26
1739483003.0472476,-89,-147,42
1739483003.0932477,-15,29,-86
1739483003.1382475,-64,-82,-33
1739483003.1842475,-91,112,-32
1739483003.2302475,1,-60,-96
1739483003.2762475,25,29,124
1739483003.3212476,67,23,-104
1739483003.3672476,1,-91,-77
1739483003.4132476,24,-32,-33
1739483003.4642477,-12,-59,-79
1739483003.5102477,16,-106,-22
1739483003.5562477,9,-12,-71
1739483003.6012475,10,-36,-40
1739483003.6472476,-70,135,-13
1739483003.6942475,-38,-93,-66
1739483003.7402475,-6,-91,-118
1739483003.7852476,42,-72,-16
1739483003.8312476,27,-98,51
1739483003.8772476,-101,-11,103
1739483003.9222476,18,-62,-31
1739483003.9682477,-41,-27,-24
1739483004.0142477,19,-126,62
1739483004.0602477,-14,-31,27
1739483004.1052475,-22,73,36
1739483004.1512475,55,26,-133
1739483004.1972475,-43,25,73
1739483004.2422476,-4,-103,-121
1739483004.2882476,-37,-65,-113
1739483004.3342476,30,24,-27
1739483004.3802476,77,22,21
1739483004.4252477,63,-64,-54
1739483004.4712474,1,-104,169
1739483004.5172474,-51,107,22
1739483004.5622475,-26,93,1
1739483004.6082475,-8,-27,-74
1739483004.6542475,-43,-79,-85
1739483004.7002475,-47,-89,-38
1739483004.7452476,108,0,-120
1739483004.7912476,-44,-75,6
1739483004.8372476,0,-12,-28
1739483004.8822474,23,-18,56
1739483004.9282477,22,66,-53
1739483004.9742477,1,-50,-141
1739483005.0202477,13,-1,-85
1739483005.0652475,39,-39,13
1739483005.1112475,-13,21,19
1739483005.1572475,66,-132,-60
1739483005.2022476,-45,-19,40
1739483005.2482476,-79,67,-28
1739483005.2942476,18,-28,67
1739483005.3402476,-43,19,-34
1739483005.3852477,35,66,55
1739483005.4312477,2,-116,27
1739483005.4772477,-2,9,-9
1739483005.5222476,5,-84,-87
1739483005.5682476,-44,-7,-3
1739483005.6142476,117,41,-48
1739483005.6602476,-80,-46,-81
1739483005.7052476,40,17,-24
1739483005.7512476,10,-156,-30
1739483005.7972476,25,65,61
1739483005.8422475,8,-23,-42
1739483005.8882475,-59,-65,3
1739483005.9342475,20,-13,46
1739483005.9802475,75,35,-49
1739483006.0252476,-25,28,0
1739483006.0712476,1,39,-34
1739483006.1172476,23,-119,-74
1739483006.1622477,31,-65,116
1739483006.2082477,-39,4,8
1739483006.2542477,9,-31,-76
1739483006.3002477,33,-11,-12
1739483006.3452475,4,21,-8
1739483006.3912475,33,-88,-15
1739483006.4372475,-15,66,-79
1739483006.4822476,4,82,-48
1739483006.5282476,-16,-143,10
1739483006.5742476,-3,107,-56
1739483006.6202476,-74,-99,-111
1739483006.6652474,-5,-8,-154
1739483006.7112474,75,-8,73
1739483006.7572474,-56,-53,-11
1739483006.8022475,-6,-122,-145
1739483006.8482475,-72,-101,-89
1739483006.8942475,-6,-33,26
1739483006.9402475,14,-16,-61
1739483006.9852476,-50,1,-41
1739483007.0312476,42,-36,-87
1739483007.0772476,17,12,21
1739483007.1222477,22,-36,-30
1739483007.1682477,-4,-81,-2
1739483007.2142477,-53,-81,51
1739483007.2602477,68,-38,22
1739483007.3052475,-7,-83,-89
1739483007.3512475,11,-114,-98
1739483007.3972476,23,-116,-18
1739483007.4422476,-54,-49,-36
1739483007.4882476,-3,-167,1
1739483007.5342476,20,-68,53
1739483007.5802476,11,18,-71
1739483007.6252477,-8,-73,54
1739483007.6712475,43,26,-21
1739483007.7172475,-38,-29,-40
1739483007.7622476,-98,135,-126
1739483007.8082476,63,-20,20
1739483007.8542476,5,31,17
1739483007.9002476,-57,-25,-82
1739483007.9452477,16,26,-3
1739483007.9912477,-22,-33,-80
1739483008.0372477,-95,-87,-27
1739483008.0822475,-20,-47,34
1739483008.1282475,-78,-89,-33
1739483008.1742475,-24,-113,-8
1739483008.2202475,-65,-127,-176
1739483008.2652476,-50,-15,-33
1739483008.3112476,78,38,5
1739483008.3572476,64,-26,-52
1739483008.4022477,-34,-35,118
1739483008.4482474,16,-76,-33
1739483008.4942474,44,-24,70
1739483008.5402474,-39,-93,39
1739483008.5852475,33,48,-137
1739483008.6312475,-54,55,-112
1739483008.6772475,-52,-5,65
1739483008.7222476,21,-62,112
1739483008.7682476,2,30,30
1739483008.8142476,-13,87,-15
1739483008.8602476,-27,-62,-93
1739483008.9052474,-57,-45,-28
1739483008.9512477,-12,-142,24
1739483008.9972477,-49,44,-66
1739483009.0422475,21,39,36
1739483009.0882475,70,-103,0
1739483009.1342475,-36,-40,-60
1739483009.1802475,-58,-84,0
1739483009.2252476,-30,-32,-57
1739483009.2712476,-2,3,49
1739483009.3172476,4,-121,-37
1739483009.3622477,-32,5,-104
1739483009.4082477,-39,11,-31
1739483009.4542477,14,-30,-100
1739483009.5002477,-34,37,81
1739483009.5452476,4,-4,5
1739483009.5912476,-3,54,-18
1739483009.6372476,23,-80,26
1739483009.6822476,18,32,-49
1739483009.7282476,45,-98,0
1739483009.7742476,70,-60,0
1739483009.8202477,13,19,-41
1739483009.8652475,22,-28,-43
1739483009.9112475,-38,3,-45
1739483009.9572475,-15,-71,-26
1739483010.0022476,35,2,-8
1739483010.0482476,4,-98,22
1739483010.0942476,38,-62,-135
1739483010.1402476,-13,-65,-55
1739483010.1852477,-88,75,28
1739483010.2312477,-46,-15,-67
1739483010.2772477,-87,123,-72
1739483010.3222475,0,-55,-103
1739483010.3682475,78,-140,-16
1739483010.4142475,-37,-11,-66
1739483010.4602475,50,-30,20
1739483010.5052476,38,-96,-62
1739483010.5512476,88,-234,-103
1739483010.5972476,31,-60,-23
1739483010.6422474,12,88,-42
1739483010.6882474,13,-38,103
1739483010.7342474,-67,165,-73
1739483010.7802474,40,-210,-42
1739483010.8252475,59,28,76
1739483010.8712475,-28,3,-15
1739483010.9172475,9,-124,-99
1739483010.9622476,12,-84,-59
1739483011.0082476,-23,0,-13
1739483011.0542476,22,-35,68
1739483011.1002476,32,9,-25
1739483011.1452477,-39,8,78
1739483011.1912477,-74,-40,-30
1739483011.2372477,82,-111,-66
1739483011.2822475,-51,-62,-118
1739483011.3282475,12,7,4
1739483011.3742476,-12,6,-90
1739483011.4202476,-13,-36,21
1739483011.4652476,13,-44,21
1739483011.5112476,38,12,58
1739483011.5572476,-76,-43,-71
1739483011.6022477,-55,-73,-53
1739483011.6482477,-24,9,-91
1739483011.6942475,0,-48,4
1739483011.7402475,42,-44,-86
1739483011.7852476,-25,-3,-114
1739483011.8312476,-36,15,-93
1739483011.8772476,8,-12,-143
1739483011.9222476,-3,-143,-90
1739483011.9682477,-37,-117,-91
1739483012.0142477,-8,-128,10
1739483012.0602477,31,2,-16
1739483012.1052475,6,-76,-130
1739483012.1512475,57,-62,-119
1739483012.1972475,32,-12,-16
1739483012.2422476,25,-16,-16
1739483012.2882476,23,-12,19
1739483012.3342476,-39,-65,-23
1739483012.3802476,46,-28,-78
1739483012.4252477,-79,-97,-166
1739483012.4712474,-6,0,-98
1739483012.5172474,-29,-51,-76
1739483012.5622475,-31,-1,-129
1739483012.6082475,-11,11,97
1739483012.6542475,50,0,3
1739483012.7002475,42,-34,4
1739483012.7452476,-67,-31,-43
1739483012.7912476,15,16,43
1739483012.8372476,-28,63,-4
1739483012.8822474,-71,-49,-79
1739483012.9282477,-60,-29,-16
1739483012.9742477,51,-4,-131
1739483013.0202477,-89,-67,0
1739483013.0652475,6,6,-79
1739483013.1112475,-14,-45,-28
1739483013.1572475,51,-28,-202
1739483013.2022476,-31,-87,20
1739483013.2482476,-1,-13,-87
1739483013.2942476,47,0,-190
1739483013.3402476,-4,-49,-49
1739483013.3852477,-19,-71,-181
1739483013.4312477,71,18,-70
1739483013.4822476,33,-82,34
1739483013.5282476,-84,-91,-137
1739483013.5742476,-64,37,-22
1739483013.6202476,-50,109,14
1739483013.6652474,102,-28,-56
1739483013.7112474,7,30,-42
1739483013.7572474,32,16,21
1739483013.8022475,64,30,-15
1739483013.8482475,-66,-5,-103
1739483013.8942475,-13,-67,-22
1739483013.9402475,2,0,-38
1739483013.9852476,-2,-72,-71
1739483014.0312476,9,-64,-91
1739483014.0772476,-14,-53,-34
1739483014.1222477,-15,-71,-15
1739483014.1682477,9,-106,-43
1739483014.2142477,-94,-67,0
1739483014.2602477,-21,-205,81
1739483014.3052475,-6,-53,-73
1739483014.3512475,-102,-49,62
1739483014.3972476,-39,-49,3
1739483014.4422476,14,6,-11
1739483014.4882476,-102,-1,-29
1739483014.5342476,3,-112,-74
1739483014.5802476,-10,-91,47
1739483014.6252477,-12,-47,55
1739483014.6712475,52,-78,-44
1739483014.7172475,-3,11,-69
1739483014.7622476,-24,-1,-64
1739483014.8082476,-6,-27,2
1739483014.8542476,62,42,18
1739483014.9002476,34,-60,33
1739483014.9452477,15,-76,12
1739483014.9912477,8,74,-8
1739483015.0372477,22,-18,85
1739483015.0822475,30,24,99
1739483015.1282475,-60,-71,57
1739483015.1742475,31,-44,-4
1739483015.2202475,-32,13,-76
1739483015.2652476,-22,-81,-49
1739483015.3112476,-30,11,-224
1739483015.3572476,10,-30,-179
1739483015.4022477,63,38,39
1739483015.4482474,-8,51,-62
1739483015.4942474,-33,-25,3
1739483015.5402474,-72,-111,-141
1739483015.5852475,1,-82,39
1739483015.6312475,-60,-65,-37
1739483015.6772475,45,74,0
1739483015.7222476,51,-98,70
1739483015.7682476,-28,51,-66
1739483015.8142476,-111,59,-71
1739483015.8582475,14,-4,-81
1739483015.9042475,-8,-81,-78
1739483015.9502475,-74,43,11
1739483015.9962475,0,5,34
1739483016.0412476,-9,24,-95
1739483016.0872476,69,-38,-69
1739483016.1332476,53,-46,-41
1739483016.1782477,18,-16,-60
1739483016.2242477,-36,-51,3
1739483016.2702477,-5,-42,-96
1739483016.3162477,5,-160,-2
1739483016.3612475,-22,-117,31
1739483016.4072475,-47,-29,22
1739483016.4532475,-11,-23,-69
1739483016.4982476,35,-42,-28
1739483016.5442476,-27,55,-82
1739483016.5902476,23,-2,3
1739483016.6362476,-2,23,-65
1739483016.6812477,-50,-53,40
1739483016.7272477,92,-14,-62
1739483016.7732477,-16,-87,-42
1739483016.8182476,89,4,15
1739483016.8642476,-45,-3,-39
1739483016.9102476,23,-70,18
1739483016.9562476,18,-6,-117
1739483017.0012476,35,-84,-108
1739483017.0472476,-112,53,-90
1739483017.0932477,-8,-147,-13
1739483017.1382475,33,-122,-66
1739483017.1842475,-80,-21,50
1739483017.2302475,84,-2,-112
1739483017.2762475,12,20,-122
1739483017.3212476,5,-78,32
1739483017.3672476,-29,-79,-15
1739483017.4132476,-12,-37,30
1739483017.4582477,63,-62,-18
1739483017.5042477,121,58,-117
1739483017.5502477,-74,-53,-30
1739483017.5962474,51,-128,-38
1739483017.6412475,26,-72,-36
1739483017.6872475,-52,29,-34
1739483017.7332475,-43,-57,85
1739483017.7782476,-54,-49,-107
1739483017.8242476,89,-104,15
1739483017.8702476,43,-98,-93
1739483017.9162476,2,18,-9
1739483017.9612474,46,-56,-70
1739483018.0072474,21,-34,40
1739483018.0532477,-34,-95,25
1739483018.0982475,32,0,-63
1739483018.1442475,76,-68,27
1739483018.1902475,-22,-111,-92
1739483018.2362475,30,-66,-37
1739483018.2812476,27,-100,14
1739483018.3272476,-35,-39,-6
1739483018.3732476,-6,-57,-64
1739483018.4182477,62,-34,-83
1739483018.4642477,-9,-185,37
1739483018.5102477,24,-60,4
1739483018.5562477,91,42,8
1739483018.6012475,11,12,-29
1739483018.6472476,37,22,25
1739483018.6932476,-49,-27,6
1739483018.7382476,-29,-101,100
1739483018.7842476,27,32,-25
1739483018.8302476,-18,115,8
1739483018.8762476,-20,21,-9
1739483018.9212475,6,-26,28
1739483018.9672475,6,38,19
1739483019.0132475,33,18,-194
1739483019.0582476,-2,-64,-29
1739483019.1042476,-51,39,-15
1739483019.1502476,-42,-113,22
1739483019.1962476,27,-48,45
1739483019.2412477,-11,-63,-139
1739483019.2872477,-14,-47,-85
1739483019.3332477,-4,-37,-118
1739483019.3782475,-48,-59,-51
1739483019.4242475,-14,35,-127
1739483019.4702475,17,-126,84
1739483019.5162475,-75,3,-48
1739483019.5612476,-35,-91,-111
1739483019.6072476,62,-38,-19
1739483019.6532476,43,0,-64
1739483019.6982474,-108,-43,5
1739483019.7442474,-118,39,106
1739483019.7902474,-30,-47,-54
1739483019.8362474,42,4,-77
1739483019.8812475,-57,41,2
1739483019.9272475,-33,-97,-99
1739483019.9732475,-86,-3,28
1739483020.0182476,-8,7,-127
1739483020.0642476,-27,-33,-3
1739483020.1102476,35,-16,-34
1739483020.1562476,-32,23,-99
1739483020.2012477,53,-76,25
1739483020.2472477,-50,133,149
1739483020.2932477,-52,11,-4
1739483020.3382475,-5,-15,37
1739483020.3842475,41,-140,-88
1739483020.4302475,31,-78,56
1739483020.4762475,-59,19,-39
1739483020.5212476,21,-100,23
1739483020.5672476,-11,3,-89
1739483020.6132476,-65,63,-36
1739483020.6582477,15,-106,13
1739483020.7042477,47,64,70
1739483020.7502477,-9,9,-22
1739483020.7962475,-4,-120,33
1739483020.8412476,18,60,10
1739483020.8872476,-20,-49,-74
1739483020.9332476,28,-78,-84
1739483020.9782476,-25,1,-1
1739483021.0242476,-24,-95,20
1739483021.0702477,-23,-19,-53
1739483021.1162477,19,-30,-92
1739483021.1612475,58,4,-13
1739483021.2072475,39,24,-36
1739483021.2532475,34,-44,69
1739483021.2982476,-14,-129,-88
1739483021.3442476,-14,-45,-123
1739483021.3902476,45,-76,-15
1739483021.4362476,-57,13,-6
1739483021.4812477,-44,-107,-126
1739483021.5272477,38,-18,51
1739483021.5732474,-55,-67,-55
1739483021.6182475,16,-10,69
1739483021.6642475,-1,22,6
1739483021.7102475,12,32,-77
1739483021.7562475,31,-50,-77
1739483021.8012476,-31,-5,33
1739483021.8472476,159,66,54
1739483021.8932476,-3,7,-93
1739483021.9382474,-75,-89,-139
1739483021.9842474,-39,-33,-121
1739483022.0302474,-36,-81,24
1739483022.0762477,1,-73,-101
1739483022.1212475,-33,-41,21
1739483022.1672475,16,-32,4
1739483022.2132475,-44,7,-55
1739483022.2582476,6,-82,-12
1739483022.3042476,20,-14,-99
1739483022.3502476,48,-114,36
1739483022.3962476,16,-64,41
1739483022.4412477,74,-40,102
1739483022.4872477,13,-24,22
1739483022.5332477,60,-4,94
1739483022.5782475,-37,-123,-72
1739483022.6242476,-21,27,-46
1739483022.6702476,-46,39,98
1739483022.7162476,-62,0,-98
1739483022.7612476,9,-12,-71
1739483022.8072476,0,-87,-26
1739483022.8532476,11,-44,44
1739483022.8982477,1,-77,0
1739483022.9442475,63,-14,40
1739483022.9902475,27,34,-106
1739483023.0362475,36,-64,-2
1739483023.0812476,-20,-146,13
1739483023.1272476,42,-196,74
1739483023.1732476,-5,10,54
1739483023.2182477,-42,-77,-76
1739483023.2642477,24,-80,-7
1739483023.3102477,47,-92,-107
1739483023.3562477,10,-44,-90
1739483023.4012475,5,12,81
1739483023.4472475,29,-95,33
1739483023.4982476,5,5,-85
1739483023.5442476,-2,-59,-19
1739483023.5902476,-2,24,-31
1739483023.6362476,-10,-5,113
1739483023.6812477,12,40,81
1739483023.7282476,-90,-51,-86
1739483023.7742476,-10,-56,-143
1739483023.8202477,4,-47,-9
1739483023.8652475,65,-78,-79
1739483023.9112475,-25,-65,-81
1739483023.9572475,-22,-9,1
1739483024.0022476,-43,-79,18
1739483024.0482476,22,-68,-47
1739483024.0942476,-32,-27,0
1739483024.1402476,-10,-57,-172
1739483024.1852477,28,-34,40
1739483024.2312477,-36,-1,-43
1739483024.2772477,14,20,-63
1739483024.3222475,-58,-105,6
1739483024.3682475,53,-124,-67
1739483024.4142475,21,20,-75
1739483024.4602475,11,-27,-110
1739483024.5052476,22,-88,11
1739483024.5512476,57,60,-22
1739483024.5972476,23,-42,-53
1739483024.6422474,19,63,85
1739483024.6882474,33,-14,-4
1739483024.7342474,9,-142,57
1739483024.7802474,-28,-47,-72
1739483024.8252475,36,-134,19
1739483024.8712475,-9,14,37
1739483024.9172475,-31,-91,26
1739483024.9622476,26,-72,-110
1739483025.0082476,36,-2,1
1739483025.0542476,-1,-21,-33
1739483025.1002476,-32,67,-17
1739483025.1452477,-6,17,112
1739483025.1912477,3,-28,51
1739483025.2372477,-77,-17,-62
1739483025.2822475,21,-98,-81
1739483025.3282475,-28,-113,-64
1739483025.3742476,38,50,46
1739483025.4202476,-22,-23,1
1739483025.4652476,-23,7,8
1739483025.5112476,-26,37,146
1739483025.5572476,14,-93,-91
1739483025.6022477,-55,97,-108
1739483025.6482477,-29,33,-26
1739483025.6942475,0,-136,-95
1739483025.7402475,-50,-107,-50
1739483025.7852476,28,-7,122
1739483025.8312476,-45,-113,42
1739483025.8772476,-49,-33,-17
1739483025.9222476,68,8,-65
1739483025.9682477,17,26,-70
1739483026.0142477,105,98,3
1739483026.0602477,26,-68,-20
1739483026.1052475,20,-42,-98
1739483026.1512475,-58,13,86
1739483026.1972475,1,6,-2
1739483026.2422476,57,66,110
1739483026.2882476,73,-112,-3
1739483026.3342476,27,-50,3
1739483026.3802476,4,-67,-49
1739483026.4252477,9,-31,32
1739483026.4712474,26,-62,-56
1739483026.5172474,-1,106,96
1739483026.5622475,-21,-9,-29
1739483026.6082475,40,36,-48
1739483026.6542475,12,34,-29
1739483026.7002475,19,52,27
1739483026.7452476,10,18,19
1739483026.7912476,11,-126,-56
1739483026.8372476,-117,3,-12
1739483026.8822474,18,-56,-43
1739483026.9282477,-33,-63,-48
1739483026.9742477,3,-70,28
1739483027.0202477,-15,-19,-113
1739483027.0652475,-1,4,27
1739483027.1112475,30,-152,87
1739483027.1572475,-73,65,6
1739483027.2022476,28,-64,-21
1739483027.2482476,23,-88,-91
1739483027.2942476,47,-32,-158
1739483027.3402476,50,-68,-38
1739483027.3852477,67,-82,-125
1739483027.4312477,37,110,58
1739483027.4772477,11,96,46
1739483027.5222476,-78,49,70
1739483027.5682476,-39,-57,20
1739483027.6142476,58,-38,5
1739483027.6602476,0,51,11
1739483027.7052476,22,-194,30
1739483027.7512476,-11,-93,-11
1739483027.7972476,15,-5,-183
1739483027.8422475,-26,-81,-42
1739483027.8882475,95,-2,5
1739483027.9342475,-140,79,-45
1739483027.9802475,-85,3,-83
1739483028.0252476,-4,-86,-42
1739483028.0712476,-37,-1,-34
1739483028.1172476,3,1,-16
1739483028.1622477,10,-147,-8
1739483028.2082477,-53,-101,-86
1739483028.2542477,27,-172,7
1739483028.3002477,-84,-1,-125
1739483028.3452475,-17,10,-92
1739483028.3912475,-9,-35,-11
1739483028.4372475,-58,-147,-3
1739483028.4822476,38,146,-55
1739483028.5282476,-103,-91,-28
1739483028.5742476,37,-16,31
1739483028.6202476,12,-68,23
1739483028.6652474,32,-20,-25
1739483028.7112474,-50,-113,-93
1739483028.7572474,-76,5,-113
1739483028.8022475,-38,-89,-9
1739483028.8482475,86,50,33
1739483028.8942475,-32,15,-57
1739483028.9402475,51,-16,96
1739483028.9852476,-22,-31,37
1739483029.0312476,31,36,-47
1739483029.0772476,144,-74,-19
1739483029.1222477,4,-111,90
1739483029.1682477,6,-95,-27
1739483029.2142477,-17,-20,-126
1739483029.2602477,-30,-163,139
1739483029.3052475,-22,109,-91
1739483029.3512475,52,24,8
1739483029.3972476,70,56,6
1739483029.4422476,-43,-41,-5
1739483029.4882476,-7,17,4
1739483029.5342476,17,6,-49
1739483029.5802476,-77,-41,54
1739483029.6252477,6,78,-44
1739483029.6712475,-7,-19,-63
1739483029.7172475,-3,-88,-9
1739483029.7622476,-37,27,1
1739483029.8082476,-7,15,14
1739483029.8542476,-55,-41,-32
1739483029.9002476,-83,-75,-93
1739483029.9452477,8,-16,-9
1739483029.9912477,-22,13,-35
1739483030.0372477,18,-10,-20
1739483030.0822475,33,56,-60
1739483030.1282475,49,-12,-25
1739483030.1742475,111,-10,2
1739483030.2202475,18,-32,-33
1739483030.2652476,-110,-43,-27
1739483030.3112476,-14,-41,-108
1739483030.3572476,46,-94,-76
1739483030.4022477,-85,-133,-47
1739483030.4482474,14,-40,21
1739483030.4942474,6,-100,-65
1739483030.5402474,-59,-51,-49
1739483030.5852475,-96,29,-131
1739483030.6312475,-34,-9,17
1739483030.6772475,54,-36,-5
1739483030.7222476,-30,-11,-84
1739483030.7682476,-30,-79,-6
1739483030.8142476,-50,99,20
1739483030.8602476,62,50,52
1739483030.9052474,-13,13,-27
1739483030.9512477,-57,-37,22
1739483030.9972477,133,74,128
1739483031.0422475,-103,1,-23
1739483031.0882475,-30,-37,22
1739483031.1342475,0,67,-130
1739483031.1802475,-76,-25,-143
1739483031.2252476,-50,23,-47
1739483031.2712476,-30,-83,-114
1739483031.3172476,37,44,20
1739483031.3622477,-3,-20,-2
1739483031.4082477,3,-60,-67
1739483031.4542477,24,60,16
1739483031.4992476,36,-14,0
1739483031.5452476,-71,-3,-49
1739483031.5912476,6,44,-94
1739483031.6372476,36,34,-64
1739483031.6822476,29,-60,29
1739483031.7282476,9,8,-17
1739483031.7742476,28,-12,-8
1739483031.8192475,-33,-91,-1
1739483031.8652475,-1,44,8
1739483031.9112475,-10,23,-42
1739483031.9572475,27,-81,-7
1739483032.0022476,-25,25,-115
1739483032.0482476,22,-40,8
1739483032.0942476,26,-88,-59
1739483032.1392477,16,-40,17
1739483032.1852477,-61,34,-18
1739483032.2312477,8,-66,132
1739483032.2772477,4,26,-95
1739483032.3222475,46,-106,-23
1739483032.3682475,18,2,-10
1739483032.4142475,-17,9,68
1739483032.4592476,1,31,-132
1739483032.5052476,12,56,-221
1739483032.5512476,-44,-111,-28
1739483032.5972476,-18,-63,57
1739483032.6422474,-2,-119,-185
1739483032.6882474,3,1,-35
1739483032.7342474,67,-48,-37
1739483032.7792475,11,-41,6
1739483032.8252475,46,-23,-135
1739483032.8712475,136,-71,16
1739483032.9172475,34,-9,-6
1739483032.9622476,-47,-52,73
1739483033.0082476,60,35,2
1739483033.0542476,32,-11,-28
1739483033.0992477,-7,116,-8
1739483033.1452477,-6,-113,-142
1739483033.1912477,-16,-36,-26
1739483033.2372477,-23,-34,-36
1739483033.2822475,-70,52,42
1739483033.3282475,-52,22,7
1739483033.3742476,14,7,-85
1739483033.4192476,31,-51,-81
1739483033.4712474,-36,-39,-150
1739483033.5172474,67,-31,-133
1739483033.5622475,-37,-42,30
1739483033.6082475,-8,-111,-147
1739483033.6542475,-90,-104,-110
1739483033.6992476,17,11,85
1739483033.7452476,-71,-26,49
1739483033.7912476,51,31,-88
1739483033.8372476,44,-113,-59
1739483033.8822474,15,5,-37
1739483033.9282477,15,-31,15
1739483033.9742477,11,-81,-106
1739483034.0192475,-29,-46,-51
1739483034.0652475,10,-77,-74
1739483034.1112475,0,-22,-23
1739483034.1572475,-46,-84,38
1739483034.2022476,2,-81,-1
1739483034.2482476,-16,56,-29
1739483034.2942476,-37,8,-6
1739483034.3392477,-13,-34,-21
1739483034.3852477,-67,-104,-25
1739483034.4312477,-34,38,-90
1739483034.4772477,29,-17,46
1739483034.5222476,-15,-164,-57
1739483034.5682476,53,-67,-51
1739483034.6142476,81,-19,-18
1739483034.6592476,-58,-26,3
1739483034.7052476,27,-61,5
1739483034.7512476,34,-97,-107
1739483034.7972476,-48,110,-60
1739483034.8422475,-10,-132,50
1739483034.8882475,9,12,-6
1739483034.9342475,-5,84,-96
1739483034.9792476,-13,-122,99
1739483035.0252476,-63,-96,-72
1739483035.0712476,4,-3,-6
1739483035.1172476,-67,-82,-40
1739483035.1622477,35,-63,-48
1739483035.2082477,-1,16,33
1739483035.2542477,-43,-74,20
1739483035.2992475,-17,-57,-75
1739483035.3452475,0,-10,-44
1739483035.3912475,0,10,-36
1739483035.4372475,77,76,-19
1739483035.4822476,108,-5,21
1739483035.5282476,-94,-60,0
1739483035.5742476,-145,96,-6
1739483035.6192474,120,-29,16
1739483035.6652474,-27,-72,-39
1739483035.7112474,-55,46,43
1739483035.7572474,2,-51,-38
1739483035.8022475,32,-27,43
1739483035.8482475,-29,22,-17
1739483035.8942475,15,-100,-64
1739483035.9392476,28,105,-55
1739483035.9852476,-14,52,-87
1739483036.0312476,-36,-94,-8
1739483036.0772476,-48,-40,-44
1739483036.1222477,-62,0,62
1739483036.1682477,-9,20,-45
1739483036.2142477,16,-5,-57
1739483036.2592475,15,-78,-116
1739483036.3052475,-27,-58,-126
1739483036.3512475,-39,-28,-32
1739483036.3972476,-6,6,20
1739483036.4422476,60,1,24
1739483036.4882476,3,0,-24
1739483036.5342476,37,-79,-112
1739483036.5792477,-55,-48,-4
1739483036.6252477,85,17,-191
1739483036.6712475,-15,-40,-119
1739483036.7172475,-18,-47,-57
1739483036.7622476,0,-4,-102
1739483036.8082476,0,2,-66
1739483036.8542476,-55,80,-39
1739483036.8992476,11,-71,43
1739483036.9452477,36,-107,6
1739483036.9912477,-35,-54,30
1739483037.0372477,-52,-38,19
1739483037.0822475,-9,22,-37
1739483037.1282475,-49,-140,-44
1739483037.1742475,51,-21,50
1739483037.2192476,5,1,-57
1739483037.2652476,25,17,83
1739483037.3112476,41,-6,17
1739483037.3572476,-87,-128,-22
1739483037.4022477,-11,-66,-136
1739483037.4482474,1,25,-49
1739483037.4942474,11,-44,14
1739483037.5392475,-45,12,7
1739483037.5852475,33,7,95
1739483037.6312475,-64,-56,-22
1739483037.6772475,-54,-30,19
1739483037.7222476,-2,-19,-74
1739483037.7682476,11,24,-40
1739483037.8142476,-8,-38,-83
1739483037.8592474,-10,-73,102
1739483037.9052474,20,-140,-34
1739483037.9512477,10,80,-24
1739483037.9972477,-27,-120,-40
1739483038.0422475,-35,-24,44
1739483038.0882475,24,-29,-113
1739483038.1342475,-31,-6,110
1739483038.1792476,-7,68,-8
1739483038.2252476,12,54,-110
1739483038.2712476,50,75,47
1739483038.3172476,107,-77,-2
1739483038.3622477,55,61,57
1739483038.4082477,-72,2,49
1739483038.4542477,-46,-24,35
1739483038.4992476,7,65,-94
1739483038.5452476,21,-73,-51
1739483038.5912476,-32,84,-16
1739483038.6372476,-53,-176,-44
1739483038.6822476,-18,-118,58
1739483038.7282476,36,-113,-61
1739483038.7742476,-29,-24,-95
1739483038.8192475,8,3,-58
1739483038.8652475,-21,6,8
1739483038.9112475,67,99,-74
1739483038.9572475,59,45,-87
1739483039.0022476,24,-35,-48
1739483039.0482476,6,-21,-112
1739483039.0942476,-3,46,-107
1739483039.1392477,-10,-102,-87
1739483039.1852477,30,-127,-68
1739483039.2312477,83,-67,-65
1739483039.2772477,2,39,-23
1739483039.3222475,10,57,-130
1739483039.3682475,-12,-62,-172
1739483039.4142475,-82,-44,33
1739483039.4592476,0,-33,-16
1739483039.5052476,23,-41,-95
1739483039.5512476,-70,14,-26
1739483039.5972476,-94,-20,-31
1739483039.6422474,-16,-20,-120
1739483039.6882474,-48,20,-34
1739483039.7342474,-17,-62,-87
1739483039.7792475,-21,24,-71
1739483039.8252475,55,-51,-5
1739483039.8712475,-13,52,-16
1739483039.9172475,-45,86,-33
1739483039.9622476,82,-47,37
1739483040.0082476,-90,-44,29
1739483040.0542476,24,-137,-70
1739483040.0992477,46,-7,73
1739483040.1452477,9,-37,-24
1739483040.1912477,8,-47,-17
1739483040.2372477,51,9,-86
1739483040.2822475,-30,-8,-49
1739483040.3282475,22,19,-48
1739483040.3742476,28,29,-63
1739483040.4192476,7,-47,-72
1739483040.4652476,-30,-114,42
1739483040.5112476,55,95,-41
1739483040.5572476,49,21,27
1739483040.6022477,-12,-50,-42
1739483040.6482477,-2,72,-76
1739483040.6942475,21,-90,-94
1739483040.7392476,-25,110,-78
1739483040.7852476,-37,22,-17
1739483040.8312476,71,-87,-194
1739483040.8772476,-25,24,-58
1739483040.9222476,65,-77,34
1739483040.9692476,6,48,28
1739483041.0152476,43,5,42
1739483041.0612476,-48,-18,26
1739483041.1062477,47,-53,46
1739483041.1522477,37,-65,-57
1739483041.1982474,-27,-40,-59
1739483041.2432475,53,-127,-45
1739483041.2892475,-3,6,-48
1739483041.3352475,60,69,8
1739483041.3812475,28,-105,34
1739483041.4262476,-36,22,-73
1739483041.4722476,25,20,-65
1739483041.5182476,21,39,-17
1739483041.5632474,45,-37,-23
1739483041.6092474,0,107,-118
1739483041.6552474,-7,-28,13
1739483041.7012477,52,-107,-78
1739483041.7462475,-20,6,-40
1739483041.7922475,-65,-128,-28
1739483041.8382475,0,0,0
1739483041.8832476,47,-21,64
1739483041.9292476,11,-67,-90
1739483041.9752476,-34,22,95
1739483042.0212476,-37,-138,-116
1739483042.0662477,32,-97,7
1739483042.1122477,-20,-66,83
1739483042.1582477,2,-56,27
1739483042.2032475,-3,-33,41
1739483042.2492476,2,-40,-69
1739483042.2952476,13,-3,-85
1739483042.3412476,37,-25,78
1739483042.3862476,-17,-32,5
1739483042.4322476,63,-55,3
1739483042.4782476,30,-63,24
1739483042.5232477,48,-73,33
1739483042.5692475,26,45,24
1739483042.6152475,13,5,-2
1739483042.6612475,-98,-42,-4
1739483042.7062476,-72,18,-10
1739483042.7522476,-39,-96,-58
1739483042.7982476,74,-15,-8
1739483042.8432477,15,47,-27
1739483042.8892477,-25,30,112
1739483042.9352477,-7,-70,-162
1739483042.9812477,10,-63,-39
1739483043.0262475,110,-27,-51
1739483043.0722475,56,-173,-17
1739483043.1182475,-5,22,15
1739483043.1632476,107,-67,-41
1739483043.2092476,4,-19,79
1739483043.2552476,-42,-50,-150
1739483043.3012476,19,-127,25
1739483043.3462474,-14,18,-65
1739483043.3922474,8,-33,-116
1739483043.4382474,6,5,28
1739483043.4892476,-93,14,-3
1739483043.5352476,-23,26,47
1739483043.5812476,-25,52,-96
1739483043.6262476,-30,-86,-32
1739483043.6722476,8,-131,-69
1739483043.7182477,-13,-90,-52
1739483043.7632475,27,21,-73
1739483043.8092475,66,57,-34
1739483043.8552475,-42,-4,-41
1739483043.9012475,-23,-56,-61
1739483043.9462476,87,-43,-34
1739483043.9922476,-35,-26,41
1739483044.0382476,16,-35,-87
1739483044.0832477,-16,-104,-27
1739483044.1292477,5,-23,71
1739483044.1752477,-85,-36,-66
1739483044.2212474,39,63,18
1739483044.2662475,-27,24,-16
1739483044.3122475,-51,4,-43
1739483044.3582475,49,-13,-25
1739483044.4032476,36,-47,35
1739483044.4492476,6,-19,-15
1739483044.4952476,54,45,-67
1739483044.5412476,62,-7,79
1739483044.5862474,-31,-186,-56
1739483044.6322474,-7,50,-34
1739483044.6782477,37,-75,-36
1739483044.7232475,7,-19,-59
1739483044.7692475,0,-15,-18
1739483044.8152475,-66,38,-43
1739483044.8612475,31,85,101
1739483044.9062476,-46,0,-141
1739483044.9522476,27,23,-57
1739483044.9982476,76,-99,-68
1739483045.0432477,86,-91,89
1739483045.0892477,-78,-32,-45
1739483045.1352477,66,-189,56
1739483045.1812477,34,-15,-11
1739483045.2262475,-9,-34,-6
1739483045.2722476,-26,-28,-26
1739483045.3182476,-22,140,-103
1739483045.3632476,67,-19,-44
1739483045.4092476,-31,-82,-69
1739483045.4552476,0,14,28
1739483045.5012476,-67,-12,-10
1739483045.5462475,15,-39,55
1739483045.5922475,-60,0,21
1739483045.6382475,-17,-132,88
1739483045.6832476,10,-34,-27
1739483045.7292476,28,19,35
1739483045.7752476,20,-21,-72
1739483045.8212476,2,-85,67
1739483045.8662477,0,-50,-26
1739483045.9122477,47,-75,15
1739483045.9582477,34,-43,-7
1739483046.0032475,50,53,10
1739483046.0492475,6,-75,-49
1739483046.0952475,-4,-84,-13
1739483046.1412475,-77,-100,-83
1739483046.1862476,-31,-20,-139
1739483046.2322476,-101,-116,10
1739483046.2782476,7,-45,-113
1739483046.3232474,-63,-20,-126
1739483046.3692474,46,-95,-107
1739483046.4152474,-6,-68,-12
1739483046.4612474,-4,14,107
1739483046.5062475,5,-51,-29
1739483046.5522475,-34,-172,4
1739483046.5982475,-4,-82,-35
1739483046.6432476,8,19,-88
1739483046.6892476,-11,-84,1
1739483046.7352476,-37,-138,-115
1739483046.7812476,-41,-18,-121
1739483046.8262477,-49,8,-78
1739483046.8722477,9,27,-67
1739483046.9182477,13,-93,-87
1739483046.9632475,36,-41,117
1739483047.0092475,-51,-2,-41
1739483047.0552475,16,-135,0
1739483047.1012475,12,-105,20
1739483047.1462476,6,72,-74
1739483047.1922476,-59,-60,-106
1739483047.2382476,0,35,-101
1739483047.2832477,0,39,45
1739483047.3292477,-100,-16,14
1739483047.3752477,6,-11,-43
1739483047.4212475,-17,26,-26
1739483047.4662476,71,-77,18
1739483047.5122476,-72,-98,-74
1739483047.5582476,36,-101,-135
1739483047.6032476,44,-31,-32
1739483047.6492476,-17,-8,-6
1739483047.6952477,-4,-14,-42
1739483047.7412477,-5,-143,-79
1739483047.7862475,-31,-166,-69
1739483047.8322475,39,-51,-87
1739483047.8782475,20,-21,-76
1739483047.9232476,64,43,-49
1739483047.9692476,-60,-50,55
1739483048.0152476,35,-23,-102
1739483048.0612476,33,-9,33
1739483048.1062477,-7,-45,-33
1739483048.1522477,-55,36,-88
1739483048.1982474,-46,48,-9
1739483048.2432475,36,99,29
1739483048.2892475,-20,42,57
1739483048.3352475,39,-65,-81
1739483048.3812475,17,71,37
1739483048.4262476,20,-97,-115
1739483048.4722476,-65,-40,-32
1739483048.5182476,-38,-172,103
1739483048.5632474,-69,-134,-46
1739483048.6092474,0,2,0
1739483048.6552474,-14,14,-88
1739483048.7012477,74,-177,8
1739483048.7462475,20,7,-39
1739483048.7922475,0,-24,-71
1739483048.8382475,-17,-29,-134
1739483048.8832476,36,41,-21
1739483048.9292476,-8,-42,-159
1739483048.9752476,9,-100,-136
1739483049.0212476,-15,-38,-89
1739483049.0662477,20,-9,-93
1739483049.1122477,19,-17,-60
1739483049.1582477,60,-115,3
1739483049.2032475,3,-101,-63
1739483049.2492476,60,-115,-22
1739483049.2952476,38,-59,-6
1739483049.3412476,-29,38,9
1739483049.3862476,28,65,-148
1739483049.4322476,15,-104,-8
1739483049.4782476,35,-47,-86
1739483049.5232477,33,31,-61
1739483049.5692475,-20,-10,5
1739483049.6152475,-79,64,-39
1739483049.6612475,-19,38,100
1739483049.7062476,14,-14,14
1739483049.7522476,41,-75,-29
1739483049.7982476,94,33,0
1739483049.8432477,0,-49,-57
1739483049.8892477,4,-41,-45
1739483049.9352477,-28,-118,-63
1739483049.9812477,-64,-128,-126
1739483050.0262475,52,-53,-105
1739483050.0722475,-46,-56,-4
1739483050.1182475,-72,54,-17
1739483050.1632476,21,-93,3
1739483050.2092476,-64,-6,87
1739483050.2552476,-57,-54,19
1739483050.3012476,43,-31,-107
1739483050.3462474,4,-70,-39
1739483050.3922474,-181,-16,-39
1739483050.4382474,54,-141,-5
1739483050.4832475,73,-31,-59
1739483050.5292475,3,41,9
1739483050.5752475,24,-51,-78
1739483050.6212475,48,-11,-78
1739483050.6662476,13,-181,-55
1739483050.7122476,-79,-114,-110
1739483050.7582476,-20,52,-23
1739483050.8032477,-33,-32,-149
1739483050.8492477,46,-23,37
1739483050.8952477,54,21,21
1739483050.9412477,-20,0,-30
1739483050.9862475,103,-155,38
1739483051.0322475,-10,-140,-61
1739483051.0782475,-126,-88,-153
1739483051.1232476,-1,-3,11
1739483051.1692476,-6,-30,-80
1739483051.2152476,-40,80,52
1739483051.2612476,52,-33,-47
1739483051.3062477,4,32,-46
1739483051.3522477,-57,-126,-88
1739483051.3982477,-84,-26,-99
1739483051.4432476,91,-125,98
1739483051.4892476,9,113,-35
1739483051.5352476,16,-15,-30
1739483051.5812476,19,-133,29
1739483051.6262476,-11,4,-23
1739483051.6722476,-22,-68,-35
1739483051.7182477,-12,-86,-76
1739483051.7632475,-41,-56,-177
1739483051.8092475,-8,-52,-70
1739483051.8552475,34,43,-66
1739483051.9012475,-33,26,-10
1739483051.9462476,17,96,-44
1739483051.9922476,16,-69,-3
1739483052.0382476,12,-73,-113
1739483052.0832477,48,-79,-29
1739483052.1292477,-2,-33,-53
1739483052.1752477,-28,-74,-74
1739483052.2212474,57,-3,-61
1739483052.2662475,42,94,-104
1739483052.3122475,-18,-76,7
1739483052.3582475,-22,0,14
1739483052.4032476,5,16,-48
1739483052.4492476,26,-75,-80
1739483052.4952476,-41,-22,41
1739483052.5412476,17,0,-82
1739483052.5862474,15,-26,8
1739483052.6322474,15,-113,89
1739483052.6782477,-3,26,64
1739483052.7232475,49,-53,-37
1739483052.7692475,3,-153,-98
1739483052.8152475,-5,0,-20
1739483052.8612475,17,95,-7
1739483052.9062476,-64,4,-34
1739483052.9522476,22,-3,109
1739483052.9982476,1,53,12
1739483053.0432477,15,-203,34
1739483053.0892477,4,-95,-41
1739483053.1352477,-80,4,46
1739483053.1812477,0,46,-42
1739483053.2262475,3,-74,-39
1739483053.2722476,68,-75,-114
1739483053.3182476,-55,-88,-134
1739483053.3632476,7,-121,-106
1739483053.4092476,13,-51,30
1739483053.4552476,-2,2,15
1739483053.5062475,47,-67,-70
1739483053.5522475,7,23,-69
1739483053.5982475,35,-87,-43
1739483053.6432476,-91,22,-67
1739483053.6892476,47,29,-30
1739483053.7352476,5,-95,-70
1739483053.7812476,-6,-44,-55
1739483053.8262477,36,0,25
1739483053.8722477,0,-136,-66
1739483053.9182477,-32,-8,-12
1739483053.9632475,-19,-32,-85
1739483054.0092475,-1,47,-77
1739483054.0552475,-57,-6,-72
1739483054.1012475,20,-53,-7
1739483054.1462476,66,-91,22
1739483054.1922476,32,49,32
1739483054.2382476,79,9,-78
1739483054.2832477,-37,0,-56
1739483054.3292477,-29,-10,32
1739483054.3752477,-57,32,27
1739483054.4212475,-70,-92,-2
1739483054.4662476,-46,24,8
1739483054.5122476,25,-105,31
1739483054.5582476,65,-67,32
1739483054.6032476,-58,-56,-70
1739483054.6492476,-32,-42,-47
1739483054.6952477,-55,-48,45
1739483054.7412477,-98,-138,-99
1739483054.7862475,-32,-73,20
1739483054.8322475,53,83,-53
1739483054.8782475,27,74,-82
1739483054.9232476,0,20,-27
1739483054.9692476,121,7,21
1739483055.0152476,-46,-113,1
1739483055.0612476,10,-34,-20
1739483055.1062477,-28,-94,108
1739483055.1522477,52,25,19
1739483055.1982474,14,1,-30
1739483055.2432475,-13,6,-78
1739483055.2892475,-87,-30,-11
1739483055.3352475,28,87,-39
1739483055.3812475,0,7,54
1739483055.4262476,42,-67,23
1739483055.4722476,-107,-22,-56
1739483055.5182476,-96,30,-15
1739483055.5632474,13,72,-5
1739483055.6092474,-92,-54,-29
1739483055.6552474,27,-27,-67
1739483055.7012477,49,-57,-106
1739483055.7462475,60,-1,-50
1739483055.7922475,22,-63,50
1739483055.8382475,-37,-16,-39
1739483055.8832476,4,51,35
1739483055.9292476,-25,-20,-118
1739483055.9752476,15,-31,25
1739483056.0212476,-129,-6,66
1739483056.0662477,-16,-178,-44
1739483056.1122477,-53,34,-56
1739483056.1582477,54,-13,56
1739483056.2032475,-104,10,-63
1739483056.2492476,51,-41,-75
1739483056.2952476,-19,-26,72
1739483056.3412476,-63,-6,-27
1739483056.3862476,69,-115,-57
1739483056.4322476,1,-123,-64
1739483056.4782476,40,-45,47
1739483056.5232477,-18,-72,-14
1739483056.5692475,-45,-70,-5
1739483056.6152475,-7,-48,5
1739483056.6612475,-20,-38,-113
1739483056.7062476,41,-49,-43
1739483056.7522476,9,74,3
1739483056.7982476,-76,-8,-80
1739483056.8432477,35,0,51
1739483056.8892477,-54,2,3
1739483056.9352477,49,11,-64
1739483056.9812477,58,39,-30
1739483057.0262475,17,27,6
1739483057.0722475,-47,-70,-112
1739483057.1182475,8,27,64
1739483057.1632476,-88,-36,11
1739483057.2092476,-21,-30,-66
1739483057.2552476,30,-33,-110
1739483057.3012476,-60,56,-8
1739483057.3462474,-32,-78,19
1739483057.3922474,60,-55,-24
1739483057.4382474,36,-105,-76
1739483057.4832475,28,-69,53
1739483057.5292475,17,-29,-119
1739483057.5752475,14,25,-116
1739483057.6212475,7,57,-6
1739483057.6662476,-15,-16,31
1739483057.7122476,-16,-38,-84
1739483057.7582476,43,-87,-64
1739483057.8032477,25,-59,-25
1739483057.8492477,-62,-30,-40
1739483057.8952477,-21,-97,-129
1739483057.9412477,-49,2,-130
1739483057.9862475,8,86,30
1739483058.0322475,0,-44,34
1739483058.0782475,-5,2,13
1739483058.1232476,-29,-28,-48
1739483058.1692476,46,13,-30
1739483058.2152476,-10,-63,-62
1739483058.2612476,-37,-52,-41
1739483058.3062477,35,-55,40
1739483058.3522477,35,-1,-99
1739483058.3982477,31,31,-6
1739483058.4432476,-50,58,-124
1739483058.4892476,-15,24,-68
1739483058.5352476,-38,-54,22
1739483058.5812476,54,41,-79
1739483058.6262476,-22,14,-107
1739483058.6722476,30,-141,64
1739483058.7182477,12,-35,-14
1739483058.7632475,-58,-26,-107
1739483058.8092475,29,-35,-105
1739483058.8552475,58,-37,-25
1739483058.9012475,78,-63,-25
1739483058.9462476,-63,-28,1
1739483058.9922476,60,5,-148
1739483059.0382476,58,-21,5
1739483059.0832477,33,43,-127
1739483059.1292477,-26,-22,-32
1739483059.1752477,-93,22,26
1739483059.2212474,-66,72,8
1739483059.2662475,-23,16,-77
1739483059.3122475,130,-119,-60
1739483059.3582475,-12,-42,71
1739483059.4032476,76,1,-80
1739483059.4492476,12,-57,-63
1739483059.4952476,-2,-110,6
1739483059.5412476,0,-68,-64
1739483059.5862474,34,-83,-34
1739483059.6322474,-62,-142,-108
1739483059.6782477,-63,-62,33
1739483059.7232475,16,45,-130
1739483059.7692475,-97,-86,-47
1739483059.8152475,0,-72,-10
1739483059.8612475,56,-37,0
1739483059.9062476,-49,2,-28
1739483059.9522476,109,-47,-36
1739483059.9982476,35,65,2
1739483060.0432477,54,59,-144
1739483060.0892477,12,-44,-87
1739483060.1352477,-38,-100,33
1739483060.1812477,-51,-2,51
1739483060.2262475,-10,-60,6
1739483060.2722476,-109,-72,-36
1739483060.3182476,64,-51,-71
1739483060.3632476,12,-121,-50
1739483060.4092476,-32,-28,-111
1739483060.4552476,46,77,-85
1739483060.5012476,37,-105,-94
1739483060.5462475,24,-61,5
1739483060.5922475,-50,-116,-65
1739483060.6382475,15,-47,-13
1739483060.6832476,-28,-2,24
1739483060.7292476,33,-41,42
1739483060.7752476,10,-15,-15
1739483060.8212476,3,-70,-95
1739483060.8662477,-3,39,47
1739483060.9122477,-8,-97,16
1739483060.9582477,-71,80,2
1739483061.0032475,-36,-60,109
1739483061.0492475,-30,-34,20
1739483061.0952475,4,-2,-54
1739483061.1412475,-9,-79,-1
1739483061.1862476,0,-162,-107
1739483061.2322476,41,-37,-66
1739483061.2782476,-99,-50,-8
1739483061.3232474,-56,46,0
1739483061.3692474,3,21,-18
1739483061.4152474,-53,-7,-75
1739483061.4612474,-43,-34,-17
1739483061.5062475,-47,18,38
1739483061.5522475,56,-37,-74
1739483061.5982475,-22,-8,-121
1739483061.6432476,5,-68,0
1739483061.6892476,-13,-112,-69
1739483061.7352476,35,-54,-17
1739483061.7812476,72,71,-14
1739483061.8262477,-51,-34,-24
1739483061.8722477,52,-91,-29
1739483061.9182477,80,-47,-13
1739483061.9632475,-40,-112,-127
1739483062.0092475,-5,-34,-11
1739483062.0552475,-28,-80,50
1739483062.1012475,-14,-114,17
1739483062.1462476,20,35,-87
1739483062.1922476,-113,-88,-136
1739483062.2382476,6,-7,-53
1739483062.2832477,4,12,-29
1739483062.3292477,9,-125,50
1739483062.3752477,38,29,-90
1739483062.4212475,35,38,-165
1739483062.4662476,-51,36,11
1739483062.5122476,-5,10,45
1739483062.5582476,-7,-17,76
1739483062.6032476,-45,2,-113
1739483062.6492476,58,-14,-65
1739483062.6952477,-33,-60,-50
1739483062.7412477,0,-57,-96
1739483062.7862475,-53,-110,-28
1739483062.8322475,68,121,16
1739483062.8782475,48,87,-89
1739483062.9232476,-46,-42,10
1739483062.9692476,-18,-46,-14
1739483063.0152476,13,-165,-93
1739483063.0612476,26,-85,-32
1739483063.1062477,-15,-26,-28
1739483063.1522477,9,-13,0
1739483063.1982474,0,13,-117
1739483063.2432475,-40,-202,201
1739483063.2892475,-25,38,-105
1739483063.3352475,-31,66,-19
1739483063.3812475,-60,-48,-9
1739483063.4262476,-46,42,23
1739483063.4722476,-18,-110,75
1739483063.5232477,27,47,48
1739483063.5692475,19,-43,-64
1739483063.6152475,71,-13,-123
1739483063.6612475,37,115,-45
1739483063.7062476,74,25,-63
1739483063.7522476,27,5,-24
1739483063.7982476,12,-113,125
1739483063.8432477,81,33,-134
1739483063.8892477,30,23,-3
1739483063.9352477,-37,24,108
1739483063.9802475,53,-81,-65
1739483064.0262475,37,-75,77
1739483064.0722475,-16,18,67
1739483064.1182475,-2,128,-79
1739483064.1632476,-41,-28,-30
1739483064.2092476,-4,-42,-55
1739483064.2552476,16,-37,50
1739483064.3002477,-65,-78,-46
1739483064.3462474,33,-57,-39
1739483064.3922474,28,-23,-51
1739483064.4382474,-43,-22,20
1739483064.4832475,5,-108,-28
1739483064.5292475,15,-41,-116
1739483064.5752475,74,129,-32
1739483064.6202476,-41,-92,37
1739483064.6662476,-34,20,11
1739483064.7122476,-64,44,-16
1739483064.7582476,20,-45,-62
1739483064.8032477,11,55,-56
1739483064.8492477,-32,-10,-33
1739483064.8952477,62,5,-19
1739483064.9402475,57,43,-24
1739483064.9862475,-45,-68,-133
1739483065.0322475,-39,-106,-66
1739483065.0782475,-69,-68,-55
1739483065.1232476,-46,-94,-33
1739483065.1692476,-19,48,0
1739483065.2152476,21,26,-84
1739483065.2602477,-11,-88,21
1739483065.3062477,24,-77,-38
1739483065.3522477,-32,-36,10
1739483065.3982477,2,17,64
1739483065.4432476,30,-59,10
1739483065.4892476,-5,-80,-31
1739483065.5352476,22,-28,154
1739483065.5802476,132,49,-45
1739483065.6262476,-8,-24,-23
1739483065.6722476,-53,2,-188
1739483065.7182477,-40,10,-72
1739483065.7632475,34,-11,-6
1739483065.8092475,31,-33,-128
1739483065.8552475,15,-41,23
1739483065.9002476,62,-35,141
1739483065.9462476,-39,-32,-91
1739483065.9922476,-8,90,10
1739483066.0382476,-91,-126,36
1739483066.0832477,-34,16,14
1739483066.1292477,-16,1,70
1739483066.1752477,-29,-77,-26
1739483066.2202475,-34,-65,-44
1739483066.2662475,-54,47,-64
1739483066.3122475,43,36,-73
1739483066.3582475,46,-30,0
1739483066.4032476,-25,49,-77
1739483066.4492476,-61,43,-100
1739483066.4952476,-19,62,-81
1739483066.5402474,13,-48,34
1739483066.5862474,-85,55,29
1739483066.6322474,-33,-116,6
1739483066.6782477,-16,10,-197
1739483066.7232475,82,54,-75
1739483066.7692475,-34,-66,9
1739483066.8152475,4,84,-48
1739483066.8602476,-27,-142,0
1739483066.9062476,7,-21,-34
1739483066.9522476,7,-45,10
1739483066.9982476,5,-172,123
1739483067.0432477,-34,124,-81
1739483067.0892477,-63,48,1
1739483067.1352477,-34,-27,-63
1739483067.1802475,-11,-49,79
1739483067.2262475,-24,-127,46
1739483067.2722476,-16,-81,18
1739483067.3182476,-13,-109,-11
1739483067.3632476,105,68,-52
1739483067.4092476,-11,102,-10
1739483067.4552476,45,-95,-69
1739483067.5002477,-23,14,-61
1739483067.5462475,-67,-130,-66
1739483067.5912476,-34,-3,77
1739483067.6362476,-19,-36,-147
1739483067.6822476,16,-63,-34
1739483067.7282476,34,-55,-28
1739483067.7742476,16,27,-6
1739483067.8192475,38,0,-71
1739483067.8652475,112,-125,-111
1739483067.9112475,95,25,-69
1739483067.9562476,4,-30,-45
1739483068.0022476,61,-89,-108
1739483068.0482476,-10,117,24
1739483068.0942476,-28,-178,40
1739483068.1392477,-13,20,-84
1739483068.1852477,66,-91,-44
1739483068.2312477,82,-9,84
1739483068.2762475,-30,-38,-29
1739483068.3222475,56,-37,-73
1739483068.3682475,48,-127,-73
1739483068.4142475,23,-66,0
1739483068.4592476,-15,-118,-9
1739483068.5052476,24,-39,-35
1739483068.5512476,-10,-34,-45
1739483068.5962474,44,-65,44
1739483068.6422474,87,-17,-191
1739483068.6882474,-10,-67,-14
1739483068.7342474,4,-158,-82
1739483068.7792475,26,-86,-64
1739483068.8252475,46,-56,-34
1739483068.8712475,-44,-107,-90
1739483068.9162476,94,72,-70
1739483068.9622476,-33,35,-98
1739483069.0082476,-3,-37,-17
1739483069.0542476,13,-14,-49
1739483069.0992477,-23,-69,-59
1739483069.1452477,6,-16,-133
1739483069.1912477,5,47,-18
1739483069.2362475,8,-24,45
1739483069.2822475,-18,-51,28
1739483069.3282475,-35,95,-43
1739483069.3742476,44,-134,203
1739483069.4192476,0,-26,-45
1739483069.4652476,-67,-79,-1
1739483069.5112476,46,32,-23
1739483069.5562477,-57,41,33
1739483069.6022477,0,-101,7
1739483069.6482477,47,-61,83
1739483069.6942475,65,4,-102
1739483069.7392476,-87,160,-16
1739483069.7852476,43,-54,56
1739483069.8312476,-23,-57,-48
1739483069.8762476,38,105,-97
1739483069.9222476,32,-53,-68
1739483069.9682477,-120,-22,-80
1739483070.0142477,-16,14,4
1739483070.0592475,11,53,105
1739483070.1052475,-24,24,-19
1739483070.1512475,92,11,-91
1739483070.1962476,1,-20,5
1739483070.2422476,-56,70,-5
1739483070.2882476,-61,26,30
1739483070.3342476,-44,-30,-92
1739483070.3792477,42,-97,-39
1739483070.4252477,-47,-50,31
1739483070.4712474,-27,-101,-13
1739483070.5162475,47,-58,-174
1739483070.5622475,53,62,105
1739483070.6082475,-5,72,10
1739483070.6542475,-5,-9,-51
1739483070.6992476,25,-50,-9
1739483070.7452476,-12,-162,-98
1739483070.7912476,-9,-112,-4
1739483070.8362474,71,-8,23
1739483070.8822474,-17,36,-36
1739483070.9282477,17,42,-72
1739483070.9742477,-37,81,11
1739483071.0192475,0,23,-108
1739483071.0652475,13,-68,-136
1739483071.1112475,30,-28,-93
1739483071.1562476,-26,0,30
1739483071.2022476,-66,33,58
1739483071.2482476,44,-122,-56
1739483071.2942476,0,-1,2
1739483071.3392477,-78,-52,4
1739483071.3852477,-4,-32,-18
1739483071.4312477,3,-70,26
1739483071.4762475,41,5,129
1739483071.5222476,-43,-84,-18
1739483071.5682476,47,-61,43
1739483071.6142476,39,-10,-168
1739483071.6592476,-57,-13,-16
1739483071.7052476,88,64,12
1739483071.7512476,-52,-109,28
1739483071.7962475,23,28,137
1739483071.8422475,50,-90,-98
1739483071.8882475,58,-57,-63
1739483071.9342475,-38,-50,9
1739483071.9792476,32,-29,-137
1739483072.0252476,26,19,-46
1739483072.0712476,38,-1,11
1739483072.1162477,83,-43,-96
1739483072.1622477,28,-5,10
1739483072.2082477,29,55,-41
1739483072.2542477,43,19,-95
1739483072.2992475,-6,-46,55
1739483072.3452475,113,-26,25
1739483072.3912475,-52,-50,-27
1739483072.4362476,-15,-72,-24
1739483072.4822476,24,-61,-8
1739483072.5282476,11,-5,-136
1739483072.5742476,-29,29,-148
1739483072.6192474,79,-58,51
1739483072.6652474,-81,-45,-135
1739483072.7112474,-35,-117,-49
1739483072.7562475,23,4,-25
1739483072.8022475,25,74,81
1739483072.8482475,96,-50,-71
1739483072.8942475,-26,-39,-91
1739483072.9392476,2,-12,-97
1739483072.9852476,-78,-75,6
1739483073.0312476,-11,-42,-34
1739483073.0762477,14,-34,-89
1739483073.1222477,-18,19,-126
1739483073.1682477,-35,-43,37
1739483073.2142477,30,118,-168
1739483073.2592475,-15,0,22
1739483073.3052475,-47,-97,-63
1739483073.3512475,68,-279,-49
1739483073.3962476,-14,-134,-129
1739483073.4422476,76,-17,-117
1739483073.4882476,-82,-40,-98
1739483073.5392475,77,-18,-63
1739483073.5852475,-34,-81,-52
1739483073.6312475,18,-306,61
1739483073.6762476,-44,93,-141
1739483073.7222476,-2,45,-10
1739483073.7682476,-50,-119,-39
1739483073.8142476,-22,0,81
1739483073.8592474,94,-21,72
1739483073.9062476,98,-9,4
1739483073.9522476,40,43,4
1739483073.9982476,-50,-14,-139
1739483074.0432477,-49,-80,42
1739483074.0892477,-44,-106,9
1739483074.1352477,-6,-150,-16
1739483074.1802475,-16,-30,-150
1739483074.2262475,-65,-92,-58
1739483074.2722476,51,28,-53
1739483074.3182476,-11,62,16
1739483074.3632476,28,-69,32
1739483074.4092476,-64,-67,-129
1739483074.4552476,-21,-69,-146
1739483074.5002477,1,-34,-14
1739483074.5462475,12,-74,-105
1739483074.5922475,-18,-31,19
1739483074.6382475,-82,-129,28
1739483074.6832476,-44,-63,45
1739483074.7292476,46,-122,-36
1739483074.7752476,7,-54,-96
1739483074.8202477,-48,-73,-84
1739483074.8662477,-27,-83,61
1739483074.9122477,-77,12,0
1739483074.9582477,19,-9,-123
1739483075.0032475,-56,0,-131
1739483075.0492475,-4,-42,-6
1739483075.0952475,34,-151,-32
1739483075.1402476,-44,-174,82
1739483075.1862476,-36,-80,39
1739483075.2322476,-71,24,-81
1739483075.2782476,16,-31,-132
1739483075.3232474,69,41,45
1739483075.3692474,64,22,-59
1739483075.4152474,102,-38,-56
1739483075.4602475,14,-15,83
1739483075.5062475,-28,13,-30
1739483075.5522475,46,-126,-50
1739483075.5982475,-38,-31,-46
1739483075.6432476,-10,-47,14
1739483075.6892476,-73,127,-160
1739483075.7352476,8,64,-41
1739483075.7802474,65,-41,-67
1739483075.8262477,-39,-84,-91
1739483075.8722477,54,61,-54
1739483075.9182477,6,79,-8
1739483075.9632475,35,0,10
1739483076.0092475,-44,100,-76
1739483076.0552475,52,-29,129
1739483076.1002476,-41,-26,-72
1739483076.1462476,-1,-23,-29
1739483076.1922476,-67,-48,-95
1739483076.2382476,34,-43,-58
1739483076.2832477,-20,-6,28
1739483076.3292477,12,-95,-13
1739483076.3752477,22,-11,7
1739483076.4202476,36,3,-74
1739483076.4662476,-15,64,-112
1739483076.5122476,42,-5,15
1739483076.5582476,-101,-8,-15
1739483076.6032476,7,-30,-49
1739483076.6492476,-1,-44,51
1739483076.6952477,-2,-54,53
1739483076.7402475,-36,-14,-1
1739483076.7862475,9,-5,-61
1739483076.8322475,-25,16,-76
1739483076.8782475,-71,-40,-12
1739483076.9232476,-74,-56,-91
1739483076.9692476,-42,-154,-73
1739483077.0152476,26,81,-59
1739483077.0602477,3,-28,-193
1739483077.1062477,-65,-59,-46
1739483077.1522477,-13,-6,-18
1739483077.1982474,-9,-179,-188
1739483077.2432475,-34,13,-1
1739483077.2892475,-24,-67,55
1739483077.3352475,9,-67,-19
1739483077.3802476,38,62,53
1739483077.4262476,-77,-73,-15
1739483077.4722476,-12,-81,12
1739483077.5182476,78,-68,-39
1739483077.5632474,-11,-59,-138
1739483077.6092474,-13,-127,-116
1739483077.6552474,75,-34,45
1739483077.7002475,58,4,-28
1739483077.7462475,19,98,-1
1739483077.7922475,-24,-61,-69
1739483077.8382475,11,-124,33
1739483077.8832476,-32,9,-40
1739483077.9292476,10,-110,8
1739483077.9752476,3,-78,-93
1739483078.0202477,41,30,-166
1739483078.0662477,33,37,14
1739483078.1122477,72,-23,-160
1739483078.1582477,0,-138,-133
1739483078.2032475,-69,-6,-40
1739483078.2492476,24,0,103
1739483078.2952476,-68,-32,-14
1739483078.3402476,-32,-62,117
1739483078.3862476,36,21,-30
1739483078.4322476,49,-32,-81
1739483078.4782476,-5,-88,-32
1739483078.5232477,24,4,65
1739483078.5692475,-48,-57,-22
1739483078.6152475,34,-32,0
1739483078.6602476,53,-26,-4
1739483078.7062476,67,-166,0
1739483078.7522476,35,0,-131
1739483078.7982476,-75,49,18
1739483078.8432477,49,-76,10
1739483078.8892477,0,-7,-4
1739483078.9352477,53,-24,-24
1739483078.9802475,-31,-103,-134
1739483079.0262475,-6,-137,10
1739483079.0722475,42,-119,-44
1739483079.1182475,-20,65,-19
1739483079.1632476,-11,-37,-33
1739483079.2092476,-33,39,-99
1739483079.2552476,33,-168,-51
1739483079.3002477,23,-62,-3
1739483079.3462474,1,-77,4
1739483079.3922474,-43,-8,-10
1739483079.4382474,0,-111,-158
1739483079.4832475,42,-56,43
1739483079.5292475,10,2,-25
1739483079.5752475,-42,-49,-7
1739483079.6202476,5,-20,9
1739483079.6662476,34,7,-8
1739483079.7122476,69,34,56
1739483079.7582476,89,-88,-84
1739483079.8032477,30,-74,35
1739483079.8492477,6,-60,-41
1739483079.8952477,-13,-23,-99
1739483079.9402475,15,29,-41
1739483079.9862475,-110,22,64
1739483080.0322475,8,0,-58
1739483080.0782475,58,25,-154
1739483080.1232476,-19,-22,-9
1739483080.1692476,-79,-22,55
1739483080.2152476,46,66,-76
1739483080.2602477,-23,0,-4
1739483080.3062477,-52,-9,-32
1739483080.3522477,37,62,-115
1739483080.3982477,50,-36,-84
1739483080.4432476,41,-38,-104
1739483080.4892476,-34,-59,-47
1739483080.5352476,-67,15,-18
1739483080.5802476,52,-53,-55
1739483080.6262476,14,-83,93
1739483080.6722476,-45,57,9
1739483080.7182477,-58,-94,35
1739483080.7632475,-67,-98,-53
1739483080.8092475,0,-36,-82
1739483080.8552475,-1,-18,58
1739483080.9002476,38,-10,-52
1739483080.9462476,135,-132,-51
1739483080.9922476,1,44,-100
1739483081.0382476,52,-176,-79
1739483081.0832477,46,-70,-60
1739483081.1292477,40,-80,-46
1739483081.1752477,-34,-26,-3
1739483081.2202475,3,13,-37
1739483081.2662475,-15,116,4
1739483081.3122475,35,51,-6
1739483081.3582475,6,41,-115
1739483081.4032476,39,-65,4
1739483081.4492476,-51,-22,-24
1739483081.4952476,-1,25,27
1739483081.5402474,6,36,-127
1739483081.5862474,-29,-88,-43
1739483081.6322474,-16,-40,-33
1739483081.6782477,72,8,-40
1739483081.7232475,-17,-17,12
1739483081.7692475,36,56,-1
1739483081.8152475,43,-20,-53
1739483081.8602476,49,-56,-106
1739483081.9062476,-54,-101,-94
1739483081.9522476,35,-10,-108
1739483081.9982476,-35,-1,-118
1739483082.0432477,1,-96,-17
1739483082.0892477,-59,57,80
1739483082.1352477,-43,-12,-67
1739483082.1802475,3,-15,-29
1739483082.2262475,-53,-36,-49
1739483082.2722476,22,17,-67
1739483082.3182476,-3,-82,-12
1739483082.3632476,20,-63,28
1739483082.4092476,-21,-9,124
1739483082.4552476,10,0,-31
1739483082.5002477,25,-36,37
1739483082.5462475,3,-42,-59
1739483082.5922475,16,34,-201
1739483082.6382475,63,-66,-58
1739483082.6832476,19,38,-26
1739483082.7292476,-65,5,118
1739483082.7752476,-16,-99,-35
1739483082.8202477,-18,-5,83
1739483082.8662477,-36,-127,-90
1739483082.9122477,-91,121,-62
1739483082.9582477,40,-6,-67
1739483083.0032475,103,-82,53
1739483083.0492475,-30,-27,-17
1739483083.0952475,67,-38,25
1739483083.1402476,-6,-122,-14
1739483083.1862476,-113,-16,4
1739483083.2322476,-38,-37,5
1739483083.2782476,-31,-11,-63
1739483083.3232474,64,-88,26
1739483083.3692474,51,-22,-37
1739483083.4152474,1,48,18
1739483083.4602475,20,-22,-60
1739483083.5122476,7,-10,11
1739483083.5582476,-4,-74,-33
1739483083.6032476,-14,-114,35
1739483083.6492476,9,39,-5
1739483083.6952477,51,6,-21
1739483083.7402475,10,-91,-35
1739483083.7862475,-30,34,-133
1739483083.8322475,21,-36,64
1739483083.8782475,-24,5,41
1739483083.9232476,-5,-71,-91
1739483083.9692476,20,8,-141
1739483084.0152476,-6,-51,-134
1739483084.0592475,-7,-41,-13
1739483084.1052475,-22,-19,-24
1739483084.1512475,81,79,37
1739483084.1962476,-47,-54,-159
1739483084.2422476,-34,2,67
1739483084.2882476,-43,-48,-94
1739483084.3342476,-64,-84,-39
1739483084.3792477,-32,-74,5
1739483084.4252477,0,107,-102
1739483084.4712474,49,-2,67
1739483084.5162475,-27,-57,-69
1739483084.5622475,-114,-71,1
1739483084.6082475,20,-104,-75
1739483084.6542475,-32,-41,-88
1739483084.6992476,-30,11,-57
1739483084.7452476,11,-58,71
1739483084.7912476,1,-84,59
1739483084.8362474,-4,75,34
1739483084.8822474,36,-82,-96
1739483084.9282477,-64,-37,-30
1739483084.9742477,34,-40,-22
1739483085.0192475,-14,3,-52
1739483085.0652475,59,40,-97
1739483085.1112475,8,66,-3
1739483085.1562476,-86,65,-110
1739483085.2022476,-24,-35,-86
1739483085.2482476,66,-10,-60
1739483085.2942476,-30,-139,93
1739483085.3392477,30,10,28
1739483085.3852477,70,-20,10
1739483085.4312477,-29,1,-34
1739483085.4762475,-36,-27,60
1739483085.5222476,2,92,-142
1739483085.5682476,0,-29,-81
1739483085.6142476,10,52,-36
1739483085.6592476,-87,-13,20
1739483085.7052476,25,-46,-82
1739483085.7512476,37,-82,-63
1739483085.7962475,28,-54,56
1739483085.8422475,-32,-139,-17
1739483085.8882475,44,-32,-115
1739483085.9342475,-66,-21,-113
1739483085.9792476,28,4,45
1739483086.0252476,12,-74,-56
1739483086.0712476,-26,-117,-38
1739483086.1162477,67,-54,-40
1739483086.1622477,35,-106,49
1739483086.2082477,-17,43,43
1739483086.2542477,19,-166,-64
1739483086.2992475,-49,-31,-36
1739483086.3452475,-67,0,-17
1739483086.3912475,-62,-43,-2
1739483086.4362476,-7,-1,33
1739483086.4822476,-1,29,-73
1739483086.5282476,11,-24,-23
1739483086.5742476,-3,-42,-47
1739483086.6192474,45,2,-167
1739483086.6652474,29,-48,-3
1739483086.7112474,-126,-139,-37
1739483086.7562475,71,-146,-90
1739483086.8022475,0,-68,-22
1739483086.8482475,25,-126,-33
1739483086.8942475,-16,-83,-115
1739483086.9392476,-17,7,81
1739483086.9852476,-127,3,70
1739483087.0312476,40,-2,-92
1739483087.0762477,36,10,79
1739483087.1222477,74,84,-10
1739483087.1682477,-17,-21,-69
1739483087.2142477,39,-136,-34
1739483087.2592475,-58,47,-3
1739483087.3052475,-30,-39,-71
1739483087.3512475,-69,-67,12
1739483087.3962476,-66,3,-102
1739483087.4422476,0,-92,-86
1739483087.4882476,-127,5,-230
1739483087.5342476,93,-94,-147
1739483087.5792477,11,-97,-99
1739483087.6252477,-80,-33,-85
1739483087.6712475,46,-48,39
1739483087.7162476,108,80,-112
1739483087.7622476,2,20,-25
1739483087.8082476,29,0,-56
1739483087.8542476,-8,-79,-34
1739483087.8992476,31,-44,-95
1739483087.9452477,-9,-77,-13
1739483087.9912477,-34,-33,-24
1739483088.0362475,-41,-61,47
1739483088.0822475,-64,-97,-116
1739483088.1282475,-39,15,-7
1739483088.1742475,118,-54,-93
1739483088.2192476,40,16,85
1739483088.2652476,16,28,-10
1739483088.3112476,-91,-123,-69
1739483088.3562477,-7,-41,71
1739483088.4022477,-49,-131,15
1739483088.4482474,6,-20,20
1739483088.4942474,-27,-57,43
1739483088.5392475,25,-18,-9
1739483088.5852475,30,72,-18
1739483088.6312475,-36,61,-92
1739483088.6762476,-10,-51,-142
1739483088.7222476,36,-194,-15
1739483088.7682476,21,32,-35
1739483088.8142476,107,-6,-119
1739483088.8592474,18,18,69
1739483088.9052474,11,24,-68
1739483088.9512477,-9,-39,-2
1739483088.9962475,-33,-45,-100
1739483089.0422475,-14,9,-3
1739483089.0882475,32,-24,-129
1739483089.1342475,13,-98,-44
1739483089.1792476,75,58,-32
1739483089.2252476,-59,-21,37
1739483089.2712476,63,84,-41
1739483089.3162477,-82,143,28
1739483089.3622477,-86,-79,26
1739483089.4082477,26,28,32
1739483089.4542477,16,-92,0
1739483089.4992476,12,-12,46
1739483089.5452476,-32,-161,-132
1739483089.5912476,-11,-209,-130
1739483089.6362476,104,-68,-56
1739483089.6822476,-6,-61,-48
1739483089.7282476,41,-84,-103
1739483089.7742476,34,68,45
1739483089.8192475,-4,-119,16
1739483089.8652475,27,86,-103
1739483089.9112475,31,-20,-4
1739483089.9562476,17,-136,-69
1739483090.0022476,2,32,88
1739483090.0482476,-22,75,-16
1739483090.0942476,-44,-27,56
1739483090.1392477,65,-118,-87
1739483090.1852477,96,-32,25
1739483090.2312477,5,6,43
1739483090.2762475,5,30,-66
1739483090.3222475,63,-96,0
1739483090.3682475,10,-66,76
1739483090.4142475,-89,-23,-120
1739483090.4592476,3,-1,23
1739483090.5052476,0,6,-80
1739483090.5512476,-5,-63,-10
1739483090.5962474,9,16,-2
1739483090.6422474,-16,-23,-127
1739483090.6882474,67,54,-51
1739483090.7342474,104,28,-35
1739483090.7792475,15,-170,46
1739483090.8252475,27,-90,-44
1739483090.8712475,-25,-43,-3
1739483090.9162476,68,6,-63
1739483090.9622476,40,-30,42
1739483091.0082476,51,14,-69
1739483091.0542476,-53,7,54
1739483091.0992477,-41,27,-91
1739483091.1452477,-40,-151,46
1739483091.1912477,9,-140,-126
1739483091.2362475,17,-80,-5
1739483091.2822475,-20,-11,-5
1739483091.3282475,63,32,-33
1739483091.3742476,-20,-29,-21
1739483091.4192476,31,52,-29
1739483091.4652476,65,54,-51
1739483091.5112476,-3,-133,-105
1739483091.5562477,23,-110,-85
1739483091.6022477,-18,-113,-38
1739483091.6482477,74,-32,112
1739483091.6942475,-43,-25,113
1739483091.7392476,-12,11,-69
1739483091.7852476,40,-118,-20
1739483091.8312476,77,-66,-9
1739483091.8762476,86,-46,70
1739483091.9222476,40,30,31
1739483091.9682477,-33,75,39
1739483092.0132475,7,-18,-46
1739483092.0592475,-3,-34,0
1739483092.1052475,85,-70,78
1739483092.1502476,-53,-5,-72
1739483092.1952477,93,-188,-5
1739483092.2412477,-24,-85,-42
1739483092.2872477,-50,49,-5
1739483092.3322475,54,-6,3
1739483092.3782475,38,52,-57
1739483092.4242475,-20,-9,-134
1739483092.4702475,-27,-69,-83
1739483092.5152476,-17,-29,-27
1739483092.5612476,-40,-97,-1
1739483092.6072476,9,-72,17
1739483092.6522477,-31,-47,23
1739483092.6982474,-44,-129,-26
1739483092.7442474,24,50,-154
1739483092.7902474,19,-50,-76
1739483092.8352475,35,-36,38
1739483092.8812475,8,-58,-112
1739483092.9272475,-71,-73,-49
1739483092.9722476,29,-64,-108
1739483093.0182476,-29,19,-100
1739483093.0642476,41,-14,-118
1739483093.1102476,71,-158,9
1739483093.1552474,25,68,-153
1739483093.2012477,29,-36,55
1739483093.2472477,-52,-145,-78
1739483093.2922475,-26,-59,-53
1739483093.3382475,53,0,101
1739483093.3842475,62,-84,-158
1739483093.4302475,-7,25,-10
1739483093.4752476,23,-124,20
1739483093.5272477,22,-104,-31
1739483093.5722475,-65,-69,-33
1739483093.6182475,39,70,-87
1739483093.6642475,60,-6,91
1739483093.7102475,32,-8,-30
1739483093.7552476,-42,31,71
1739483093.8012476,-48,-105,-114
1739483093.8472476,-35,-7,-80
1739483093.8922474,8,28,1
1739483093.9382474,6,-22,57
1739483093.9842474,-38,75,-111
1739483094.0302474,54,-6,76
1739483094.0752475,-50,-5,-42
1739483094.1212475,-41,-73,-15
1739483094.1672475,-35,0,-28
1739483094.2122476,-1,43,-3
1739483094.2582476,39,38,19
1739483094.3042476,-30,35,73
1739483094.3502476,5,-98,-94
1739483094.3952477,-27,9,37
1739483094.4412477,65,-134,70
1739483094.4872477,-40,41,-67
1739483094.5322475,46,-28,-159
1739483094.5782475,24,-50,-83
1739483094.6242476,23,14,-81
1739483094.6702476,28,-32,49
1739483094.7152476,-5,-83,6
1739483094.7612476,-29,83,-57
1739483094.8072476,-103,-11,-25
1739483094.8522477,18,88,-4
1739483094.8982477,-57,45,-77
1739483094.9442475,-50,-37,-68
1739483094.9902475,-14,41,-74
1739483095.0352476,-54,-59,-34
1739483095.0812476,-8,-83,29
1739483095.1272476,57,-68,73
1739483095.1722476,17,-20,67
1739483095.2182477,52,20,-23
1739483095.2642477,14,-142,96
1739483095.3102477,26,12,21
1739483095.3552475,45,20,52
1739483095.4012475,8,-50,28
1739483095.4472475,-5,-95,-137
1739483095.4922476,0,-147,-93
1739483095.5382476,0,-26,-136
1739483095.5842476,20,-58,-212
1739483095.6302476,-29,-29,56
1739483095.6752477,-56,-115,3
1739483095.7212474,-49,95,5
1739483095.7672474,8,-34,0
1739483095.8122475,-34,-113,-35
1739483095.8582475,9,33,-32
1739483095.9042475,-34,-115,25
1739483095.9502475,-58,19,-105
1739483095.9952476,80,22,-138
1739483096.0412476,-39,31,97
1739483096.0872476,49,28,-64
1739483096.1322474,14,84,-46
1739483096.1782477,-18,-143,-3
1739483096.2242477,75,-20,-49
1739483096.2702477,-86,-39,24
1739483096.3152475,14,26,-50
1739483096.3612475,121,36,-34
1739483096.4072475,40,-30,-175
1739483096.4522476,33,22,14
1739483096.4982476,40,-8,2
1739483096.5442476,-2,-147,-181
1739483096.5892477,72,-96,-156
1739483096.6352477,-48,-1,-161
1739483096.6812477,-70,27,-58
1739483096.7272477,25,86,-93
1739483096.7722476,4,-74,19
1739483096.8182476,-42,-81,-10
1739483096.8642476,17,-148,-35
1739483096.9092476,-51,-179,103
1739483096.9552476,6,-16,-32
1739483097.0012476,-31,-17,-149
1739483097.0472476,15,-192,-58
1739483097.0922475,-30,-153,83
1739483097.1382475,51,-72,-6
1739483097.1842475,91,-4,18
1739483097.2292476,58,-63,-80
1739483097.2752476,0,0,-19
1739483097.3212476,-7,-113,-71
1739483097.3672476,26,0,-69
1739483097.4122477,55,-23,-85
1739483097.4592476,-13,-112,-38
1739483097.5052476,-97,116,-50
1739483097.5512476,-38,68,4
1739483097.5962474,89,-97,0
1739483097.6422474,-15,-108,-39
1739483097.6882474,37,-127,98
1739483097.7332475,-27,-18,-60
1739483097.7792475,18,-109,-118
1739483097.8252475,34,-151,-1
1739483097.8712475,-14,-88,-111
1739483097.9162476,26,-27,-101
1739483097.9622476,11,-109,-63
1739483098.0082476,71,15,21
1739483098.0532477,-88,86,-90
1739483098.0992477,1,-56,-42
1739483098.1452477,70,-83,19
1739483098.1912477,17,-59,-69
1739483098.2362475,-17,16,-46
1739483098.2822475,6,15,-7
1739483098.3282475,-41,14,-132
1739483098.3732476,-13,-52,-14
1739483098.4192476,-10,-64,-46
1739483098.4652476,-52,22,-23
1739483098.5112476,36,-105,40
1739483098.5562477,-50,84,19
1739483098.6022477,-94,6,-127
1739483098.6482477,69,-113,-36
1739483098.6932476,-19,-8,-136
1739483098.7392476,-38,-74,11
1739483098.7852476,72,-73,-95
1739483098.8312476,-70,6,-122
1739483098.8762476,-24,-24,60
1739483098.9222476,-25,-62,-104
1739483098.9682477,8,-5,-13
1739483099.0132475,-1,-32,6
1739483099.0592475,-38,12,-158
1739483099.1052475,-7,10,-51
1739483099.1512475,54,19,54
1739483099.1962476,1,32,-124
1739483099.2422476,-30,32,-80
1739483099.2882476,-44,-2,-57
1739483099.3332477,112,-59,-95
1739483099.3792477,84,-43,13
1739483099.4252477,104,-27,62
1739483099.4712474,55,-77,32
1739483099.5162475,-59,-44,21
1739483099.5622475,20,101,-106
1739483099.6082475,-59,30,-106
1739483099.6532476,-25,-84,3
1739483099.6992476,4,-133,-37
1739483099.7452476,-3,-54,-173
1739483099.7912476,82,-51,117
1739483099.8362474,27,-15,2
1739483099.8822474,-71,46,89
1739483099.9282477,-53,-44,-41
1739483099.9732475,-35,92,27
1739483100.0192475,-22,-134,-21
1739483100.0652475,8,-47,12
1739483100.1112475,-13,42,-7
1739483100.1562476,-1,60,-187
1739483100.2022476,30,9,-105
1739483100.2482476,11,-141,-47
1739483100.2932477,-17,-44,-130
1739483100.3392477,-19,2,-115
1739483100.3852477,-13,-53,50
1739483100.4312477,-55,52,85
1739483100.4762475,-11,-82,62
1739483100.5222476,-23,16,55
1739483100.5682476,31,-129,-31
1739483100.6132476,69,-49,0
1739483100.6592476,63,75,12
1739483100.7052476,-23,-46,0
1739483100.7512476,-11,-46,23
1739483100.7962475,25,-67,-23
1739483100.8422475,-16,-102,-117
1739483100.8882475,-20,4,-77
1739483100.9332476,-41,-72,18
1739483100.9792476,-43,4,-23
1739483101.0252476,-48,-60,-126
1739483101.0712476,-45,-134,-24
1739483101.1162477,16,-127,41
1739483101.1622477,-47,-12,-45
1739483101.2082477,61,-167,-62
1739483101.2532475,10,-67,3
1739483101.2992475,-4,26,-34
1739483101.3452475,31,13,-12
1739483101.3912475,2,-121,118
1739483101.4362476,-10,-18,-19
1739483101.4822476,24,-39,-63
1739483101.5282476,27,-11,-16
1739483101.5732474,-9,16,48
1739483101.6192474,-14,-88,-76
1739483101.6652474,152,-159,-57
1739483101.7112474,-38,-22,38
1739483101.7562475,-22,-32,-42
1739483101.8022475,-2,28,54
1739483101.8482475,-10,-112,-101
1739483101.8932476,66,-9,-35
1739483101.9392476,-34,-64,-52
1739483101.9852476,-30,8,-52
1739483102.0312476,-33,-144,-5
1739483102.0762477,29,-17,32
1739483102.1222477,-46,6,-49
1739483102.1682477,-52,36,-100
1739483102.2132475,-5,70,-48
1739483102.2592475,6,-111,8
1739483102.3052475,82,-45,-34
1739483102.3512475,-101,56,25
1739483102.3962476,49,3,21
1739483102.4422476,-14,-12,-27
1739483102.4882476,81,107,10
1739483102.5332477,47,33,127
1739483102.5792477,44,31,32
1739483102.6252477,52,35,-46
1739483102.6712475,18,-47,-13
1739483102.7162476,5,159,-17
1739483102.7622476,-7,47,-98
1739483102.8082476,-42,-98,-68
1739483102.8532476,-26,-50,-38
1739483102.8992476,-65,-110,55
1739483102.9452477,65,-15,-116
1739483102.9912477,-51,-42,-7
1739483103.0362475,-1,-76,42
1739483103.0822475,-66,-122,-75
1739483103.1282475,-29,-218,10
1739483103.1732476,-18,16,-52
1739483103.2192476,35,25,9
1739483103.2652476,-8,-32,-181
1739483103.3112476,25,23,144
1739483103.3562477,48,0,-7
1739483103.4022477,-26,-90,-33
1739483103.4482474,-21,-42,-67
1739483103.4932475,18,-35,26
1739483103.5452476,28,-63,-118
1739483103.5912476,-80,50,-65
1739483103.6362476,53,61,4
1739483103.6822476,-70,-102,50
1739483103.7282476,-38,10,-73
1739483103.7732477,-21,-79,-56
1739483103.8192475,-98,-104,-27
1739483103.8652475,-61,-86,-37
1739483103.9112475,34,-67,-24
1739483103.9562476,40,39,-7
1739483104.0022476,9,-43,-125
1739483104.0482476,71,-89,-17
1739483104.0932477,24,65,-45
1739483104.1392477,12,-122,13
1739483104.1852477,-79,-62,-5
1739483104.2312477,-17,6,41
1739483104.2762475,-8,-34,63
1739483104.3222475,3,-129,-40
1739483104.3682475,41,-11,-27
1739483104.4132476,12,51,-4
1739483104.4592476,54,-83,53
1739483104.5052476,60,53,-21
1739483104.5512476,-55,-54,28
1739483104.5962474,24,-19,-94
1739483104.6422474,-19,4,54
1739483104.6882474,-2,26,-132
1739483104.7332475,31,-59,108
1739483104.7792475,22,37,-17
1739483104.8252475,20,-67,24
1739483104.8712475,-64,-120,-20
1739483104.9162476,22,-9,-15
1739483104.9622476,-5,-18,-69
1739483105.0082476,98,-99,-99
1739483105.0532477,1,-11,-29
1739483105.0992477,-52,-136,-58
1739483105.1452477,12,-11,25
1739483105.1912477,-36,-22,-113
1739483105.2362475,71,-7,-132
1739483105.2822475,38,113,-39
1739483105.3282475,65,0,-100
1739483105.3732476,46,17,-142
1739483105.4192476,62,-89,-31
1739483105.4652476,18,3,87
1739483105.5112476,-45,-94,-23
1739483105.5562477,-28,36,-171
1739483105.6022477,37,-45,38
1739483105.6482477,-50,-66,-101
1739483105.6932476,-20,30,-73
1739483105.7392476,-17,-36,-29
1739483105.7852476,-9,-44,81
1739483105.8312476,-36,44,-62
1739483105.8762476,25,-163,-69
1739483105.9222476,43,-157,49
1739483105.9682477,12,-87,-34
1739483106.0132475,-30,-124,25
1739483106.0592475,1,-176,-74
1739483106.1052475,64,27,-27
1739483106.1512475,1,-35,-52
1739483106.1962476,-35,-24,-89
1739483106.2422476,0,42,-50
1739483106.2882476,-17,12,84
1739483106.3332477,-2,-204,0
1739483106.3792477,-25,-100,118
1739483106.4252477,35,-11,-185
1739483106.4712474,-17,-50,11
1739483106.5162475,104,1,68
1739483106.5622475,118,-33,-69
1739483106.6082475,-9,-88,61
1739483106.6532476,30,-83,-85
1739483106.6992476,36,19,-182
1739483106.7452476,44,-27,-19
1739483106.7912476,47,-19,45
1739483106.8362474,-2,-68,8
1739483106.8822474,-24,-14,-217
1739483106.9282477,23,47,27
1739483106.9732475,-9,-56,-28
1739483107.0192475,-59,18,-66
1739483107.0652475,45,25,-50
1739483107.1112475,-48,-18,-12
1739483107.1562476,-5,-36,-194
1739483107.2022476,-74,-32,83
1739483107.2482476,-56,-86,7
1739483107.2932477,-23,28,-28
1739483107.3392477,-13,38,41
1739483107.3852477,-10,-72,-37
1739483107.4312477,22,29,77
1739483107.4762475,-29,-120,-78
1739483107.5222476,-34,-28,-110
1739483107.5682476,13,-45,-66
1739483107.6132476,75,11,15
1739483107.6592476,-18,28,75
1739483107.7052476,34,23,-59
1739483107.7512476,-3,-36,-46
1739483107.7962475,-3,30,-47
1739483107.8422475,-16,62,163
1739483107.8882475,57,-103,-19
1739483107.9332476,10,-71,-182
1739483107.9792476,3,-55,-70
1739483108.0252476,-87,32,-70
1739483108.0712476,51,0,-69
1739483108.1162477,17,37,58
1739483108.1622477,39,-111,-63
1739483108.2082477,9,107,-95
1739483108.2532475,-18,-68,-92
1739483108.2992475,-75,-14,50
1739483108.3452475,-11,6,-32
1739483108.3912475,-65,-130,10
1739483108.4362476,-38,-20,-9
1739483108.4822476,-63,18,58
1739483108.5282476,22,-113,-96
1739483108.5732474,-36,-48,17
1739483108.6192474,29,41,-44
1739483108.6652474,12,33,58
1739483108.7112474,-2,-33,-19
1739483108.7562475,-38,-102,24
1739483108.8022475,-48,0,-43
1739483108.8482475,-9,-6,-58
1739483108.8932476,7,-65,-49
1739483108.9392476,19,47,-55
1739483108.9852476,37,-13,-2
1739483109.0312476,73,-3,-46
1739483109.0762477,17,-145,92
1739483109.1222477,-87,80,7
1739483109.1682477,0,-41,0
1739483109.2132475,11,0,-185
1739483109.2592475,-46,14,-160
1739483109.3052475,21,-25,11
1739483109.3512475,-26,40,51
1739483109.3962476,3,-47,-54
1739483109.4422476,-31,14,-39
1739483109.4882476,-32,-60,-21
1739483109.5332477,-3,-121,-86
1739483109.5792477,-1,-116,-86
1739483109.6252477,74,-43,-67
1739483109.6692476,-10,-54,-64
1739483109.7152476,43,75,68
1739483109.7612476,20,-147,61
1739483109.8072476,-54,-36,-185
1739483109.8522477,24,-17,-48
1739483109.8982477,-4,-60,-42
1739483109.9442475,28,-33,-7
1739483109.9892476,-64,-14,-103
1739483110.0352476,-32,-24,-60
1739483110.0812476,-54,-80,-23
1739483110.1272476,-5,-52,43
1739483110.1722476,-44,24,-18
1739483110.2182477,-27,14,-1
1739483110.2642477,4,0,-148
1739483110.3092475,-39,-2,-60
1739483110.3552475,12,21,2
1739483110.4012475,-6,-50,-43
1739483110.4472475,-14,-38,18
1739483110.4922476,0,13,-83
1739483110.5382476,-20,-130,16
1739483110.5842476,-27,24,189
1739483110.6292477,6,-86,-37
1739483110.6752477,33,-181,-115
1739483110.7212474,5,-5,-28
1739483110.7672474,-45,-10,-18
1739483110.8122475,-59,-94,16
1739483110.8582475,-113,-30,-98
1739483110.9042475,-35,66,16
1739483110.9492476,11,-32,-25
1739483110.9952476,-42,-18,-103
1739483111.0412476,-50,64,-17
1739483111.0872476,-68,-4,-57
1739483111.1322474,4,69,-47
1739483111.1782477,24,-3,-59
1739483111.2242477,26,-27,-114
1739483111.2692475,-84,-40,-84
1739483111.3152475,-17,-126,12
1739483111.3612475,-20,-62,-42
1739483111.4072475,21,17,-59
1739483111.4522476,-8,-58,23
1739483111.4982476,-28,114,71
1739483111.5442476,-3,-48,-110
1739483111.5892477,-4,-67,-76
1739483111.6352477,-31,-66,-1
1739483111.6812477,38,-33,-100
1739483111.7272477,-2,-27,-23
1739483111.7722476,18,9,-48
1739483111.8182476,-30,-44,-38
1739483111.8642476,33,123,5
1739483111.9092476,-2,-5,-72
1739483111.9552476,-81,-18,-92
1739483112.0012476,-26,0,-104
1739483112.0472476,6,33,-5
1739483112.0922475,-2,-18,-74
1739483112.1382475,52,61,-123
1739483112.1842475,-72,-148,-29
1739483112.2292476,0,33,41
1739483112.2752476,39,27,-21
1739483112.3212476,5,-37,-65
1739483112.3672476,-25,-58,25
1739483112.4122477,-41,68,-20
1739483112.4582477,-37,-82,-9
1739483112.5042477,-27,-102,-95
1739483112.5492475,86,-43,-118
1739483112.5952475,-12,88,-39
1739483112.6412475,-37,42,63
1739483112.6872475,-3,-28,-108
1739483112.7322476,-54,-4,-3
1739483112.7782476,-25,-24,21
1739483112.8242476,-74,-36,-87
1739483112.8692474,-13,30,-81
1739483112.9152474,-43,-112,34
1739483112.9612474,15,-33,14
1739483113.0072474,-23,42,53
1739483113.0522475,61,27,-109
1739483113.0982475,-40,-28,44
1739483113.1442475,40,-57,25
1739483113.1892476,-81,-86,-44
1739483113.2352476,91,-101,-44
1739483113.2812476,69,1,-18
1739483113.3272476,6,13,-60
1739483113.3722477,11,-69,-19
1739483113.4182477,-9,-72,-111
1739483113.4642477,13,9,-96
1739483113.5092475,-44,32,14
1739483113.5612476,-20,10,-62
1739483113.6072476,87,59,-35
1739483113.6522477,38,-41,-71
1739483113.6982474,38,-73,-117
1739483113.7442474,8,-1,-41
1739483113.7892475,-1,-44,-68
1739483113.8352475,-34,-40,-117
1739483113.8812475,-18,50,-39
1739483113.9272475,-19,-106,-8
1739483113.9732475,62,35,-43
1739483114.0192475,-30,14,-145
1739483114.0652475,-37,50,31
1739483114.1112475,-36,58,-186
1739483114.1562476,9,-103,30
1739483114.2022476,-21,-20,-11
1739483114.2482476,-6,-49,-116
1739483114.2932477,5,-73,-109
1739483114.3392477,-41,-38,-52
1739483114.3852477,89,59,-83
1739483114.4312477,-54,102,-51
1739483114.4762475,40,-39,-18
1739483114.5222476,-6,-58,-80
1739483114.5682476,-79,-104,-77
1739483114.6132476,1,-29,-28
1739483114.6592476,-37,-46,96
1739483114.7052476,74,17,-28
1739483114.7512476,-53,-106,45
1739483114.7962475,-42,-72,-79
1739483114.8422475,-3,22,18
1739483114.8882475,-78,52,41
1739483114.9332476,26,-63,16
1739483114.9792476,28,-43,-19
1739483115.0252476,29,-61,-105
1739483115.0712476,-36,-4,-47
1739483115.1162477,62,-39,-15
1739483115.1622477,21,-19,6
1739483115.2082477,-34,-62,-64
1739483115.2532475,-18,18,-108
1739483115.2992475,79,-129,-75
1739483115.3452475,31,-163,-45
1739483115.3912475,26,67,-182
1739483115.4362476,-113,26,29
1739483115.4822476,48,45,-39
1739483115.5282476,39,47,2
1739483115.5732474,77,-57,-118
1739483115.6192474,20,-135,53
1739483115.6652474,7,-129,-74
1739483115.7112474,65,-37,-57
1739483115.7562475,20,49,-40
1739483115.8022475,-64,-38,-14
1739483115.8482475,55,-113,-10
1739483115.8932476,20,-47,0
1739483115.9392476,-19,-12,0
1739483115.9852476,-58,14,-69
1739483116.0312476,43,-19,-153
1739483116.0762477,95,-57,107
1739483116.1222477,-109,-68,-9
1739483116.1682477,40,85,6
1739483116.2132475,-10,-8,-125
1739483116.2592475,8,-117,-75
1739483116.3052475,3,142,-127
1739483116.3512475,51,-15,-41
1739483116.3962476,2,-5,-5
1739483116.4422476,-7,-152,-63
1739483116.4882476,-37,-10,-93
1739483116.5332477,5,-53,-105
1739483116.5792477,-1,-72,-63
1739483116.6252477,48,-149,-56
1739483116.6712475,-20,-4,39
1739483116.7162476,8,-72,-63
1739483116.7622476,18,0,-71
1739483116.8082476,22,1,-59
1739483116.8532476,-3,-72,-69
1739483116.8992476,11,-113,-103
1739483116.9452477,-17,-104,-20
1739483116.9912477,36,111,29
1739483117.0362475,21,37,-70
1739483117.0822475,-58,-10,-22
1739483117.1282475,35,-11,-36
1739483117.1732476,-4,-126,-70
1739483117.2192476,-73,124,-19
1739483117.2652476,62,51,107
1739483117.3112476,28,-21,-27
1739483117.3562477,-7,-15,35
1739483117.4022477,77,65,-174
1739483117.4482474,2,-29,-18
1739483117.4932475,56,-89,-149
1739483117.5392475,-6,-44,16
1739483117.5852475,-35,-168,-41
1739483117.6312475,-48,26,-86
1739483117.6762476,33,-27,-114
1739483117.7222476,16,-1,31
1739483117.7682476,26,21,-58
1739483117.8132474,-6,0,-12
1739483117.8592474,-34,18,0
1739483117.9052474,-4,-36,-110
1739483117.9512477,50,-69,-94
1739483117.9962475,33,-79,15
1739483118.0422475,-44,-66,-116
1739483118.0882475,54,-17,-130
1739483118.1332476,-1,18,-8
1739483118.1792476,1,-21,83
1739483118.2252476,39,59,-3
1739483118.2712476,74,-82,97
1739483118.3162477,18,36,-40
1739483118.3622477,11,0,-27
1739483118.4082477,-81,-106,35
1739483118.4532475,48,-115,-111
1739483118.4992476,-53,2,-43
1739483118.5452476,17,1,-109
1739483118.5912476,103,-9,87
1739483118.6362476,-48,20,50
1739483118.6822476,5,-139,-70
1739483118.7282476,49,-59,12
1739483118.7732477,3,-78,13
1739483118.8192475,44,-67,17
1739483118.8652475,12,83,6
1739483118.9112475,27,-21,-116
1739483118.9562476,9,1,-141
1739483119.0022476,-11,-70,-57
1739483119.0482476,-60,-32,36
1739483119.0932477,-5,-189,-129
1739483119.1392477,-41,-65,0
1739483119.1852477,-46,-12,35
1739483119.2312477,-20,-31,-112
1739483119.2762475,0,-23,-92
1739483119.3222475,11,-60,-98
1739483119.3682475,57,-89,11
1739483119.4132476,-5,-41,-98
1739483119.4592476,34,-66,-77
1739483119.5052476,-21,-105,-103
1739483119.5512476,34,16,-47
1739483119.5962474,-25,-51,-27
1739483119.6422474,-49,-57,-161
1739483119.6882474,-68,-64,54
1739483119.7332475,36,87,8
1739483119.7792475,71,-73,-16
1739483119.8252475,-36,18,-34
1739483119.8712475,-17,-24,-122
1739483119.9162476,-93,-17,-95
1739483119.9622476,15,-57,-7
1739483120.0082476,-99,-72,-5
1739483120.0532477,33,43,-47
1739483120.0992477,29,-71,-61
1739483120.1452477,76,-51,1
1739483120.1912477,-48,-128,-68
1739483120.2362475,38,-33,-133
1739483120.2822475,1,11,-13
1739483120.3282475,-69,2,-122
1739483120.3732476,0,-30,0
1739483120.4192476,-114,26,-30
1739483120.4652476,33,-78,106
1739483120.5112476,38,-80,-22
1739483120.5562477,-6,-108,-126
1739483120.6022477,-31,57,-116
1739483120.6482477,61,-65,-10
1739483120.6932476,-42,-24,43
1739483120.7392476,-35,26,-27
1739483120.7852476,38,-31,-78
1739483120.8312476,-21,96,49
1739483120.8762476,30,31,28
1739483120.9222476,14,-28,-16
1739483120.9682477,69,-14,-44
1739483121.0132475,7,56,-30
1739483121.0592475,-20,143,-51
1739483121.1052475,-46,-79,-80
1739483121.1512475,7,-2,-166
1739483121.1962476,-54,4,17
1739483121.2422476,26,-109,12
1739483121.2882476,41,21,-54
1739483121.3332477,6,37,-167
1739483121.3792477,-28,-48,-31
1739483121.4252477,-61,-42,11
1739483121.4712474,50,47,25
1739483121.5162475,-3,-102,-94
1739483121.5622475,-4,-74,-66
1739483121.6082475,69,-39,18
1739483121.6532476,15,-92,-70
1739483121.6992476,-73,-61,-99
1739483121.7452476,15,103,126
1739483121.7912476,25,-97,-59
1739483121.8362474,-90,10,-4
1739483121.8822474,-23,-102,-53
1739483121.9282477,-9,-73,-30
1739483121.9732475,16,-91,-86
1739483122.0192475,-46,-4,-54
1739483122.0652475,86,-13,-37
1739483122.1112475,-6,-43,-118
1739483122.1562476,-7,-133,-98
1739483122.2022476,15,37,13
1739483122.2482476,-16,-42,-31
1739483122.2932477,17,-75,-32
1739483122.3392477,1,19,46
1739483122.3852477,79,49,62
1739483122.4312477,48,7,-7
1739483122.4762475,8,-15,15
1739483122.5222476,42,-163,-11
1739483122.5682476,-3,74,-34
1739483122.6132476,11,-49,-28
1739483122.6592476,-10,64,-54
1739483122.7052476,12,-10,-42
1739483122.7512476,15,24,38
1739483122.7962475,-82,33,14
1739483122.8422475,43,-1,-174
1739483122.8882475,27,19,-50
1739483122.9332476,-19,-50,-40
1739483122.9792476,-48,-85,-21
1739483123.0252476,0,-47,7
1739483123.0712476,29,-22,-9
1739483123.1162477,-10,11,-24
1739483123.1622477,-8,-33,-50
1739483123.2082477,26,37,-47
1739483123.2532475,-20,-142,115
1739483123.2992475,2,-43,-55
1739483123.3452475,41,-3,-73
1739483123.3912475,48,39,-159
1739483123.4362476,75,-33,25
1739483123.4822476,45,17,-25
1739483123.5282476,-26,-52,-48
1739483123.5792477,-15,31,-49
1739483123.6252477,-139,143,84
1739483123.6712475,25,-50,-31
1739483123.7162476,26,-28,3
1739483123.7622476,-17,49,-43
1739483123.8082476,9,11,-124
1739483123.8532476,131,-139,-42
1739483123.8992476,-84,-48,-46
1739483123.9452477,5,21,-86
1739483123.9912477,-35,-38,-24
1739483124.0362475,26,57,68
1739483124.0822475,54,-89,-76
1739483124.1282475,-66,-90,-36
1739483124.1732476,-52,-96,-29
1739483124.2192476,-34,-80,23
1739483124.2652476,72,36,-33
1739483124.3112476,-27,7,59
1739483124.3562477,8,-28,-48
1739483124.4022477,-44,-21,-94
1739483124.4482474,30,0,-11
1739483124.4932475,0,-18,2
1739483124.5392475,63,-96,-37
1739483124.5852475,38,-160,-67
1739483124.6292477,48,70,-99
1739483124.6752477,-45,-135,-9
1739483124.7212474,-27,-19,-58
1739483124.7672474,-47,45,19
1739483124.8122475,-9,-174,76
1739483124.8582475,24,-78,-17
1739483124.9042475,79,-106,-68
1739483124.9492476,29,60,-42
1739483124.9952476,15,-40,70
1739483125.0412476,45,48,55
1739483125.0872476,-57,23,-25
1739483125.1322474,25,-82,-58
1739483125.1782477,94,-64,-36
1739483125.2242477,37,-98,-22
1739483125.2692475,45,-35,1
1739483125.3152475,-45,-60,-110
1739483125.3612475,81,23,-56
1739483125.4072475,3,33,31
1739483125.4522476,25,-19,-9
1739483125.4982476,-15,-82,49
1739483125.5442476,26,-109,87
1739483125.5892477,46,52,1
1739483125.6352477,-8,-17,3
1739483125.6812477,46,-38,61
1739483125.7272477,23,-94,-62
1739483125.7722476,-14,1,-21
1739483125.8182476,27,12,0
1739483125.8642476,-20,-25,1
1739483125.9092476,-2,-6,-20
1739483125.9552476,47,-54,-33
1739483126.0012476,-11,25,-51
1739483126.0472476,67,12,129
1739483126.0922475,-74,28,-121
1739483126.1382475,76,-3,-28
1739483126.1842475,34,-53,-91
1739483126.2292476,54,88,-23
1739483126.2752476,-8,-195,-5
1739483126.3212476,-32,11,-38
1739483126.3672476,-86,-23,18
1739483126.4122477,46,8,-115
1739483126.4582477,-35,10,-45
1739483126.5042477,23,0,-53
1739483126.5492475,-60,11,-77
1739483126.5952475,-31,-85,-106
1739483126.6412475,96,-50,35
1739483126.6872475,-49,-60,-34
1739483126.7322476,44,-6,-54
1739483126.7782476,-14,59,-115
1739483126.8242476,117,-68,18
1739483126.8692474,20,0,24
1739483126.9152474,-60,98,-90
1739483126.9612474,21,-87,-58
1739483127.0072474,-7,26,-78
1739483127.0522475,10,32,-3
1739483127.0982475,-2,115,-56
1739483127.1442475,2,-41,-42
1739483127.1892476,-26,-65,0
1739483127.2352476,1,14,-26
1739483127.2812476,-24,89,101
1739483127.3272476,37,-8,-132
1739483127.3722477,-44,105,81
1739483127.4182477,48,-98,-184
1739483127.4642477,7,2,-100
1739483127.5092475,-25,-23,-83
1739483127.5552475,-16,28,-5
1739483127.6012475,-13,-168,-49
1739483127.6472476,61,6,-104
1739483127.6922476,0,-18,12
1739483127.7382476,-33,-89,19
1739483127.7842476,-32,83,-48
1739483127.8292477,-18,-79,-10
1739483127.8752477,-24,-23,-27
1739483127.9212475,-30,-6,-93
1739483127.9672475,21,47,-24
1739483128.0122476,-15,-74,95
1739483128.0582476,16,-33,-5
1739483128.1042476,-12,-2,-124
1739483128.1492476,9,-146,-120
1739483128.1952477,-3,9,6
1739483128.2412477,1,74,-36
1739483128.2872477,19,-50,-33
1739483128.3322475,-65,5,-133
1739483128.3782475,10,-10,-115
1739483128.4242475,-22,27,146
1739483128.4692476,54,-121,-130
1739483128.5152476,-40,-22,-12
1739483128.5612476,35,0,91
1739483128.6072476,-79,-18,-91
1739483128.6522477,-40,-76,26
1739483128.6982474,2,19,12
1739483128.7442474,40,-39,24
1739483128.7892475,8,31,-87
1739483128.8352475,-69,-41,68
1739483128.8812475,-26,-54,-146
1739483128.9262476,-49,-3,-36
1739483128.9722476,16,-30,-186
1739483129.0182476,114,-51,-69
1739483129.0642476,51,34,53
1739483129.1092474,48,-86,-20
1739483129.1552474,-41,-16,-66
1739483129.2012477,-81,-126,-68
1739483129.2462475,-16,-98,-46
1739483129.2922475,49,-61,49
1739483129.3382475,64,81,-74
1739483129.3842475,-30,22,-60
1739483129.4292476,10,13,44
1739483129.4752476,24,-168,-136
1739483129.5212476,-52,-145,-44
1739483129.5662477,-35,85,-49
1739483129.6122477,-2,-128,-82
1739483129.6582477,55,-6,23
1739483129.7042477,-10,10,-149
1739483129.7492476,-13,-116,-1
1739483129.7952476,2,0,-102
1739483129.8412476,15,12,44
1739483129.8862476,-46,0,3
1739483129.9322476,-7,-109,-88
1739483129.9782476,27,-38,-65
1739483130.0242476,-71,-65,63
1739483130.0692475,24,39,72
1739483130.1152475,-7,-125,-187
1739483130.1612475,40,-2,10
1739483130.2062476,-31,-19,7
1739483130.2522476,31,26,-6
1739483130.2982476,-25,-1,51
1739483130.3442476,-13,-71,-22
1739483130.3892477,-12,-19,-5
1739483130.4352477,4,-20,39
1739483130.4812477,-33,21,33
1739483130.5262475,-38,99,-55
1739483130.5722475,46,-72,-31
1739483130.6182475,37,71,-13
1739483130.6642475,20,-4,56
1739483130.7092476,55,-36,-116
1739483130.7552476,56,-43,24
1739483130.8012476,-22,144,6
1739483130.8462474,107,-61,-140
1739483130.8922474,11,-55,19
1739483130.9382474,10,37,-86
1739483130.9842474,46,24,-73
1739483131.0292475,-22,-21,14
1739483131.0752475,-98,-113,28
1739483131.1212475,0,-126,-133
1739483131.1662476,-27,55,13
1739483131.2122476,-76,-43,-114
1739483131.2582476,-27,-129,-36
1739483131.3042476,-10,-109,-84
1739483131.3492477,59,-107,35
1739483131.3952477,-1,-3,-58
1739483131.4412477,22,39,-99
1739483131.4862475,49,143,-48
1739483131.5322475,-95,50,0
1739483131.5782475,65,35,-4
1739483131.6242476,25,-10,-118
1739483131.6692476,21,-92,-21
1739483131.7152476,-15,-39,42
1739483131.7612476,26,-2,89
1739483131.8062477,14,-140,62
1739483131.8522477,-45,1,-5
1739483131.8982477,22,-46,-74
1739483131.9442475,-5,-75,-203
1739483131.9892476,19,-100,-31
1739483132.0352476,-7,-17,-17
1739483132.0812476,21,-2,-143
1739483132.1262476,-36,25,-48
1739483132.1722476,6,-54,-27
1739483132.2182477,-40,-75,10
1739483132.2642477,0,48,-185
1739483132.3092475,70,6,26
1739483132.3552475,43,-9,-27
1739483132.4012475,66,-78,-10
1739483132.4462476,-20,-143,-50
1739483132.4922476,-37,-52,-212
1739483132.5382476,47,-10,-89
1739483132.5842476,14,28,-29
1739483132.6292477,-71,-57,-27
1739483132.6752477,-21,58,23
1739483132.7212474,-37,36,-178
1739483132.7662475,-126,-140,-53
1739483132.8122475,-26,-9,-96
1739483132.8582475,2,-130,-62
1739483132.9042475,-2,-98,12
1739483132.9492476,38,-14,-63
1739483132.9952476,-41,1,-41
1739483133.0412476,72,50,30
1739483133.0862474,-1,9,107
1739483133.1322474,-129,20,-57
1739483133.1782477,0,-23,-43
1739483133.2242477,8,-13,-49
1739483133.2692475,-19,-44,-106
1739483133.3152475,17,-56,50
1739483133.3612475,-26,26,43
1739483133.4062476,29,66,8
1739483133.4522476,-56,-89,-81
1739483133.4982476,-54,41,-85
1739483133.5492475,-14,-53,-40
1739483133.5952475,31,-15,76
1739483133.6412475,28,-97,-100
1739483133.6862476,24,-18,39
1739483133.7322476,48,-31,-132
1739483133.7782476,48,-83,5
1739483133.8242476,58,-71,-15
1739483133.8692474,-39,14,12
1739483133.9152474,-10,22,18
1739483133.9612474,10,-90,50
1739483134.0062475,-49,-13,-142
1739483134.0522475,-9,14,-67
1739483134.0982475,-1,-52,31
1739483134.1442475,-71,-84,-77
1739483134.1892476,-16,-58,-94
1739483134.2352476,0,1,48
1739483134.2812476,-16,46,-18
1739483134.3262477,77,-42,41
1739483134.3722477,-37,-19,-84
1739483134.4182477,46,-42,-77
1739483134.4642477,17,90,-88
1739483134.5092475,-27,33,29
1739483134.5552475,-41,-109,14
1739483134.6012475,39,-16,-69
1739483134.6462476,-10,-5,-88
1739483134.6922476,18,32,-19
1739483134.7382476,25,56,-50
1739483134.7842476,-68,-71,-84
1739483134.8292477,-21,-15,23
1739483134.8752477,58,-8,-2
1739483134.9212475,31,-4,-134
1739483134.9662476,-4,-21,-59
1739483135.0122476,83,6,-52
1739483135.0582476,-42,71,-31
1739483135.1042476,-45,133,-96
1739483135.1492476,-1,-72,6
1739483135.1952477,-26,-95,61
1739483135.2412477,-3,32,1
1739483135.2862475,-80,-25,-94
1739483135.3322475,-56,-13,3
1739483135.3782475,-15,-67,-153
1739483135.4242475,76,-6,-95
1739483135.4692476,-50,99,-129
1739483135.5152476,-51,-7,-106
1739483135.5612476,-12,-148,-15
1739483135.6062477,38,-161,-138
1739483135.6522477,-107,-49,13
1739483135.6982474,9,-17,-28
1739483135.7442474,-47,-31,5
1739483135.7892475,60,-36,-134
1739483135.8352475,-88,-87,68
1739483135.8812475,3,-46,1
1739483135.9262476,82,-68,-76
1739483135.9722476,1,-20,-6
1739483136.0182476,16,19,13
1739483136.0642476,-24,-68,-23
1739483136.1092474,5,25,-12
1739483136.1552474,50,-21,-21
1739483136.2012477,53,-95,-11
1739483136.2462475,56,-7,-27
1739483136.2922475,3,-116,32
1739483136.3382475,16,56,-60
1739483136.3842475,59,3,-122
1739483136.4292476,14,-28,-30
1739483136.4752476,70,39,-135
1739483136.5212476,-47,30,68
1739483136.5662477,18,11,-78
1739483136.6122477,81,65,18
1739483136.6582477,-11,-38,8
1739483136.7042477,5,78,11
1739483136.7492476,-11,-9,53
1739483136.7952476,30,-173,55
1739483136.8412476,-24,-43,136
1739483136.8862476,58,-48,31
1739483136.9322476,25,-12,-47
1739483136.9782476,35,24,-26
1739483137.0242476,-25,107,43
1739483137.0692475,67,-112,-56
1739483137.1152475,45,-30,-36
1739483137.1612475,25,14,-42
1739483137.2062476,-89,-117,16
1739483137.2522476,-45,53,-84
1739483137.2982476,-105,5,-70
1739483137.3442476,83,-50,43
1739483137.3892477,-14,11,-17
1739483137.4352477,-4,-95,-80
1739483137.4812477,14,42,-21
1739483137.5262475,11,-96,11
1739483137.5722475,-62,-57,-35
1739483137.6182475,17,-22,-35
1739483137.6642475,24,10,-9
1739483137.7092476,-14,49,-118
1739483137.7552476,-5,34,81
1739483137.8012476,-15,-38,75
1739483137.8462474,3,-154,-42
1739483137.8922474,21,-82,12
1739483137.9382474,3,-40,51
1739483137.9842474,67,-96,54
1739483138.0292475,27,-66,-83
1739483138.0752475,-29,-5,-6
1739483138.1212475,-61,1,20
1739483138.1662476,72,-10,-57
1739483138.2122476,-17,-105,4
1739483138.2582476,-29,41,-86
1739483138.3042476,-13,49,-16
1739483138.3492477,-50,-55,6
1739483138.3952477,41,30,-62
1739483138.4412477,73,44,17
1739483138.4862475,67,36,-14
1739483138.5322475,-38,-51,-71
1739483138.5782475,13,-20,-109
1739483138.6242476,31,64,-119
1739483138.6692476,-22,27,-75
1739483138.7152476,21,2,-117
1739483138.7612476,27,-22,-6
1739483138.8062477,64,-116,-33
1739483138.8522477,9,73,-46
1739483138.8982477,0,-174,-106
1739483138.9442475,-16,-86,-71
1739483138.9892476,-63,64,-150
1739483139.0352476,129,-198,-41
1739483139.0812476,-39,-97,-28
1739483139.1262476,43,-12,-87
1739483139.1722476,-60,-11,2
1739483139.2182477,22,-140,62
1739483139.2642477,-30,-17,8
1739483139.3092475,66,-43,-81
1739483139.3552475,-11,-61,-42
1739483139.4012475,-13,154,21
1739483139.4462476,47,41,-71
1739483139.4922476,-21,-84,-75
1739483139.5382476,22,-25,56
1739483139.5842476,93,-97,-13
1739483139.6292477,10,-5,-175
1739483139.6752477,48,-24,-20
1739483139.7212474,-13,-44,-27
1739483139.7662475,-8,-62,-84
1739483139.8122475,-32,4,0
1739483139.8582475,14,-81,-70
1739483139.9042475,8,145,-8
1739483139.9492476,73,7,-60
1739483139.9952476,5,37,-98
1739483140.0412476,-29,-42,4
1739483140.0862474,52,-15,-77
1739483140.1322474,20,-77,-45
1739483140.1782477,-36,-109,23
1739483140.2242477,-66,-82,-43
1739483140.2692475,-34,58,13
1739483140.3152475,65,-58,101
1739483140.3612475,-58,-69,-9
1739483140.4062476,16,6,-151
1739483140.4522476,-44,-7,-107
1739483140.4982476,-36,-57,8
1739483140.5442476,-32,-33,-66
1739483140.5892477,-3,-75,-76
1739483140.6352477,11,-10,5
1739483140.6812477,-51,-36,29
1739483140.7262475,-65,68,39
1739483140.7722476,43,-97,-23
1739483140.8182476,-32,-70,5
1739483140.8642476,-92,-7,-47
1739483140.9092476,-20,23,-72
1739483140.9552476,86,55,-92
1739483141.0012476,35,12,-57
1739483141.0462475,-17,-21,155
1739483141.0922475,48,-8,-145
1739483141.1382475,-46,-67,36
1739483141.1842475,9,-45,-34
1739483141.2292476,-17,44,-23
1739483141.2752476,-53,-14,-39
1739483141.3212476,-57,-43,-36
1739483141.3662477,55,28,37
1739483141.4122477,81,-66,19
1739483141.4582477,-6,-30,-137
1739483141.5042477,34,58,-15
1739483141.5492475,-37,-57,-49
1739483141.5952475,29,-116,-17
1739483141.6412475,15,-54,-108
1739483141.6862476,136,0,18
1739483141.7322476,-4,-1,-76
1739483141.7782476,-11,-1,-124
1739483141.8242476,-40,-22,81
1739483141.8692474,-24,-107,17
1739483141.9152474,-92,-36,-24
1739483141.9612474,51,-97,102
1739483142.0062475,-4,28,-64
1739483142.0522475,-54,76,30
1739483142.0982475,-58,46,29
1739483142.1442475,19,-99,6
1739483142.1892476,-50,-156,45
1739483142.2352476,5,-55,-58
1739483142.2812476,-22,123,-110
1739483142.3262477,5,-155,3
1739483142.3722477,28,-22,-118
1739483142.4182477,-14,-37,-13
1739483142.4642477,76,18,82
1739483142.5092475,-36,19,-1
1739483142.5552475,34,44,50
1739483142.6012475,-12,-35,69
1739483142.6462476,-39,-23,-10
1739483142.6922476,52,-50,43
1739483142.7382476,48,-16,-16
1739483142.7842476,1,-76,60
1739483142.8292477,-30,-47,27
1739483142.8752477,-67,-11,13
1739483142.9212475,23,-92,36
1739483142.9662476,-60,-147,-49
1739483143.0122476,21,-32,-15
1739483143.0582476,80,58,-23
1739483143.1042476,20,-98,-13
1739483143.1492476,13,35,-16
1739483143.1952477,-47,-88,12
1739483143.2412477,39,-76,-102
1739483143.2862475,15,45,-140
1739483143.3322475,-64,23,-95
1739483143.3782475,10,30,33
1739483143.4242475,114,-71,1
1739483143.4692476,67,-148,-90
1739483143.5152476,109,-124,-61
1739483143.5662477,39,101,101
1739483143.6122477,-33,-64,-38
1739483143.6582477,9,-152,15
1739483143.7042477,-13,22,25
1739483143.7492476,12,9,-87
1739483143.7952476,-20,-78,-101
1739483143.8412476,15,71,-101
1739483143.8862476,-7,-56,32
1739483143.9322476,-70,-109,10
1739483143.9782476,-25,26,12
1739483144.0242476,-83,-62,-87
1739483144.0692475,40,-36,-82
1739483144.1152475,-31,-36,-111
1739483144.1612475,39,-104,34
1739483144.2062476,-74,5,30
1739483144.2522476,40,-62,9
1739483144.2982476,43,-30,-58
1739483144.3442476,-10,-106,-212
1739483144.3892477,5,58,5
1739483144.4352477,-3,-27,-88
1739483144.4812477,40,37,18
1739483144.5262475,21,-94,-41
1739483144.5722475,2,-83,15
1739483144.6182475,0,-87,6
1739483144.6642475,-26,-41,32
1739483144.7092476,10,-90,17
1739483144.7552476,-48,47,58
1739483144.8012476,-33,-21,70
1739483144.8462474,26,-34,-17
1739483144.8922474,-17,-114,-67
1739483144.9382474,-51,-54,20
1739483144.9842474,-13,-28,100
1739483145.0292475,40,27,-20
1739483145.0752475,14,-22,-84
1739483145.1212475,24,-64,-58
1739483145.1662476,8,-55,28
1739483145.2122476,-88,-93,-24
1739483145.2582476,95,-142,-79
1739483145.3042476,0,-39,68
1739483145.3492477,-8,-73,-91
1739483145.3952477,76,-112,53
1739483145.4412477,-2,6,-30
1739483145.4862475,-9,29,6
1739483145.5322475,95,-55,29
1739483145.5782475,-21,26,-28
1739483145.6242476,25,-127,-80
1739483145.6692476,10,0,0
1739483145.7152476,-39,-107,-20
1739483145.7612476,-53,-21,-85
1739483145.8062477,44,84,7
1739483145.8522477,22,-9,15
1739483145.8982477,60,-49,0
1739483145.9442475,-82,24,-68
1739483145.9892476,-4,-18,-43
1739483146.0352476,6,-56,-7
1739483146.0812476,8,22,-65
1739483146.1262476,0,-50,-42
1739483146.1722476,71,88,-42
1739483146.2182477,0,-22,-30
1739483146.2642477,29,-56,-65
1739483146.3092475,68,32,34
1739483146.3552475,2,-69,-75
1739483146.4012475,22,10,-54
1739483146.4462476,7,-45,95
1739483146.4922476,-12,51,6
1739483146.5382476,-25,-103,-47
1739483146.5842476,-35,113,-170
1739483146.6292477,42,-10,-110
1739483146.6752477,32,-36,28
1739483146.7212474,11,-28,0
1739483146.7662475,-45,-61,-68
1739483146.8122475,13,-126,-30
1739483146.8582475,-4,-31,-28
1739483146.9042475,-131,-59,-33
1739483146.9492476,35,-8,-115
1739483146.9952476,13,-81,-70
1739483147.0412476,23,15,-49
1739483147.0862474,39,-171,31
1739483147.1322474,-36,-44,-109
1739483147.1782477,22,-188,-65
1739483147.2242477,-134,-15,142
1739483147.2692475,28,-62,-1
1739483147.3152475,-11,-90,101
1739483147.3612475,86,-76,-50
1739483147.4062476,-30,31,38
1739483147.4522476,-83,-3,0
1739483147.4982476,15,-66,-79
1739483147.5442476,63,-111,29
1739483147.5892477,-117,-44,-99
1739483147.6352477,72,-73,-80
1739483147.6812477,11,87,-91
1739483147.7262475,35,-21,-79
1739483147.7722476,-49,3,37
1739483147.8182476,-50,24,-70
1739483147.8642476,-50,9,-4
1739483147.9092476,-46,7,-123
1739483147.9552476,4,-74,15
1739483148.0012476,-37,-35,-22
1739483148.0462475,103,112,-22
1739483148.0922475,38,-12,-55
1739483148.1382475,-44,11,-53
1739483148.1842475,-2,-100,-97
1739483148.2292476,0,-51,-90
1739483148.2752476,-7,-29,46
1739483148.3212476,-3,169,34
1739483148.3662477,84,36,29
1739483148.4122477,19,50,55
1739483148.4582477,24,-14,0
1739483148.5042477,-29,-119,-133
1739483148.5492475,46,-108,-49
1739483148.5952475,-29,-15,53
1739483148.6412475,96,-54,-82
1739483148.6862476,60,-16,-50
1739483148.7322476,36,48,0
1739483148.7782476,56,4,-65
1739483148.8242476,22,52,-92
1739483148.8692474,38,40,60
1739483148.9152474,-41,-27,-49
1739483148.9612474,4,-18,-20
1739483149.0062475,20,-66,-49
1739483149.0522475,26,2,-21
1739483149.0982475,-18,19,50
1739483149.1442475,25,70,-36
1739483149.1892476,30,62,106
1739483149.2352476,21,-75,-145
1739483149.2812476,-57,49,-13
1739483149.3262477,7,-24,45
1739483149.3722477,38,-65,-80
1739483149.4182477,-43,-101,-110
1739483149.4642477,-7,-66,-46
1739483149.5092475,-32,-76,-37
1739483149.5552475,-1,-133,-70
1739483149.6012475,-35,21,0
1739483149.6462476,-1,-111,-162
1739483149.6922476,-94,-85,-119
1739483149.7382476,-30,-3,12
1739483149.7842476,-2,5,31
1739483149.8292477,8,34,-108
1739483149.8752477,-22,-25,-51
1739483149.9212475,14,-84,-157
1739483149.9662476,-50,27,-168
1739483150.0122476,17,-20,81
1739483150.0582476,38,5,37
1739483150.1042476,-9,-35,-67
1739483150.1492476,50,-90,-100
1739483150.1952477,37,6,-18
1739483150.2402475,-54,-61,-11
1739483150.2852476,-42,-42,50
1739483150.3312476,-17,-96,-144
1739483150.3772476,21,-41,-33
1739483150.4222476,60,71,-37
1739483150.4682477,-10,-63,-112
1739483150.5142477,-10,-106,-52
1739483150.5602477,-1,-61,22
1739483150.6052475,25,-24,27
1739483150.6512475,-72,44,-70
1739483150.6972475,-13,24,57
1739483150.7422476,-86,-137,-89
1739483150.7882476,-44,-16,-116
1739483150.8342476,32,11,-9
1739483150.8802476,-103,-30,-51
1739483150.9252477,-11,13,-21
1739483150.9712474,-6,-80,-32
1739483151.0172474,-5,-50,106
1739483151.0622475,-103,0,-66
1739483151.1082475,97,40,36
1739483151.1542475,-29,13,-50
1739483151.2002475,15,-42,10
1739483151.2452476,13,-142,-27
1739483151.2912476,27,0,-78
1739483151.3372476,-59,31,22
1739483151.3822474,-5,43,-94
1739483151.4282477,60,12,0
1739483151.4742477,-24,-27,31
1739483151.5202477,-12,31,24
1739483151.5652475,54,-46,-17
1739483151.6112475,-40,-21,-53
1739483151.6572475,16,-48,7
1739483151.7022476,1,97,-35
1739483151.7482476,3,5,8
1739483151.7942476,-71,-67,-56
1739483151.8402476,-67,-76,-82
1739483151.8852477,7,14,-75
1739483151.9312477,-11,-123,8
1739483151.9772477,1,-45,-83
1739483152.0222476,38,-11,93
1739483152.0682476,-31,-102,12
1739483152.1142476,38,-45,-74
1739483152.1602476,-18,132,-39
1739483152.2052476,-2,-196,-41
1739483152.2512476,-52,12,-60
1739483152.2972476,49,35,-83
1739483152.3422475,13,35,5
1739483152.3882475,37,-95,4
1739483152.4342475,4,-28,-199
1739483152.4802475,13,-80,-26
1739483152.5252476,114,-50,-18
1739483152.5712476,3,-54,56
1739483152.6172476,79,2,-66
1739483152.6622477,9,94,-30
1739483152.7082477,15,-62,-42
1739483152.7542477,61,8,-176
1739483152.8002477,-65,-28,33
1739483152.8452475,61,14,17
1739483152.8912475,-40,-49,58
1739483152.9372475,-17,-41,5
1739483152.9822476,60,-216,-50
1739483153.0282476,-5,49,-35
1739483153.0742476,34,-58,-24
1739483153.1202476,-32,-1,-102
1739483153.1652474,-6,-102,-46
1739483153.2112474,-118,-109,-42
1739483153.2572474,-36,-1,-20
1739483153.3022475,-35,-43,-11
1739483153.3482475,-15,35,-32
1739483153.3942475,-15,-45,24
1739483153.4402475,2,-12,51
1739483153.4852476,-10,-45,-54
1739483153.5312476,3,42,-12
1739483153.5822475,-60,-53,52
1739483153.6282475,-89,65,-43
1739483153.6742475,-77,-11,-80
1739483153.7202475,-12,-35,-91
1739483153.7652476,-59,29,40
1739483153.8112476,26,0,-72
1739483153.8572476,-26,63,-13
1739483153.9022477,-2,0,-114
1739483153.9482474,-57,-23,-142
1739483153.9942474,56,-194,-9
1739483154.0402474,-50,7,-50
1739483154.0852475,86,-112,-27
1739483154.1312475,-73,71,-39
1739483154.1772475,77,30,-67
1739483154.2222476,67,48,0
1739483154.2682476,63,-52,17
1739483154.3142476,53,-34,-35
1739483154.3602476,17,-20,82
1739483154.4052474,-39,41,-126
1739483154.4512477,-12,-49,-62
1739483154.4982476,-57,-132,14
1739483154.5442476,-47,-82,-80
1739483154.5892477,46,48,133
1739483154.6352477,-109,-23,-45
1739483154.6812477,26,-37,-95
1739483154.7262475,9,1,-76
1739483154.7722476,87,-7,51
1739483154.8182476,40,24,-63
1739483154.8642476,6,-62,-81
1739483154.9092476,81,-112,-117
1739483154.9552476,-16,-27,-143
1739483155.0012476,32,-50,-124
1739483155.0462475,55,62,-152
1739483155.0922475,-38,-29,-36
1739483155.1382475,-34,-123,-61
1739483155.1842475,46,10,-29
1739483155.2292476,58,-92,-17
1739483155.2752476,50,28,-35
1739483155.3212476,-47,-59,-138
1739483155.3662477,-1,-104,22
1739483155.4122477,12,-12,-124
1739483155.4582477,15,-24,-84
1739483155.5042477,-9,49,11
1739483155.5492475,-27,-38,33
1739483155.5952475,32,-129,-13
1739483155.6412475,39,-87,100
1739483155.6862476,-32,-62,-42
1739483155.7322476,-9,-7,-45
1739483155.7782476,-7,-60,-25
1739483155.8242476,-1,8,56
1739483155.8692474,-39,39,-77
1739483155.9152474,19,-94,-27
1739483155.9612474,-14,-99,-19
1739483156.0062475,34,64,-2
1739483156.0522475,37,0,54
1739483156.0982475,31,-5,-97
1739483156.1442475,12,-45,19
1739483156.1892476,7,87,-108
1739483156.2352476,-29,-74,-152
1739483156.2812476,1,-80,15
1739483156.3262477,95,-71,-37
1739483156.3722477,-41,22,-72
1739483156.4182477,7,-23,-26
1739483156.4642477,-74,-6,-77
1739483156.5092475,-51,-34,87
1739483156.5552475,48,-10,-149
1739483156.6012475,-59,12,-27
1739483156.6462476,3,-184,-121
1739483156.6922476,-90,-128,-137
1739483156.7382476,-16,-175,41
1739483156.7842476,-17,-32,33
1739483156.8292477,-3,-58,-72
1739483156.8752477,-77,10,-23
1739483156.9212475,19,-88,-15
1739483156.9662476,34,-56,-2
1739483157.0122476,-2,-60,-28
1739483157.0582476,16,-132,-30
1739483157.1042476,38,100,-50
1739483157.1492476,45,-42,38
1739483157.1952477,0,-14,9
1739483157.2412477,16,54,53
1739483157.2862475,8,-54,25
1739483157.3322475,-2,-7,-79
1739483157.3782475,12,39,-137
1739483157.4242475,70,-149,-65
1739483157.4692476,24,-109,-98
1739483157.5152476,1,53,31
1739483157.5612476,21,-122,-26
1739483157.6062477,27,-126,-5
1739483157.6522477,17,-38,0
1739483157.6982474,0,24,30
1739483157.7442474,11,37,2
1739483157.7892475,49,-21,-16
1739483157.8352475,-43,-40,-66
1739483157.8812475,49,11,-192
1739483157.9262476,19,-18,-52
1739483157.9722476,39,-132,55
1739483158.0182476,-1,-9,-40
1739483158.0642476,27,-48,53
1739483158.1092474,-6,-107,-18
1739483158.1552474,47,-4,-115
1739483158.2012477,-62,-101,-73
1739483158.2462475,-16,-107,-54
1739483158.2922475,82,-56,-167
1739483158.3382475,-15,79,0
1739483158.3832476,40,34,61
1739483158.4292476,-6,-134,66
1739483158.4752476,93,-116,15
1739483158.5212476,-16,-17,-83
1739483158.5662477,11,91,-101
1739483158.6122477,-1,36,58
1739483158.6582477,-103,-101,-10
1739483158.7042477,-42,21,-73
1739483158.7492476,48,52,-74
1739483158.7952476,16,-46,16
1739483158.8412476,-10,-119,-77
1739483158.8862476,62,-108,78
1739483158.9322476,21,12,74
1739483158.9782476,56,0,-21
1739483159.0242476,-40,-65,-4
1739483159.0692475,-62,13,18
1739483159.1152475,45,-126,-55
1739483159.1612475,-9,16,-5
1739483159.2062476,21,-58,-48
1739483159.2522476,-25,-207,37
1739483159.2982476,-15,99,43
1739483159.3442476,-54,-139,-25
1739483159.3892477,29,-94,71
1739483159.4352477,51,-48,-20
1739483159.4812477,-28,-15,74
1739483159.5262475,-28,59,-148
1739483159.5722475,-44,-61,-74
1739483159.6182475,-49,109,-10
1739483159.6642475,-112,-93,-12
1739483159.7092476,83,16,-120
1739483159.7552476,-68,-73,16
1739483159.8012476,-27,63,-41
1739483159.8462474,28,52,-29
1739483159.8922474,-61,-111,0
1739483159.9382474,31,-26,33
1739483159.9842474,-3,-79,-17
1739483160.0292475,-37,-23,-10
1739483160.0752475,-12,17,35
1739483160.1212475,-38,-51,12
1739483160.1662476,-11,-123,-40
1739483160.2122476,-16,-135,37
1739483160.2582476,-12,-43,40
1739483160.3042476,-14,-63,37
1739483160.3492477,-53,-91,2
1739483160.3952477,-27,-80,36
1739483160.4412477,11,3,42
1739483160.4862475,46,147,-51
1739483160.5322475,37,32,-33
1739483160.5782475,-78,43,-32
1739483160.6242476,-11,37,-114
1739483160.6692476,42,30,14
1739483160.7152476,-9,-4,67
1739483160.7612476,-54,-45,63
1739483160.8062477,-19,-82,-74
1739483160.8522477,38,13,-112
1739483160.8982477,48,22,-33
1739483160.9442475,-74,-22,-28
1739483160.9892476,16,-101,8
1739483161.0352476,-36,81,24
1739483161.0812476,-53,-23,12
1739483161.1262476,-93,21,-168
1739483161.1722476,-4,-10,-73
1739483161.2182477,-46,-83,14
1739483161.2642477,-74,-57,-27
1739483161.3092475,-43,-51,54
1739483161.3552475,49,-96,-75
1739483161.4012475,18,-28,-68
1739483161.4462476,47,-56,75
1739483161.4922476,-33,-13,-63
1739483161.5382476,-27,12,-31
1739483161.5832477,36,-38,-95
1739483161.6292477,22,-40,75
1739483161.6752477,-56,3,-95
1739483161.7212474,7,14,-2
1739483161.7662475,0,-82,-52
1739483161.8122475,-17,-37,-141
1739483161.8582475,10,-29,-31
1739483161.9032476,-89,97,-51
1739483161.9492476,-34,53,-177
1739483161.9952476,-24,121,-53
1739483162.0412476,17,-29,30
1739483162.0862474,-13,-129,-82
1739483162.1322474,-23,-65,-135
1739483162.1782477,22,0,26
1739483162.2232475,24,56,-139
1739483162.2692475,-54,-111,83
1739483162.3152475,0,-22,-100
1739483162.3612475,4,93,-16
1739483162.4062476,52,-14,-17
1739483162.4522476,-18,-83,12
1739483162.4982476,-53,9,-65
1739483162.5432477,30,22,67
1739483162.5892477,-13,-35,35
1739483162.6352477,-47,93,87
1739483162.6812477,58,16,11
1739483162.7262475,-59,-107,2
1739483162.7722476,48,30,-35
1739483162.8182476,25,-98,71
1739483162.8632476,93,-8,-34
1739483162.9092476,-34,-39,-90
1739483162.9552476,45,-88,-81
1739483163.0012476,3,-54,-55
1739483163.0462475,45,84,124
1739483163.0922475,-31,-117,-62
1739483163.1382475,26,54,-125
1739483163.1832476,10,-42,-147
1739483163.2292476,28,34,-120
1739483163.2752476,-8,57,-46
1739483163.3212476,-50,17,-22
1739483163.3662477,-20,59,-28
1739483163.4122477,61,-24,-120
1739483163.4582477,-28,-75,-19
1739483163.5032475,49,2,-96
1739483163.5492475,21,-6,36
1739483163.6012475,67,-82,66
1739483163.6462476,41,128,26
1739483163.6922476,-19,-7,-7
1739483163.7382476,-38,-97,-93
1739483163.7832477,16,-42,43
1739483163.8292477,-9,-11,-68
1739483163.8752477,66,-76,67
1739483163.9212475,-67,17,42
1739483163.9662476,-2,-48,-36
1739483164.0122476,-53,17,81
1739483164.0582476,-57,3,-182
1739483164.1032476,25,-12,-90
1739483164.1492476,-18,-41,-189
1739483164.1952477,-44,-37,-10
1739483164.2412477,-61,-23,-126
1739483164.2862475,3,-95,10
1739483164.3322475,-16,-65,14
1739483164.3782475,-4,-125,-13
1739483164.4232476,116,8,-110
1739483164.4692476,44,-62,-53
1739483164.5152476,104,-96,-45
1739483164.5612476,-10,-71,-49
1739483164.6062477,-14,103,-60
1739483164.6522477,-25,15,119
1739483164.6982474,-42,19,30
1739483164.7432475,-37,63,-25
1739483164.7892475,-19,33,51
1739483164.8352475,-14,-107,-94
1739483164.8812475,-7,-13,-74
1739483164.9262476,35,68,-9
1739483164.9722476,27,-20,23
1739483165.0182476,67,-116,34
1739483165.0632474,34,8,-32
1739483165.1092474,-36,-49,-73
1739483165.1552474,53,36,-58
1739483165.2012477,-25,-199,-20
1739483165.2462475,90,-90,-87
1739483165.2922475,-66,-103,72
1739483165.3382475,28,-88,51
1739483165.3832476,72,54,38
1739483165.4292476,-34,53,22
1739483165.4752476,41,-80,0
1739483165.5212476,-25,-9,52
1739483165.5662477,-18,19,-17
1739483165.6122477,-13,27,-43
1739483165.6582477,17,-2,-93
1739483165.7032475,-42,-21,-51
1739483165.7492476,46,8,-12
1739483165.7952476,35,32,50
1739483165.8412476,29,64,-49
1739483165.8862476,86,40,50
1739483165.9322476,41,-12,-35
1739483165.9782476,-28,-65,-27
1739483166.0232477,25,60,38
1739483166.0692475,24,-4,-56
1739483166.1152475,25,-192,-143
1739483166.1612475,76,-24,-17
1739483166.2052476,1,-16,49
1739483166.2512476,17,66,32
1739483166.2972476,3,104,-78
1739483166.3422475,-51,31,15
1739483166.3882475,-45,-49,-35
1739483166.4342475,-33,-43,36
1739483166.4792476,80,8,-78
1739483166.5252476,-67,-3,56
1739483166.5712476,-30,-65,-27
1739483166.6172476,9,52,52
1739483166.6622477,12,-60,-109
1739483166.7082477,-50,13,-20
1739483166.7542477,-27,25,-70
1739483166.7992475,2,-97,-5
1739483166.8452475,28,-12,-112
1739483166.8912475,60,26,-45
1739483166.9372475,-55,-81,-7
1739483166.9822476,-38,-9,-126
1739483167.0282476,-35,-93,-61
1739483167.0742476,-63,0,41
1739483167.1192474,6,10,-132
1739483167.1652474,-52,-231,-38
1739483167.2112474,-41,-125,-32
1739483167.2572474,-18,83,-111
1739483167.3022475,-41,-19,61
1739483167.3482475,-91,-141,34
1739483167.3942475,-3,-67,-52
1739483167.4392476,-59,-59,-49
1739483167.4852476,-6,9,-68
1739483167.5312476,10,-2,-102
1739483167.5772476,-63,-55,-45
1739483167.6222477,54,-60,-84
1739483167.6682477,-43,-19,-27
1739483167.7142477,-76,129,-118
1739483167.7592475,-34,-7,68
1739483167.8052475,32,-16,-16
1739483167.8512475,-69,-93,-94
1739483167.8972476,62,-120,75
1739483167.9422476,-73,-27,-70
1739483167.9882476,-2,-54,-65
1739483168.0342476,-29,-41,-89
1739483168.0792477,-12,-65,22
1739483168.1252477,-20,23,-127
1739483168.1712475,-100,-69,-3
1739483168.2172475,-20,-23,-62
1739483168.2622476,-34,13,-95
1739483168.3082476,13,-34,60
1739483168.3542476,75,-46,-57
1739483168.3992476,-53,-85,46
1739483168.4452477,11,-77,-30
1739483168.4912477,37,12,-21
1739483168.5372477,26,4,-81
1739483168.5822475,18,-52,-25
1739483168.6282475,30,-50,20
1739483168.6742475,48,-56,-16
1739483168.7192476,19,34,31
1739483168.7652476,-21,-145,14
1739483168.8112476,-5,-17,-7
1739483168.8572476,-40,-61,-60
1739483168.9022477,76,-4,52
1739483168.9482474,-19,57,-56
1739483168.9942474,-30,13,-103
1739483169.0392475,-16,-87,-73
1739483169.0852475,0,-103,-34
1739483169.1312475,-17,83,53
1739483169.1772475,8,-85,-136
1739483169.2222476,44,10,62
1739483169.2682476,-2,27,-46
1739483169.3142476,-34,-43,-7
1739483169.3592474,14,-8,-31
1739483169.4052474,14,-158,-21
1739483169.4512477,14,-66,-61
1739483169.4972477,-43,-31,-3
1739483169.5422475,22,34,-31
1739483169.5882475,-32,-149,-21
1739483169.6342475,47,-6,-38
1739483169.6792476,21,38,-79
1739483169.7252476,-9,35,-80
1739483169.7712476,14,-8,-58
1739483169.8172476,27,20,-11
1739483169.8622477,-26,-63,22
1739483169.9082477,4,-10,5
1739483169.9542477,35,10,23
1739483169.9992476,-39,-35,-57
1739483170.0452476,4,16,-6
1739483170.0912476,28,-44,-118
1739483170.1372476,-21,21,12
1739483170.1822476,47,-46,57
1739483170.2282476,8,20,-48
1739483170.2742476,-47,7,-27
1739483170.3192475,33,142,-80
1739483170.3652475,-41,73,-15
1739483170.4112475,-2,-23,-67
1739483170.4572475,-66,-93,86
1739483170.5022476,15,-40,69
1739483170.5482476,-40,43,-39
1739483170.5942476,7,-49,81
1739483170.6392477,-27,73,-63
1739483170.6852477,0,15,-66
1739483170.7312477,0,69,-59
1739483170.7772477,-1,41,-112
1739483170.8222475,0,55,-64
1739483170.8682475,42,-70,19
1739483170.9142475,13,-118,-48
1739483170.9592476,81,-80,94
1739483171.0052476,23,-138,-13
1739483171.0512476,98,-28,23
1739483171.0972476,-42,-43,152
1739483171.1422474,2,-2,-59
1739483171.1882474,0,-93,-25
1739483171.2342474,3,52,-16
1739483171.2792475,108,-10,10
1739483171.3252475,12,-56,-28
1739483171.3712475,-110,35,-3
1739483171.4172475,-3,-83,89
1739483171.4622476,8,-40,5
1739483171.5082476,11,12,86
1739483171.5542476,-45,-1,28
1739483171.5992477,-41,-145,-42
1739483171.6452477,12,-66,-8
1739483171.6912477,-32,13,60
1739483171.7372477,57,46,-58
1739483171.7822475,-41,-121,-23
1739483171.8282475,-41,-67,60
1739483171.8742476,-5,-65,-58
1739483171.9192476,53,-58,-27
1739483171.9652476,49,-62,-40
1739483172.0112476,-31,55,-15
1739483172.0572476,-60,-5,-37
1739483172.1022477,-7,-101,-64
1739483172.1482477,-31,23,4
1739483172.1942475,-39,-23,41
1739483172.2392476,20,-30,6
1739483172.2852476,4,-36,25
1739483172.3312476,-32,9,-82
1739483172.3772476,-31,-77,106
1739483172.4222476,5,28,-5
1739483172.4682477,-4,-33,52
1739483172.5142477,33,58,4
1739483172.5592475,44,-14,-14
1739483172.6052475,45,-84,-109
1739483172.6512475,2,-30,-32
1739483172.6972475,-58,-17,88
1739483172.7422476,2,-60,-86
1739483172.7882476,-53,17,-88
1739483172.8342476,-40,-25,97
1739483172.8792477,109,8,61
1739483172.9252477,3,-11,40
1739483172.9712474,-110,15,50
1739483173.0172474,24,-24,-74
1739483173.0622475,-52,41,43
1739483173.1082475,44,42,-68
1739483173.1542475,-76,-19,-27
1739483173.1992476,71,-52,83
1739483173.2452476,-6,58,-42
1739483173.2912476,-7,-67,-2
1739483173.3372476,-30,-53,-92
1739483173.3822474,8,16,-50
1739483173.4282477,-49,-21,27
1739483173.4742477,-1,-31,-9
1739483173.5192475,20,46,-117
1739483173.5652475,-9,-97,-5
1739483173.6172476,-52,1,54
1739483173.6622477,-1,-117,-22
1739483173.7082477,86,28,117
1739483173.7542477,-10,25,-103
1739483173.7992475,8,-104,-55
1739483173.8452475,0,-100,12
1739483173.8912475,55,-44,-54
1739483173.9372475,-22,-7,-86
1739483173.9822476,13,-198,84
1739483174.0282476,23,108,-16
1739483174.0742476,0,-39,-89
1739483174.1192474,45,-40,60
1739483174.1652474,39,-16,-61
1739483174.2112474,-10,-127,-9
1739483174.2572474,-49,-33,69
1739483174.3022475,-15,1,-69
1739483174.3482475,-7,-55,15
1739483174.3942475,-16,-11,-53
1739483174.4392476,-73,9,-61
1739483174.4852476,9,-106,-10
1739483174.5312476,25,-128,-132
1739483174.5772476,-34,-31,-67
1739483174.6222477,58,-22,-55
1739483174.6682477,-70,15,-4
1739483174.7142477,-17,3,-38
1739483174.7592475,-10,-67,13
1739483174.8052475,-37,-57,-22
1739483174.8512475,-86,57,29
1739483174.8972476,-54,-19,-105
1739483174.9422476,73,-34,-128
1739483174.9882476,5,-46,-132
1739483175.0342476,46,20,4
1739483175.0792477,17,-6,-78
1739483175.1252477,-75,3,-93
1739483175.1712475,65,-94,-29
1739483175.2172475,-62,7,6
1739483175.2622476,21,-156,-126
1739483175.3082476,14,-34,-80
1739483175.3542476,0,30,-110
1739483175.3992476,31,-36,-12
1739483175.4452477,8,-32,27
1739483175.4912477,7,-9,-39
1739483175.5372477,-76,-109,-130
1739483175.5822475,-59,27,92
1739483175.6282475,102,36,-16
1739483175.6742475,-37,-57,29
1739483175.7192476,-31,-27,23
1739483175.7652476,-34,-89,-3
1739483175.8112476,18,24,36
1739483175.8572476,-74,31,-85
1739483175.9022477,-63,-17,-87
1739483175.9482474,-18,-3,5
1739483175.9942474,36,-38,-36
1739483176.0392475,30,-14,-23
1739483176.0852475,-31,-11,-123
1739483176.1312475,-60,-1,-84
1739483176.1772475,22,-80,38
1739483176.2222476,-69,-81,6
1739483176.2682476,-29,35,8
1739483176.3142476,-3,-49,-13
1739483176.3592474,-78,-37,26
1739483176.4052474,-56,-39,30
1739483176.4512477,6,-28,-12
1739483176.4972477,-5,25,59
1739483176.5422475,13,0,74
1739483176.5882475,-98,-43,-80
1739483176.6342475,23,-6,-57
1739483176.6792476,-49,-53,-69
1739483176.7252476,19,-78,-25
1739483176.7712476,34,-12,77
1739483176.8172476,-19,-15,-2
1739483176.8622477,23,-28,-21
1739483176.9082477,12,-52,-69
1739483176.9542477,-20,-133,-27
1739483176.9992476,40,-16,-21
1739483177.0452476,-23,44,-138
1739483177.0912476,-72,18,162
1739483177.1372476,28,11,-19
1739483177.1822476,42,-1,-64
1739483177.2282476,-32,22,-43
1739483177.2742476,1,45,-5
1739483177.3192475,-11,-2,12
1739483177.3652475,-127,52,-32
1739483177.4112475,-60,-66,-130
1739483177.4572475,-1,-158,-59
1739483177.5022476,30,14,-50
1739483177.5482476,6,-16,81
1739483177.5942476,6,-14,77
1739483177.6392477,-49,-21,65
1739483177.6852477,-100,-73,-167
1739483177.7312477,18,-74,-43
1739483177.7772477,12,-74,-74
1739483177.8222475,11,-50,-160
1739483177.8682475,-34,23,49
1739483177.9142475,-4,-135,40
1739483177.9592476,-72,-77,-78
1739483178.0052476,3,-67,32
1739483178.0512476,33,40,107
1739483178.0972476,-36,-24,-64
1739483178.1422474,-41,-10,-3
1739483178.1882474,-70,-17,-53
1739483178.2342474,-20,-39,-96
1739483178.2792475,-45,108,38
1739483178.3252475,52,-131,131
1739483178.3712475,-75,-72,-17
1739483178.4172475,15,-195,43
1739483178.4622476,55,-31,-124
1739483178.5082476,7,41,-154
1739483178.5542476,45,-9,-21
1739483178.5992477,11,-47,-51
1739483178.6452477,-51,-86,-29
1739483178.6912477,-6,48,-47
1739483178.7372477,-14,-30,-99
1739483178.7822475,-4,-67,-101
1739483178.8282475,-14,-10,-135
1739483178.8742476,-33,-32,-85
1739483178.9192476,-36,30,-30
1739483178.9652476,0,-16,-19
1739483179.0112476,39,49,-6
1739483179.0572476,-2,78,-81
1739483179.1022477,-91,48,-10
1739483179.1482477,57,-41,-20
1739483179.1942475,-13,-48,-53
1739483179.2392476,-57,-2,-14
1739483179.2852476,69,47,21
1739483179.3312476,44,-21,-109
1739483179.3772476,42,-5,-119
1739483179.4222476,-29,-68,-52
1739483179.4682477,-11,-53,-49
1739483179.5142477,-106,36,-52
1739483179.5592475,5,-71,-177
1739483179.6052475,-38,50,44
1739483179.6512475,-54,102,-108
1739483179.6972475,-37,-56,-48
1739483179.7422476,29,37,-3
1739483179.7882476,-46,-8,-82
1739483179.8342476,52,-27,58
1739483179.8792477,31,-71,-112
1739483179.9252477,-3,-176,16
1739483179.9712474,-20,4,-25
1739483180.0172474,-39,-68,-98
1739483180.0622475,-46,-2,16
1739483180.1082475,-28,54,-112
1739483180.1542475,62,11,-53
1739483180.1992476,-3,49,23
1739483180.2452476,45,-57,4
1739483180.2912476,27,-31,19
1739483180.3372476,57,-71,19
1739483180.3822474,0,-158,-129
1739483180.4282477,-58,30,-10
1739483180.4742477,-4,-8,31
1739483180.5192475,-11,16,19
1739483180.5652475,34,-146,-147
1739483180.6112475,-8,-2,67
1739483180.6572475,17,101,32
1739483180.7022476,80,-53,-75
1739483180.7482476,1,-39,34
1739483180.7942476,35,-51,-121
1739483180.8392477,40,-17,-83
1739483180.8852477,22,-71,-42
1739483180.9312477,-23,-56,-127
1739483180.9772477,34,-195,-160
1739483181.0222476,41,33,-189
1739483181.0682476,-77,-4,26
1739483181.1142476,-23,-58,-135
1739483181.1592476,22,-17,-47
1739483181.2052476,-33,-60,-55
1739483181.2512476,-26,-56,-8
1739483181.2972476,-53,-136,-63
1739483181.3422475,-17,-100,124
1739483181.3882475,25,-39,-8
1739483181.4342475,-14,31,-45
1739483181.4792476,91,-63,36
1739483181.5252476,-37,-56,57
1739483181.5712476,8,-69,-30
1739483181.6172476,34,77,170
1739483181.6622477,40,53,-58
1739483181.7082477,6,75,0
1739483181.7542477,0,-63,-51
1739483181.7992475,-30,-80,-66
1739483181.8452475,-31,-60,-91
1739483181.8912475,-15,-54,-3
1739483181.9372475,-69,-84,-61
1739483181.9822476,50,-63,28
1739483182.0282476,-69,-56,-2
1739483182.0742476,42,25,-20
1739483182.1192474,-12,22,-29
1739483182.1652474,-24,-36,-31
1739483182.2112474,-22,16,-44
1739483182.2572474,-32,-206,-8
1739483182.3022475,9,47,-113
1739483182.3482475,37,-151,-15
1739483182.3942475,-28,22,-67
1739483182.4392476,57,17,-80
1739483182.4852476,69,-69,-81
1739483182.5312476,12,-121,-27
1739483182.5772476,11,26,20
1739483182.6222477,-56,-44,-18
1739483182.6682477,62,7,-122
1739483182.7142477,-51,28,0
1739483182.7592475,-38,34,-54
1739483182.8052475,5,-4,46
1739483182.8512475,58,-171,-58
1739483182.8972476,35,-105,111
1739483182.9422476,-16,12,9
1739483182.9882476,24,7,-94
1739483183.0342476,0,20,-65
1739483183.0792477,-34,18,-187
1739483183.1252477,-33,-44,-13
1739483183.1712475,30,-109,-72
1739483183.2172475,73,59,-10
1739483183.2622476,22,-183,-83
1739483183.3082476,-4,77,-179
1739483183.3542476,73,-25,10
1739483183.3992476,17,-169,-47
1739483183.4452477,9,64,2
1739483183.4912477,20,5,-52
1739483183.5372477,60,-129,-62
1739483183.5882475,9,-46,-2
1739483183.6342475,-20,-42,22
1739483183.6792476,-44,64,-12
1739483183.7252476,37,89,-147
1739483183.7712476,-4,-33,-33
1739483183.8172476,48,-13,-181
1739483183.8622477,-43,-54,0
1739483183.9082477,47,111,24
1739483183.9542477,-45,14,-87
1739483183.9992476,60,-37,52
1739483184.0452476,-35,38,-6
1739483184.0912476,39,39,-33
1739483184.1372476,-44,36,-18
1739483184.1822476,-8,-81,-83
1739483184.2282476,57,25,8
1739483184.2742476,-1,-5,10
1739483184.3192475,11,45,7
1739483184.3652475,-2,-61,-27
1739483184.4112475,29,-101,-15
1739483184.4572475,-63,-6,-10
1739483184.5022476,16,13,-156
1739483184.5482476,22,123,4
1739483184.5942476,-18,38,-63
1739483184.6392477,-11,-64,-35
1739483184.6852477,9,-135,26
1739483184.7312477,20,5,-42
1739483184.7772477,8,75,-20
1739483184.8222475,-70,42,-6
1739483184.8682475,44,-137,-70
1739483184.9142475,14,-51,-99
1739483184.9592476,56,15,-195
1739483185.0052476,-3,26,32
1739483185.0512476,110,-15,-162
1739483185.0972476,28,-85,51
1739483185.1422474,-32,-28,-114
1739483185.1882474,2,-37,-48
1739483185.2342474,-10,-86,-138
1739483185.2792475,63,-39,-8
1739483185.3252475,-1,-14,-2
1739483185.3712475,11,-41,1
1739483185.4172475,21,-83,46
1739483185.4622476,0,-81,47
1739483185.5082476,78,109,-71
1739483185.5542476,12,43,88
1739483185.5992477,-30,-4,-80
1739483185.6452477,-79,-40,-59
1739483185.6912477,-14,8,34
1739483185.7372477,60,89,-92
1739483185.7822475,6,23,-29
1739483185.8282475,-6,-30,-103
1739483185.8742476,-15,-32,22
1739483185.9192476,-101,-48,-68
1739483185.9652476,93,-39,-37
1739483186.0112476,-38,-80,-107
1739483186.0572476,-49,0,11
1739483186.1022477,1,-32,-68
1739483186.1482477,27,-39,80
1739483186.1942475,31,-139,0
1739483186.2392476,23,-157,-10
1739483186.2852476,-17,36,-131
1739483186.3312476,-58,72,-48
1739483186.3772476,-1,-62,-62
1739483186.4222476,-70,-56,-40
1739483186.4682477,104,3,-91
1739483186.5142477,-23,14,-105
1739483186.5592475,-83,32,-40
1739483186.6052475,-58,24,6
1739483186.6512475,-11,0,-22
1739483186.6972475,-36,54,-85
1739483186.7422476,4,35,59
1739483186.7882476,25,-65,0
1739483186.8342476,10,-23,-27
1739483186.8792477,-3,28,-23
1739483186.9252477,1,-102,30
1739483186.9712474,32,-131,-107
1739483187.0172474,10,-119,-16
1739483187.0622475,0,-94,-104
1739483187.1082475,-44,100,111
1739483187.1542475,-11,-52,-37
1739483187.1992476,-10,-36,-36
1739483187.2452476,-4,-56,-44
1739483187.2912476,51,-45,-90
1739483187.3372476,28,-15,-135
1739483187.3822474,-10,-31,-44
1739483187.4282477,48,19,-66
1739483187.4742477,56,-121,5
1739483187.5192475,-12,-87,-44
1739483187.5652475,38,21,-48
1739483187.6112475,-85,-64,-37
1739483187.6572475,65,-105,-130
1739483187.7022476,40,-161,-24
1739483187.7482476,-115,-32,-59
1739483187.7942476,-13,-108,-62
1739483187.8392477,16,-95,-55
1739483187.8852477,8,-78,-24
1739483187.9312477,-52,-74,-78
1739483187.9772477,-49,-20,50
1739483188.0222476,-27,-52,-82
1739483188.0682476,-25,-66,-140
1739483188.1142476,-26,12,-121
1739483188.1592476,-24,-70,-67
1739483188.2052476,-16,-30,-60
1739483188.2512476,-71,28,-60
1739483188.2972476,-53,-140,8
1739483188.3422475,-9,46,57
1739483188.3882475,-94,-34,-54
1739483188.4342475,39,-31,-31
1739483188.4792476,-7,-6,11
1739483188.5252476,-39,18,38
1739483188.5712476,8,-73,-189
1739483188.6172476,-2,-84,-70
1739483188.6622477,80,-25,84
1739483188.7082477,-58,-24,20
1739483188.7542477,6,27,-152
1739483188.7992475,-87,-18,-120
1739483188.8452475,-107,-74,133
1739483188.8912475,0,-74,-82
1739483188.9372475,11,-3,-103
1739483188.9822476,91,-11,-94
1739483189.0282476,-35,4,-30
1739483189.0742476,34,-23,-50
1739483189.1192474,-121,30,-96
1739483189.1652474,-77,-36,59
1739483189.2112474,0,4,-55
1739483189.2572474,-33,24,-24
1739483189.3022475,60,-55,11
1739483189.3482475,-42,-38,-31
1739483189.3942475,39,-29,59
1739483189.4392476,-94,-124,-42
1739483189.4852476,-31,-38,159
1739483189.5312476,-5,-132,-5
1739483189.5772476,-34,-44,64
1739483189.6222477,-45,62,-42
1739483189.6682477,-6,0,-53
1739483189.7142477,-50,-122,-80
1739483189.7592475,-11,34,-75
1739483189.8052475,22,-65,-23
1739483189.8512475,-48,-12,21
1739483189.8972476,28,-39,-32
1739483189.9422476,23,-99,-44
1739483189.9882476,-14,22,-72
1739483190.0342476,-43,8,19
1739483190.0792477,42,-27,-111
1739483190.1252477,6,-127,102
1739483190.1712475,98,-37,54
1739483190.2172475,-30,26,-16
1739483190.2622476,28,-91,28
1739483190.3082476,30,43,-77
1739483190.3542476,13,-71,3
1739483190.3992476,-20,-140,8
1739483190.4452477,-6,15,-40
1739483190.4912477,-10,-46,34
1739483190.5372477,4,-18,-64
1739483190.5822475,-54,52,94
1739483190.6282475,-76,52,87
1739483190.6742475,43,-37,-115
1739483190.7192476,-38,-6,-19
1739483190.7652476,18,-95,-49
1739483190.8112476,44,-43,-19
1739483190.8572476,-54,-30,80
1739483190.9022477,-56,50,-13
1739483190.9482474,95,73,-58
1739483190.9942474,-49,-54,-103
1739483191.0392475,-17,0,134
1739483191.0852475,42,-79,-20
1739483191.1312475,-42,26,26
1739483191.1772475,106,1,195
1739483191.2222476,-12,0,11
1739483191.2672474,61,-135,-229
1739483191.3132474,-20,16,-105
1739483191.3582475,-2,-75,-11
1739483191.4042475,0,-14,-115
1739483191.4502475,-25,-72,28
1739483191.4952476,-6,77,112
1739483191.5412476,67,-21,-52
1739483191.5872476,26,-11,-4
1739483191.6332476,35,33,-24
1739483191.6782477,-37,22,-10
1739483191.7242477,33,-49,-11
1739483191.7702477,157,-61,-1
1739483191.8152475,20,-1,1
1739483191.8612475,0,-130,-71
1739483191.9072475,36,9,-124
1739483191.9532475,-60,-54,3
1739483191.9982476,29,31,-52
1739483192.0442476,-2,-2,-54
1739483192.0902476,4,-57,-30
1739483192.1352477,-3,138,6
1739483192.1812477,-21,84,-63
1739483192.2272477,-41,-10,33
1739483192.2732477,21,-73,-66
1739483192.3182476,10,-161,31
1739483192.3642476,-69,12,-14
1739483192.4102476,-29,-68,15
1739483192.4552476,17,53,-27
1739483192.5012476,-29,-40,119
1739483192.5472476,28,85,93
1739483192.5932477,95,-3,-85
1739483192.6382475,71,-19,30
1739483192.6842475,29,39,5
1739483192.7302475,18,-39,7
1739483192.7752476,23,-55,26
1739483192.8212476,77,-19,-28
1739483192.8672476,44,-41,-61
1739483192.9132476,43,-21,-102
1739483192.9582477,9,-57,35
1739483193.0042477,-39,-82,-39
1739483193.0502477,-55,-68,22
1739483193.0952475,-44,-56,-11
1739483193.1412475,49,-101,-78
1739483193.1872475,105,-171,10
1739483193.2332475,-28,62,-6
1739483193.2782476,33,-105,-133
1739483193.3242476,13,101,-131
1739483193.3702476,-92,-66,-76
1739483193.4152474,20,-75,-64
1739483193.4612474,12,65,88
1739483193.5072474,-41,62,23
1739483193.5532477,-33,60,-18
1739483193.6042476,-34,34,137
1739483193.6502476,47,-81,-73
1739483193.6952477,18,-45,-53
1739483193.7412477,-2,-94,36
1739483193.7872477,15,77,100
1739483193.8332477,30,-9,68
1739483193.8782475,31,5,-21
1739483193.9242475,-41,28,-115
1739483193.9702475,-25,-24,-123
1739483194.0152476,-4,2,24
1739483194.0612476,8,-29,-171
1739483194.1072476,39,-59,-9
1739483194.1522477,-98,78,-26
1739483194.1982474,49,-33,-56
1739483194.2442474,141,-173,29
1739483194.2902474,-24,-18,-10
1739483194.3352475,-25,-12,-114
1739483194.3812475,-10,-207,-48
1739483194.4272475,4,-8,67
1739483194.4722476,0,157,-74
1739483194.5182476,-1,43,-146
1739483194.5642476,9,-13,-27
1739483194.6102476,25,-73,-52
1739483194.6552474,-8,-139,58
1739483194.7012477,4,-13,19
1739483194.7472477,59,-1,-163
1739483194.7922475,3,-101,88
1739483194.8382475,65,7,-48
1739483194.8842475,58,71,-124
1739483194.9302475,-21,-10,-127
1739483194.9752476,34,-21,99
1739483195.0212476,18,31,24
1739483195.0672476,-26,-20,25
1739483195.1122477,73,-71,61
1739483195.1582477,-33,-24,-5
1739483195.2042477,72,0,-33
1739483195.2502477,18,21,-51
1739483195.2952476,-12,20,5
1739483195.3412476,-59,18,48
1739483195.3872476,-36,-146,-117
1739483195.4322476,-4,22,-169
1739483195.4782476,58,-123,-116
1739483195.5242476,-72,-6,-104
1739483195.5702477,-33,-20,-128
1739483195.6152475,-27,-160,-18
1739483195.6612475,2,0,-89
1739483195.7072475,27,-35,74
1739483195.7522476,48,29,-22
1739483195.7982476,53,-25,-92
1739483195.8442476,32,-33,-43
1739483195.8902476,-80,0,18
1739483195.9352477,36,57,-1
1739483195.9812477,2,-121,-33
1739483196.0272477,79,-139,127
1739483196.0722475,11,-50,117
1739483196.1182475,-66,42,50
1739483196.1642475,-12,-90,-23
1739483196.2102475,-60,-90,-57
1739483196.2552476,23,0,157
1739483196.3012476,52,-25,-11
1739483196.3472476,-32,80,-45
1739483196.3922474,60,-39,146
1739483196.4382474,-66,-30,35
1739483196.4842474,47,-93,9
1739483196.5302474,41,-71,-102
1739483196.5752475,26,-45,-24
1739483196.6202476,-55,106,-56
1739483196.6662476,80,-39,0
1739483196.7112474,13,-29,-88
1739483196.7572474,11,-115,-6
1739483196.8032477,-32,-48,4
1739483196.8482475,-53,-6,-46
1739483196.8942475,55,-39,16
1739483196.9402475,44,-125,67
1739483196.9862475,5,3,-36
1739483197.0312476,7,-101,-125
1739483197.0772476,-42,-128,-69
1739483197.1232476,29,-87,-36
1739483197.1682477,-32,-20,-23
1739483197.2142477,71,-63,17
1739483197.2602477,3,24,15
1739483197.3062477,0,47,51
1739483197.3512475,4,-109,30
1739483197.3972476,-13,-154,33
1739483197.4432476,7,-92,34
1739483197.4882476,36,-117,-50
1739483197.5342476,-1,0,7
1739483197.5802476,21,5,-72
1739483197.6262476,-79,-100,-14
1739483197.6712475,24,-157,-115
1739483197.7172475,-20,-68,-72
1739483197.7632475,-25,-92,-85
1739483197.8082476,32,-177,16
1739483197.8542476,-7,-2,26
1739483197.9002476,-18,-107,3
1739483197.9462476,1,-96,-25
1739483197.9912477,-59,0,-205
1739483198.0372477,-3,8,-108
1739483198.0832477,-31,76,46
1739483198.1282475,27,47,-11
1739483198.1742475,19,1,-73
1739483198.2202475,-15,-12,-12
1739483198.2662475,15,51,-22
1739483198.3112476,5,-7,-74
1739483198.3572476,-72,78,64
1739483198.4032476,-41,-60,-70
1739483198.4482474,-49,-29,25
1739483198.4942474,-18,-93,-109
1739483198.5402474,-6,-96,22
1739483198.5862474,-14,32,101
1739483198.6312475,-28,-17,33
1739483198.6772475,-2,-16,-68
1739483198.7232475,-19,17,-18
1739483198.7682476,-41,57,-104
1739483198.8142476,52,-132,-17
1739483198.8602476,46,30,-49
1739483198.9062476,-32,-20,-20
1739483198.9512477,6,-182,-56
1739483198.9972477,-37,-114,-52
1739483199.0432477,53,-37,-2
1739483199.0882475,-46,12,-54
1739483199.1342475,24,63,9
1739483199.1802475,-26,24,-156
1739483199.2262475,-88,-82,-14
1739483199.2712476,-7,-59,-9
1739483199.3172476,90,2,32
1739483199.3632476,0,38,84
1739483199.4082477,58,106,97
1739483199.4542477,-30,-60,-48
1739483199.5002477,-10,-38,-52
1739483199.5462475,41,-37,7
1739483199.5912476,62,131,7
1739483199.6372476,-3,-134,113
1739483199.6832476,-31,-64,73
1739483199.7282476,-1,-116,20
1739483199.7742476,19,-79,-73
1739483199.8202477,15,49,-55
1739483199.8662477,58,85,63
1739483199.9112475,4,-43,-36
1739483199.9572475,8,-86,-82
1739483200.0032475,-5,-12,-208
1739483200.0482476,-18,-4,-102
1739483200.0942476,-23,-30,-148
1739483200.1402476,6,-39,-172
1739483200.1862476,19,-11,-96
1739483200.2312477,10,-28,11
1739483200.2772477,-7,-3,-80
1739483200.3232474,15,-17,55
1739483200.3682475,-25,-32,-103
1739483200.4142475,-15,-52,-73
1739483200.4602475,-8,-64,-82
1739483200.5062475,-2,-122,24
1739483200.5512476,45,-139,-136
1739483200.5972476,-17,66,-76
1739483200.6432476,31,-59,7
1739483200.6882474,-38,-62,-101
1739483200.7342474,-25,28,55
1739483200.7802474,-24,50,-38
1739483200.8262477,-14,0,-92
1739483200.8712475,49,-9,83
1739483200.9172475,-28,-56,-32
1739483200.9632475,0,-89,-8
1739483201.0082476,-1,-84,56
1739483201.0542476,7,-31,0
1739483201.1002476,-36,-204,85
1739483201.1462476,-42,62,5
1739483201.1912477,35,-65,73
1739483201.2372477,39,-75,-78
1739483201.2832477,10,39,-5
1739483201.3282475,53,-175,-52
1739483201.3742476,-41,-15,-83
1739483201.4202476,27,24,93
1739483201.4662476,-37,51,-102
1739483201.5112476,-80,-43,31
1739483201.5572476,-12,-99,97
1739483201.6032476,-71,-13,-105
1739483201.6482477,65,46,94
1739483201.6942475,-18,-41,-87
1739483201.7402475,30,10,-40
1739483201.7862475,29,122,-21
1739483201.8312476,-79,-74,-78
1739483201.8772476,-1,-112,-102
1739483201.9232476,-21,74,-67
1739483201.9682477,11,-23,33
1739483202.0142477,20,-43,44
1739483202.0602477,-35,-57,-107
1739483202.1062477,-39,-47,-91
1739483202.1512475,27,24,-88
1739483202.1972475,107,-7,-89
1739483202.2432475,-12,28,-22
1739483202.2882476,47,45,-42
1739483202.3342476,-4,-58,-9
1739483202.3802476,21,-91,-9
1739483202.4262476,-20,-30,-61
1739483202.4712474,69,95,-15
1739483202.5172474,17,-39,-8
1739483202.5632474,21,-119,12
1739483202.6082475,-8,-3,-37
1739483202.6542475,-49,35,-16
1739483202.7002475,64,-11,81
1739483202.7462475,31,-11,-5
1739483202.7912476,-16,-17,-53
1739483202.8372476,-51,45,-31
1739483202.8832476,-23,15,0
1739483202.9282477,32,-5,-79
1739483202.9742477,88,33,-14
1739483203.0202477,19,2,-34
1739483203.0662477,29,85,1
1739483203.1112475,-54,-10,-184
1739483203.1572475,-24,90,-50
1739483203.2032475,1,-72,14
1739483203.2482476,32,-7,17
1739483203.2942476,-28,-68,-46
1739483203.3402476,20,-71,-39
1739483203.3862476,-11,18,-138
1739483203.4312477,-82,-86,59
1739483203.4772477,23,81,42
1739483203.5232477,15,-70,12
1739483203.5682476,-53,18,-43
1739483203.6202476,5,-12,-121
1739483203.6662476,-8,9,10
1739483203.7112474,-21,-61,29
1739483203.7572474,-42,56,82
1739483203.8032477,19,-75,-52
1739483203.8482475,-33,-4,45
1739483203.8942475,4,-43,0
1739483203.9402475,29,-105,-10
1739483203.9862475,27,-22,-45
1739483204.0312476,47,34,-50
1739483204.0772476,60,17,-79
1739483204.1232476,-30,-13,-10
1739483204.1682477,24,-54,69
1739483204.2142477,20,-133,21
1739483204.2602477,-58,10,25
1739483204.3062477,-58,-110,-48
1739483204.3512475,-28,-68,130
1739483204.3972476,-42,-52,-134
1739483204.4432476,33,65,-137
1739483204.4882476,17,-25,-48
1739483204.5342476,48,-7,75
1739483204.5802476,-56,43,-24
1739483204.6262476,81,-97,18
1739483204.6712475,-16,8,-60
1739483204.7172475,-39,-36,-46
1739483204.7632475,-20,-12,14
1739483204.8082476,-1,-70,12
1739483204.8542476,82,-113,25
1739483204.9002476,21,-85,-42
1739483204.9462476,-5,-40,-96
1739483204.9912477,24,53,35
1739483205.0372477,41,47,-19
1739483205.0832477,31,77,-20
1739483205.1282475,-58,-56,28
1739483205.1742475,63,11,-122
1739483205.2202475,38,-43,-3
1739483205.2662475,-45,-82,75
1739483205.3112476,36,33,4
1739483205.3572476,-11,-78,-70
1739483205.4032476,-46,-66,-143
1739483205.4482474,17,-39,-50
1739483205.4942474,-5,2,72
1739483205.5402474,-73,-46,-120
1739483205.5862474,-9,-60,22
1739483205.6312475,5,-63,-54
1739483205.6772475,13,3,37
1739483205.7232475,30,-62,105
1739483205.7682476,13,-182,-51
1739483205.8142476,-40,-53,-65
1739483205.8602476,-42,11,-41
1739483205.9062476,25,-24,-131
1739483205.9512477,-94,-7,-97
1739483205.9972477,91,-66,-45
1739483206.0432477,-34,31,-49
1739483206.0882475,-19,-3,50
1739483206.1342475,10,-32,-1
1739483206.1802475,73,-106,-42
1739483206.2262475,56,12,-3
1739483206.2712476,62,-28,-93
1739483206.3172476,-38,79,12
1739483206.3632476,-60,-147,48
1739483206.4082477,-49,-32,-24
1739483206.4542477,-86,100,41
1739483206.5002477,-29,-90,-120
1739483206.5462475,11,47,-14
1739483206.5912476,-34,14,-100
1739483206.6372476,64,-171,-57
1739483206.6832476,86,-11,-8
1739483206.7282476,34,19,34
1739483206.7742476,-29,-34,-99
1739483206.8202477,18,-82,-24
1739483206.8662477,66,-44,-21
1739483206.9112475,9,-6,-13
1739483206.9572475,-6,17,-11
1739483207.0032475,-23,-27,11
1739483207.0482476,-61,-61,-61
1739483207.0942476,-29,-49,88
1739483207.1402476,-33,19,-58
1739483207.1862476,-6,0,29
1739483207.2312477,-1,24,-39
1739483207.2772477,11,-51,-35
1739483207.3232474,29,-55,-90
1739483207.3682475,-42,26,-60
1739483207.4142475,49,-99,-167
1739483207.4602475,-47,-40,-171
1739483207.5062475,50,-23,-74
1739483207.5512476,17,3,-92
1739483207.5972476,75,-83,-75
1739483207.6432476,-3,26,28
1739483207.6882474,-6,38,-40
1739483207.7342474,-48,-160,-32
1739483207.7802474,-15,0,-33
1739483207.8262477,-22,-107,-53
1739483207.8712475,-43,7,-82
1739483207.9172475,-24,-79,-74
1739483207.9632475,98,96,43
1739483208.0082476,0,-22,108
1739483208.0542476,-83,32,-46
1739483208.1002476,-15,-78,22
1739483208.1462476,42,22,-120
1739483208.1912477,39,-30,33
1739483208.2372477,22,32,-168
1739483208.2832477,-61,-35,-134
1739483208.3282475,74,-42,-138
1739483208.3742476,-11,-43,-68
1739483208.4202476,-56,-24,63
1739483208.4662476,-53,64,54
1739483208.5112476,3,3,-3
1739483208.5572476,15,-15,0
1739483208.6032476,-12,36,-17
1739483208.6482477,-62,32,-76
1739483208.6942475,-29,16,-141
1739483208.7402475,-34,28,-27
1739483208.7862475,-48,-146,-98
1739483208.8312476,22,21,6
1739483208.8772476,-44,8,55
1739483208.9232476,-14,-176,-96
1739483208.9682477,-3,6,-83
1739483209.0142477,-44,58,-71
1739483209.0602477,52,19,-104
1739483209.1062477,85,-21,72
1739483209.1512475,2,55,-20
1739483209.1972475,28,-13,-44
1739483209.2432475,-80,-32,11
1739483209.2882476,-61,-26,-18
1739483209.3342476,-85,-38,-38
1739483209.3802476,13,0,-47
1739483209.4262476,-25,13,-28
1739483209.4712474,-67,-35,-5
1739483209.5172474,1,-44,-22
1739483209.5632474,0,64,-85
1739483209.6082475,-84,-83,-188
1739483209.6542475,-72,-9,-14
1739483209.7002475,8,-54,-25
1739483209.7462475,31,10,42
1739483209.7912476,-12,35,63
1739483209.8372476,55,-8,72
1739483209.8832476,64,-24,-70
1739483209.9282477,40,38,-65
1739483209.9742477,-14,-35,38
1739483210.0202477,21,-30,63
1739483210.0662477,61,-62,-11
1739483210.1112475,0,45,1
1739483210.1572475,53,-52,-23
1739483210.2032475,-27,-70,-2
1739483210.2482476,-48,25,68
1739483210.2942476,21,-30,100
1739483210.3402476,-12,-33,-44
1739483210.3862476,2,-27,54
1739483210.4312477,-30,-92,-119
1739483210.4772477,-53,-6,-34
1739483210.5232477,12,4,-58
1739483210.5682476,-43,-31,39
1739483210.6142476,-73,19,55
1739483210.6602476,24,-65,-74
1739483210.7062476,-45,-26,16
1739483210.7512476,-30,6,100
1739483210.7972476,-14,-93,-72
1739483210.8432477,40,-17,46
1739483210.8882475,52,-47,19
1739483210.9342475,70,-111,-99
1739483210.9802475,-79,58,14
1739483211.0262475,-37,-40,-12
1739483211.0712476,-84,-128,23
1739483211.1172476,13,-47,65
1739483211.1632476,-61,68,74
1739483211.2082477,64,39,-14
1739483211.2542477,-6,-77,30
1739483211.3002477,-45,-24,50
1739483211.3462474,27,-95,-56
1739483211.3912475,-2,-53,-50
1739483211.4372475,-15,-4,-73
1739483211.4832475,70,17,92
1739483211.5282476,-74,60,29
1739483211.5742476,38,-121,-122
1739483211.6202476,-15,-138,-36
1739483211.6662476,-13,5,-53
1739483211.7112474,74,-23,-48
1739483211.7572474,-28,-8,36
1739483211.8032477,100,12,67
1739483211.8482475,47,3,-123
1739483211.8942475,-4,-92,-137
1739483211.9402475,12,-50,-74
1739483211.9862475,-55,-79,-174
1739483212.0312476,45,-23,-61
1739483212.0772476,36,84,39
1739483212.1232476,34,-34,-15
1739483212.1682477,-67,87,-124
1739483212.2142477,-55,-30,44
1739483212.2602477,-23,-168,-38
1739483212.3062477,57,-17,18
1739483212.3512475,59,3,-5
1739483212.3972476,-37,20,-23
1739483212.4432476,-19,-84,51
1739483212.4882476,-12,7,-9
1739483212.5342476,-79,5,-134
1739483212.5802476,-54,-53,67
1739483212.6262476,0,103,9
1739483212.6712475,18,-18,78
1739483212.7172475,12,-154,-104
1739483212.7632475,47,-31,-128
1739483212.8082476,35,-39,70
1739483212.8542476,-23,80,11
1739483212.9002476,-15,4,-40
1739483212.9462476,14,0,-161
1739483212.9912477,-51,-78,-105
1739483213.0372477,-10,-74,-41
1739483213.0832477,-35,96,49
1739483213.1282475,-64,51,-114
1739483213.1742475,17,-4,-16
1739483213.2202475,29,18,-200
1739483213.2662475,31,36,-82
1739483213.3112476,-30,-55,-60
1739483213.3572476,-14,-153,80
1739483213.4032476,17,-38,0
1739483213.4482474,62,-12,-33
1739483213.4942474,-14,-49,34
1739483213.5402474,33,-72,-13
1739483213.5862474,35,16,-96
1739483213.6372476,28,-68,19
1739483213.6832476,-24,19,-208
1739483213.7282476,92,-80,-169
1739483213.7742476,33,29,-21
1739483213.8202477,-25,-43,-78
1739483213.8662477,-9,-34,-50
1739483213.9112475,37,-60,-1
1739483213.9572475,-25,-71,-124
1739483214.0032475,-8,-40,9
1739483214.0482476,34,-58,56
1739483214.0942476,-29,-92,-47
1739483214.1402476,31,23,-49
1739483214.1862476,-29,-46,-130
1739483214.2312477,27,-39,-191
1739483214.2772477,-10,-44,-9
1739483214.3232474,-56,6,-19
1739483214.3682475,-39,-30,-15
1739483214.4142475,-1,-128,-37
1739483214.4602475,-50,18,-94
1739483214.5062475,-20,-42,125
1739483214.5512476,58,7,16
1739483214.5972476,50,-91,-2
1739483214.6432476,-37,-109,14
1739483214.6882474,-8,-105,42
1739483214.7342474,-16,-5,17
1739483214.7802474,14,6,-77
1739483214.8262477,-3,31,29
1739483214.8712475,40,39,-106
1739483214.9172475,18,-60,-77
1739483214.9632475,44,-130,-38
1739483215.0082476,-23,-24,-6
1739483215.0542476,83,-11,27
1739483215.1002476,13,52,7
1739483215.1462476,-8,-83,49
1739483215.1912477,42,0,5
1739483215.2372477,17,-78,-128
1739483215.2832477,45,-56,14
1739483215.3282475,-19,-76,-88
1739483215.3742476,-37,-131,47
1739483215.4202476,-8,29,-33
1739483215.4662476,-28,9,-49
1739483215.5112476,-38,-31,73
1739483215.5572476,37,-46,-58
1739483215.6032476,-55,-121,-9
1739483215.6482477,-20,135,-40
1739483215.6942475,-63,-41,54
1739483215.7402475,-165,-50,-29
1739483215.7862475,105,-94,70
1739483215.8312476,49,-14,-67
1739483215.8772476,38,-8,49
1739483215.9232476,-51,-77,-98
1739483215.9682477,65,-50,-39
1739483216.0142477,25,-70,-31
1739483216.0602477,19,50,-111
1739483216.1062477,34,6,0
1739483216.1512475,79,26,31
1739483216.1972475,24,35,-21
1739483216.2432475,12,-91,-43
1739483216.2882476,8,-82,10
1739483216.3342476,26,-103,-78
1739483216.3802476,-8,6,142
1739483216.4262476,-75,-72,65
1739483216.4712474,-24,32,-70
1739483216.5172474,122,51,14
1739483216.5632474,-51,-88,-84
1739483216.6082475,-55,-64,19
1739483216.6542475,92,-123,13
1739483216.7002475,-21,-18,-28
1739483216.7462475,-42,-30,-59
1739483216.7912476,-6,-20,-58
1739483216.8372476,-44,-52,-83
1739483216.8832476,7,-14,-41
1739483216.9282477,-105,-122,-35
1739483216.9742477,-40,-78,34
1739483217.0202477,49,-42,-87
1739483217.0662477,33,21,-51
1739483217.1112475,48,22,-97
1739483217.1572475,-63,-1,-125
1739483217.2032475,-10,-36,1
1739483217.2482476,-77,-56,0
1739483217.2942476,116,77,58
1739483217.3402476,-57,-6,-16
1739483217.3862476,-38,6,-13
1739483217.4312477,-71,-66,-17
1739483217.4772477,-118,67,-87
1739483217.5232477,25,38,-93
1739483217.5682476,-35,-5,124
1739483217.6142476,72,-18,3
1739483217.6602476,14,-2,1
1739483217.7062476,29,-4,-64
1739483217.7512476,11,-91,-12
1739483217.7972476,-25,31,-76
1739483217.8432477,22,82,-94
1739483217.8882475,-20,-3,-68
1739483217.9342475,10,-22,-112
1739483217.9802475,-20,3,-35
1739483218.0262475,-28,-137,49
1739483218.0712476,15,-26,-38
1739483218.1172476,36,-20,-95
1739483218.1632476,46,-164,-51
1739483218.2082477,-2,-4,-77
1739483218.2542477,34,-56,-12
1739483218.3002477,-20,-25,-72
1739483218.3462474,-10,-29,-45
1739483218.3912475,73,62,-38
1739483218.4372475,2,-50,-32
1739483218.4832475,-9,18,-57
1739483218.5282476,-66,-65,-40
1739483218.5742476,42,-2,-40
1739483218.6202476,-47,123,-3
1739483218.6662476,-27,-33,-121
1739483218.7112474,-24,-133,-44
1739483218.7572474,-1,-35,-88
1739483218.8032477,17,-4,-90
1739483218.8482475,0,-67,33
1739483218.8942475,-31,29,-195
1739483218.9402475,-40,45,-55
1739483218.9862475,-60,27,-47
1739483219.0312476,57,54,35
1739483219.0772476,-57,-85,-92
1739483219.1232476,69,-86,-73
1739483219.1682477,44,-92,6
1739483219.2142477,-61,55,-113
1739483219.2602477,61,-56,-32
1739483219.3062477,-79,-101,-35
1739483219.3512475,-41,-117,99
1739483219.3972476,-41,117,-15
1739483219.4432476,3,-92,-62
1739483219.4882476,30,-6,19
1739483219.5342476,5,-82,-37
1739483219.5802476,4,-56,-49
1739483219.6262476,11,-20,-87
1739483219.6712475,36,-74,54
1739483219.7172475,17,2,-10
1739483219.7632475,32,-98,-16
1739483219.8082476,33,-62,73
1739483219.8542476,56,-44,-7
1739483219.9002476,-2,-180,10
1739483219.9462476,43,-86,-36
1739483219.9912477,-75,61,28
1739483220.0372477,68,12,52
1739483220.0832477,51,-54,-129
1739483220.1282475,-24,-43,-81
1739483220.1742475,7,-46,-95
1739483220.2202475,1,-46,-6
1739483220.2662475,-60,39,-97
1739483220.3112476,4,-58,-67
1739483220.3572476,72,-44,-72
1739483220.4032476,62,8,-39
1739483220.4482474,-9,37,-77
1739483220.4942474,-82,73,7
1739483220.5402474,-43,-45,-166
1739483220.5862474,-98,-73,19
1739483220.6312475,-96,-15,-61
1739483220.6772475,-6,41,17
1739483220.7232475,41,30,-80
1739483220.7682476,21,0,26
1739483220.8142476,-32,23,95
1739483220.8602476,-29,-27,15
1739483220.9062476,-35,-131,8
1739483220.9512477,41,-34,63
1739483220.9972477,-5,-14,0
1739483221.0432477,-3,-17,-114
1739483221.0882475,-8,-85,43
1739483221.1342475,48,-74,-81
1739483221.1802475,-9,-79,114
1739483221.2262475,0,87,-85
1739483221.2712476,52,58,-33
1739483221.3172476,74,-72,-29
1739483221.3632476,-7,-1,-57
1739483221.4082477,-69,49,10
1739483221.4542477,-42,43,-35
1739483221.5002477,39,-86,-12
1739483221.5462475,-53,-87,-13
1739483221.5912476,-77,39,-51
1739483221.6372476,-68,35,24
1739483221.6832476,-33,-23,-24
1739483221.7282476,16,-86,17
1739483221.7742476,15,-60,-14
1739483221.8202477,-9,-115,-65
1739483221.8662477,22,-38,-107
1739483221.9112475,-35,-31,-94
1739483221.9572475,-21,-99,32
1739483222.0032475,-27,-11,5
1739483222.0482476,26,-62,-29
1739483222.0942476,4,-116,49
1739483222.1402476,-68,-5,-40
1739483222.1862476,-76,-33,8
1739483222.2312477,98,20,10
1739483222.2772477,78,-116,-196
1739483222.3232474,-56,-49,-67
1739483222.3682475,-91,-59,-144
1739483222.4142475,-36,-83,-88
1739483222.4602475,23,24,-120
1739483222.5062475,-18,-48,-63
1739483222.5512476,29,-90,55
1739483222.5972476,11,-47,-16
1739483222.6432476,-2,-64,-56
1739483222.6882474,31,-16,20
1739483222.7342474,-62,19,-39
1739483222.7802474,-22,-15,-55
1739483222.8262477,4,-50,-12
1739483222.8712475,-52,71,-49
1739483222.9172475,-16,-103,74
1739483222.9632475,15,-126,6
1739483223.0082476,53,8,3
1739483223.0542476,-12,-71,-80
1739483223.1002476,75,0,-87
1739483223.1462476,1,23,60
1739483223.1912477,44,-24,-48
1739483223.2372477,-82,-93,-91
1739483223.2832477,0,65,-145
1739483223.3282475,80,-58,-93
1739483223.3742476,35,-24,-53
1739483223.4202476,-50,-3,5
1739483223.4662476,11,-48,-27
1739483223.5112476,90,50,-31
1739483223.5572476,-22,-9,-81
1739483223.6032476,-71,-61,38
1739483223.6542475,39,-4,48
1739483223.7002475,-44,13,-12
1739483223.7462475,-48,41,29
1739483223.7912476,-5,-61,-16
1739483223.8372476,81,-44,-57
1739483223.8832476,36,4,-51
1739483223.9282477,8,82,-123
1739483223.9742477,33,6,-92
1739483224.0202477,-33,21,-126
1739483224.0662477,-2,-47,-71
1739483224.1112475,27,54,-63
1739483224.1572475,35,34,-89
1739483224.2032475,-56,43,-34
1739483224.2482476,-16,-45,12
1739483224.2942476,-28,5,60
1739483224.3402476,-25,21,-25
1739483224.3862476,-38,-31,39
1739483224.4312477,-69,47,32
1739483224.4772477,-82,11,41
1739483224.5232477,9,-188,43
1739483224.5682476,-53,-63,-29
1739483224.6142476,-9,-87,-63
1739483224.6602476,118,-50,-49
1739483224.7062476,-43,-23,-52
1739483224.7512476,-86,-221,2
1739483224.7972476,25,-148,-18
1739483224.8432477,-22,39,49
1739483224.8882475,76,64,9
1739483224.9342475,-54,-69,51
1739483224.9802475,21,-52,-40
1739483225.0262475,64,-98,-55
1739483225.0712476,91,-122,-124
1739483225.1172476,66,32,-123
1739483225.1632476,42,34,-25
1739483225.2082477,1,34,-20
1739483225.2542477,1,-29,-29
1739483225.3002477,3,-41,58
1739483225.3462474,55,-92,-104
1739483225.3912475,38,104,51
1739483225.4372475,-38,-43,-87
1739483225.4832475,7,-70,-51
1739483225.5282476,-52,-101,-42
1739483225.5742476,-24,47,108
1739483225.6202476,-30,-23,-28
1739483225.6662476,41,-100,-24
1739483225.7112474,36,12,16
1739483225.7572474,44,-54,-128
1739483225.8032477,-79,27,-74
1739483225.8482475,-71,37,-45
1739483225.8942475,-99,-23,-11
1739483225.9402475,0,-12,141
1739483225.9862475,-30,-17,39
1739483226.0312476,-14,-42,2
1739483226.0772476,-43,0,10
1739483226.1232476,55,-60,-96
1739483226.1682477,-47,61,-77
1739483226.2142477,-15,-27,52
1739483226.2602477,75,84,-140
1739483226.3062477,-1,-2,-5
1739483226.3512475,-23,-37,-122
1739483226.3972476,21,6,132
1739483226.4432476,-59,-13,-18
1739483226.4882476,78,0,-13
1739483226.5342476,38,-84,-33
1739483226.5802476,-13,-89,-81
1739483226.6262476,-29,21,-85
1739483226.6712475,115,24,31
1739483226.7172475,-86,15,-44
1739483226.7632475,53,18,-50
1739483226.8082476,17,-47,43
1739483226.8542476,-15,-48,42
1739483226.9002476,-12,-77,-38
1739483226.9462476,-101,57,-81
1739483226.9912477,5,-147,-205
1739483227.0372477,48,80,-64
1739483227.0832477,-3,43,5
1739483227.1282475,6,0,-65
1739483227.1742475,23,24,-127
1739483227.2202475,26,-67,-54
1739483227.2652476,32,-30,64
1739483227.3112476,57,126,-115
1739483227.3572476,-11,-4,55
1739483227.4032476,-21,-119,-122
1739483227.4482474,1,50,-50
1739483227.4942474,-89,-91,-90
1739483227.5402474,59,36,-31
1739483227.5852475,-57,-39,-52
1739483227.6312475,0,55,71
1739483227.6772475,4,-15,57
1739483227.7232475,-32,-19,19
1739483227.7682476,15,20,-22
1739483227.8142476,30,-42,27
1739483227.8602476,-30,-73,-91
1739483227.9052474,-19,-5,-75
1739483227.9512477,-42,-77,73
1739483227.9972477,13,-62,-11
1739483228.0432477,-59,-17,-43
1739483228.0882475,-17,45,-23
1739483228.1342475,42,-52,62
1739483228.1802475,-55,73,-5
1739483228.2252476,-45,35,-34
1739483228.2712476,6,23,-92
1739483228.3172476,3,-36,53
1739483228.3632476,40,-10,56
1739483228.4082477,-36,-59,-98
1739483228.4542477,-17,3,1
1739483228.5002477,73,-48,-60
1739483228.5452476,37,6,-13
1739483228.5912476,26,-100,24
1739483228.6372476,43,28,-119
1739483228.6832476,24,-8,0
1739483228.7282476,-90,-35,44
1739483228.7742476,20,-28,-58
1739483228.8202477,-48,-35,37
1739483228.8652475,53,-84,52
1739483228.9112475,30,38,26
1739483228.9572475,0,70,-85
1739483229.0032475,-43,-23,-40
1739483229.0482476,25,14,0
1739483229.0942476,-81,-27,34
1739483229.1402476,-93,-67,-58
1739483229.1852477,13,52,17
1739483229.2312477,26,-16,-90
1739483229.2772477,-64,-43,45
1739483229.3232474,61,-88,-73
1739483229.3682475,-19,-45,-76
1739483229.4142475,15,20,86
1739483229.4602475,-2,-89,-69
1739483229.5052476,-39,-205,-104
1739483229.5512476,-1,74,-31
1739483229.5972476,-25,-125,-9
1739483229.6432476,-30,-24,18
1739483229.6882474,-22,76,-69
1739483229.7342474,60,64,-48
1739483229.7802474,20,-86,45
1739483229.8252475,4,32,97
1739483229.8712475,-58,-109,-37
1739483229.9172475,11,15,-139
1739483229.9632475,21,-78,-136
1739483230.0082476,-107,1,-7
1739483230.0542476,26,-100,49
1739483230.1002476,5,-70,69
1739483230.1452477,-10,-37,-55
1739483230.1912477,-2,-161,-61
1739483230.2372477,101,-110,-35
1739483230.2832477,81,-2,-177
1739483230.3282475,-4,61,71
1739483230.3742476,42,-71,-64
1739483230.4202476,17,-86,-135
1739483230.4652476,21,-52,-41
1739483230.5112476,67,40,43
1739483230.5572476,-53,-45,-56
1739483230.6032476,23,-52,-18
1739483230.6482477,0,-23,0
1739483230.6942475,-7,78,-33
1739483230.7402475,56,-52,-31
1739483230.7852476,106,26,-8
1739483230.8312476,26,12,-93
1739483230.8772476,93,-12,-8
1739483230.9232476,6,-103,-33
1739483230.9682477,36,-30,-62
1739483231.0142477,120,66,-121
1739483231.0602477,-31,37,-88
1739483231.1052475,38,6,67
1739483231.1512475,132,16,-109
1739483231.1972475,-9,-25,-41
1739483231.2432475,17,-76,11
1739483231.2882476,19,-85,17
1739483231.3342476,39,0,-25
1739483231.3802476,-48,-67,-205
1739483231.4252477,-31,-61,76
1739483231.4712474,-10,50,-17
1739483231.5172474,44,8,-35
1739483231.5632474,1,-36,44
1739483231.6082475,-75,3,-88
1739483231.6542475,-27,25,-174
1739483231.7002475,26,-108,-100
1739483231.7452476,-35,71,-22
1739483231.7912476,24,-42,-29
1739483231.8372476,-13,-117,67
1739483231.8832476,-12,-25,-80
1739483231.9282477,67,48,-15
1739483231.9742477,19,-70,-22
1739483232.0202477,5,-114,-84
1739483232.0652475,48,8,-101
1739483232.1112475,25,-16,-95
1739483232.1572475,-60,-91,57
1739483232.2032475,-59,-23,-60
1739483232.2482476,4,46,-114
1739483232.2942476,44,-162,-170
1739483232.3402476,-72,-35,12
1739483232.3852477,-72,-71,-152
1739483232.4312477,-14,-56,89
1739483232.4772477,-9,-55,-16
1739483232.5232477,34,-40,21
1739483232.5682476,39,-28,-23
1739483232.6142476,12,-84,-68
1739483232.6602476,-61,69,31
1739483232.7052476,-33,-135,29
1739483232.7512476,44,-20,-20
1739483232.7972476,-29,-39,-22
1739483232.8432477,0,11,31
1739483232.8882475,-10,27,-88
1739483232.9342475,-4,86,0
1739483232.9802475,-18,-107,-42
1739483233.0252476,-5,-16,-35
1739483233.0712476,3,52,-14
1739483233.1172476,7,-99,-32
1739483233.1632476,28,-28,-18
1739483233.2082477,122,-12,-63
1739483233.2542477,12,-66,-36
1739483233.3002477,44,94,-118
1739483233.3452475,-3,52,-6
1739483233.3912475,-61,-15,-86
1739483233.4372475,3,-145,-106
1739483233.4832475,68,-12,25
1739483233.5282476,-102,-145,-46
1739483233.5742476,11,30,-8
1739483233.6252477,45,-114,-39
1739483233.6712475,51,-62,-40
1739483233.7172475,-20,-69,-23
1739483233.7632475,-12,-35,59
1739483233.8082476,8,22,0
1739483233.8542476,53,-150,-73
1739483233.9002476,-31,-21,-58
1739483233.9452477,10,-115,23
1739483233.9912477,-36,-105,-8
1739483234.0372477,-28,-141,-41
1739483234.0832477,41,-70,-9
1739483234.1282475,-78,63,-7
1739483234.1742475,58,-12,-117
1739483234.2202475,-2,-27,-35
1739483234.2652476,11,-146,-18
1739483234.3112476,-4,-45,-16
1739483234.3572476,38,-128,-167
1739483234.4032476,86,-136,-37
1739483234.4482474,16,-38,93
1739483234.4942474,15,-20,61
1739483234.5402474,-19,-19,29
1739483234.5852475,43,-114,-20
1739483234.6312475,52,-86,-72
1739483234.6772475,55,52,-132
1739483234.7232475,15,-2,-75
1739483234.7682476,58,6,-56
1739483234.8142476,-87,-79,-9
1739483234.8602476,-1,57,-70
1739483234.9052474,10,-52,-77
1739483234.9512477,32,18,-134
1739483234.9972477,-21,-23,-40
1739483235.0432477,-57,-133,-64
1739483235.0882475,-18,17,-42
1739483235.1342475,58,-99,-45
1739483235.1802475,-5,-24,-57
1739483235.2252476,63,-33,28
1739483235.2712476,-4,61,45
1739483235.3172476,26,-1,-12
1739483235.3632476,-70,10,-54
1739483235.4082477,46,21,-33
1739483235.4542477,-35,-58,96
1739483235.5002477,-5,-29,44
1739483235.5452476,-59,-92,34
1739483235.5912476,-12,13,57
1739483235.6372476,-65,-68,61
1739483235.6832476,-66,-96,28
1739483235.7282476,-17,-3,-137
1739483235.7742476,3,-53,-26
1739483235.8202477,62,-91,-132
1739483235.8652475,4,-43,12
1739483235.9112475,-48,-34,31
1739483235.9572475,44,-32,-80
1739483236.0032475,30,12,7
1739483236.0482476,34,20,-84
1739483236.0942476,-43,63,-135
1739483236.1402476,-42,-49,16
1739483236.1852477,26,-66,-3
1739483236.2312477,29,16,-25
1739483236.2772477,-30,-247,112
1739483236.3232474,6,-66,-130
1739483236.3682475,26,-22,40
1739483236.4142475,8,-98,-47
1739483236.4602475,30,9,-106
1739483236.5052476,20,121,-47
1739483236.5512476,-92,30,-59
1739483236.5972476,13,-54,-15
1739483236.6432476,24,-87,33
1739483236.6882474,0,-50,-31
1739483236.7342474,-12,-30,64
1739483236.7802474,-2,-60,83
1739483236.8252475,-23,-89,46
1739483236.8712475,-30,-94,-137
1739483236.9172475,27,-103,-57
1739483236.9632475,-105,-107,-61
1739483237.0082476,72,-33,-34
1739483237.0542476,-23,-68,-1
1739483237.1002476,22,13,-51
1739483237.1452477,-109,-60,-92
1739483237.1912477,-40,12,77
1739483237.2372477,6,-55,-104
1739483237.2832477,37,-69,7
1739483237.3282475,-25,-26,16
1739483237.3742476,-13,8,-82
1739483237.4202476,-13,-18,-27
1739483237.4652476,-19,-50,-44
1739483237.5112476,4,-19,-12
1739483237.5572476,19,36,-38
1739483237.6032476,10,-19,-138
1739483237.6482477,-41,-182,14
1739483237.6942475,-14,-16,-58
1739483237.7402475,-40,94,80
1739483237.7852476,-59,46,33
1739483237.8312476,-13,26,77
1739483237.8772476,9,-65,-39
1739483237.9232476,37,-151,88
1739483237.9682477,13,-84,-59
1739483238.0142477,-96,44,48
1739483238.0602477,-23,-72,-6
1739483238.1052475,-13,-22,-39
1739483238.1512475,31,-5,2
1739483238.1962476,-40,-68,0
1739483238.2412477,3,61,-50
1739483238.2872477,-9,16,-10
1739483238.3332477,-23,-28,-18
1739483238.3792477,25,53,39
1739483238.4242475,21,-9,22
1739483238.4702475,17,0,33
1739483238.5162475,-28,66,-63
1739483238.5612476,56,-135,6
1739483238.6072476,62,-45,-100
1739483238.6532476,52,17,61
1739483238.6992476,-88,-52,22
1739483238.7442474,26,23,-65
1739483238.7902474,13,-153,-80
1739483238.8362474,-10,-16,-95
1739483238.8812475,61,57,73
1739483238.9272475,-58,-68,-97
1739483238.9732475,-10,110,-17
1739483239.0192475,-4,-26,-1
1739483239.0642476,5,-29,-1
1739483239.1102476,-79,-160,-14
1739483239.1562476,22,-119,58
1739483239.2012477,-65,-42,80
1739483239.2472477,-43,-4,-58
1739483239.2932477,-8,-40,8
1739483239.3392477,33,89,-94
1739483239.3842475,75,23,-39
1739483239.4302475,-46,-72,-56
1739483239.4762475,41,39,-9
1739483239.5212476,42,19,52
1739483239.5672476,-12,-112,-118
1739483239.6132476,-80,-100,-18
1739483239.6592476,-34,-142,-90
1739483239.7042477,-4,-136,-68
1739483239.7502477,85,51,-149
1739483239.7962475,28,-57,-32
1739483239.8412476,-8,-60,6
1739483239.8872476,-36,-78,-54
1739483239.9332476,-37,-60,49
1739483239.9792476,27,-49,-39
1739483240.0242476,-97,22,-65
1739483240.0702477,132,101,22
1739483240.1162477,15,37,-5
1739483240.1612475,13,-103,-67
1739483240.2072475,15,-79,-44
1739483240.2532475,-2,-25,-96
1739483240.2992475,-17,44,-208
1739483240.3442476,-4,-58,64
1739483240.3902476,-103,86,-107
1739483240.4362476,6,-43,-72
1739483240.4812477,-56,-64,-46
1739483240.5272477,-6,-126,-24
1739483240.5732474,13,47,-35
1739483240.6192474,1,-138,17
1739483240.6642475,-71,80,6
1739483240.7102475,20,81,17
1739483240.7562475,-38,24,57
1739483240.8012476,18,43,104
1739483240.8472476,-23,-150,-94
1739483240.8932476,28,-43,-14
1739483240.9392476,-1,-97,-45
1739483240.9842474,61,3,-19
1739483241.0302474,-8,-22,-66
1739483241.0762477,8,-67,-135
1739483241.1212475,-1,-36,-45
1739483241.1672475,20,15,-76
1739483241.2132475,69,-189,58
1739483241.2592475,-8,-226,86
1739483241.3042476,-12,30,60
1739483241.3502476,17,21,1
1739483241.3962476,-2,118,-58
1739483241.4412477,35,11,20
1739483241.4872477,-31,28,-61
1739483241.5332477,-16,-148,44
1739483241.5792477,15,-89,-21
1739483241.6242476,55,15,-179
1739483241.6702476,47,-51,6
1739483241.7162476,0,-13,-58
1739483241.7612476,-75,-12,-90
1739483241.8072476,90,-1,138
1739483241.8532476,-119,36,-66
1739483241.8992476,-19,-114,-67
1739483241.9442475,-10,-52,-172
1739483241.9902475,-46,-32,-134
1739483242.0362475,-14,-70,9
1739483242.0812476,-15,-51,82
1739483242.1272476,-73,-170,-20
1739483242.1732476,-30,-2,-29
1739483242.2192476,23,23,-25
1739483242.2642477,-60,-50,57
1739483242.3102477,-16,54,-3
1739483242.3562477,31,47,-53
1739483242.4012475,-33,-26,-65
1739483242.4472475,43,-1,-26
1739483242.4932475,9,-87,0
1739483242.5392475,20,57,71
1739483242.5842476,-44,-96,82
1739483242.6302476,-2,87,-51
1739483242.6762476,8,35,7
1739483242.7212474,-4,-77,-38
1739483242.7672474,-19,-28,-1
1739483242.8132474,-9,4,34
1739483242.8592474,17,-21,-35
1739483242.9042475,-8,-16,0
1739483242.9502475,-95,-100,-9
1739483242.9962475,-2,28,37
1739483243.0412476,0,-59,-72
1739483243.0872476,83,-11,-76
1739483243.1332476,-64,-28,-55
1739483243.1792476,13,-133,-35
1739483243.2242477,-21,-92,-104
1739483243.2702477,25,-17,-16
1739483243.3162477,76,41,-132
1739483243.3612475,9,-66,-19
1739483243.4072475,47,-71,-12
1739483243.4532475,-58,-36,19
1739483243.4992476,2,-77,-138
1739483243.5442476,54,-85,-35
1739483243.5902476,-58,-12,16
1739483243.6412475,32,13,-80
1739483243.6872475,-32,28,-85
1739483243.7332475,-36,40,-57
1739483243.7792475,-47,-74,24
1739483243.8242476,6,-37,-35
1739483243.8702476,-17,24,-16
1739483243.9162476,-14,-136,-90
1739483243.9612474,-11,-12,-69
1739483244.0082476,37,75,-14
1739483244.0542476,34,141,-43
1739483244.1002476,3,9,-20
1739483244.1452477,-1,-180,-75
1739483244.1912477,-37,-40,-133
1739483244.2372477,47,-1,-61
1739483244.2832477,-43,-118,-92
1739483244.3282475,33,-21,50
1739483244.3742476,24,27,35
1739483244.4202476,-43,-26,-14
1739483244.4652476,-13,-50,-66
1739483244.5112476,-15,76,-51
1739483244.5572476,20,7,-15
1739483244.6032476,-8,42,-35
1739483244.6482477,16,15,-58
1739483244.6942475,17,121,-86
1739483244.7402475,-19,30,-6
1739483244.7852476,6,-99,-30
1739483244.8312476,-56,66,32
1739483244.8772476,-5,18,-60
1739483244.9232476,6,-103,-9
1739483244.9682477,6,42,-90
1739483245.0142477,23,-103,-56
1739483245.0602477,56,-81,-79
1739483245.1052475,-43,52,24
1739483245.1512475,35,-43,-119
1739483245.1972475,75,-49,-79
1739483245.2432475,-3,10,-96
1739483245.2882476,46,-13,-69
1739483245.3342476,-44,-26,-54
1739483245.3802476,43,-53,-27
1739483245.4252477,-4,36,-97
1739483245.4712474,3,-11,-10
1739483245.5172474,0,51,-56
1739483245.5632474,42,-13,115
1739483245.6082475,-8,16,-66
1739483245.6542475,19,-69,-56
1739483245.7002475,-73,130,-105
1739483245.7452476,106,-11,31
1739483245.7912476,2,-44,-49
1739483245.8372476,38,7,-100
1739483245.8832476,-22,-36,75
1739483245.9282477,-25,-42,-19
1739483245.9742477,-10,-124,10
1739483246.0202477,35,-17,44
1739483246.0652475,-52,48,-44
1739483246.1112475,5,-33,54
1739483246.1572475,-14,14,2
1739483246.2032475,33,-85,29
1739483246.2482476,27,-87,-5
1739483246.2942476,30,-109,-34
1739483246.3402476,-72,-112,9
1739483246.3852477,21,99,-101
1739483246.4312477,0,141,59
1739483246.4772477,90,-41,-27
1739483246.5232477,11,-85,114
1739483246.5682476,19,29,83
1739483246.6142476,63,-5,-60
1739483246.6602476,-44,-60,22
1739483246.7052476,13,5,-118
1739483246.7512476,-6,4,5
1739483246.7972476,-19,-46,45
1739483246.8432477,67,41,-112
1739483246.8882475,9,-173,-68
1739483246.9342475,0,-24,18
1739483246.9802475,20,-19,12
1739483247.0252476,37,3,29
1739483247.0712476,-40,-144,-41
1739483247.1172476,-53,42,5
1739483247.1632476,19,11,-35
1739483247.2082477,-26,-12,-46
1739483247.2542477,-10,102,-33
1739483247.3002477,-19,18,14
1739483247.3452475,-18,-66,67
1739483247.3912475,34,29,-29
1739483247.4372475,10,-51,53
1739483247.4832475,-30,-14,-126
1739483247.5282476,-28,-42,-101
1739483247.5742476,34,14,-98
1739483247.6202476,60,-89,-39
1739483247.6652474,41,-89,-145
1739483247.7112474,31,-21,23
1739483247.7572474,1,-137,17
1739483247.8032477,-41,-2,-101
1739483247.8482475,-3,-101,-65
1739483247.8942475,61,15,48
1739483247.9402475,-20,-152,104
1739483247.9852476,11,17,-49
1739483248.0312476,-31,-108,-34
1739483248.0772476,-120,2,-1
1739483248.1232476,-24,-26,13
1739483248.1682477,55,25,60
1739483248.2142477,55,-23,119
1739483248.2602477,56,-65,-148
1739483248.3052475,7,-109,26
1739483248.3512475,-29,-20,41
1739483248.3972476,4,24,44
1739483248.4432476,-14,-4,-9
1739483248.4882476,56,-119,37
1739483248.5342476,1,-59,-51
1739483248.5802476,-30,-6,99
1739483248.6252477,15,-56,-75
1739483248.6712475,-28,-65,-45
1739483248.7172475,9,-131,-78
1739483248.7632475,-92,-66,-91
1739483248.8082476,-64,28,-68
1739483248.8542476,-33,-100,-47
1739483248.9002476,-12,-136,-10
1739483248.9452477,-20,-12,-8
1739483248.9912477,18,2,90
1739483249.0372477,-3,-61,-31
1739483249.0832477,-37,-26,30
1739483249.1282475,13,-25,39
1739483249.1742475,-62,-84,-95
1739483249.2202475,56,29,-13
1739483249.2652476,-29,66,86
1739483249.3112476,11,-54,30
1739483249.3572476,-125,-92,-101
1739483249.4032476,-17,-14,-47
1739483249.4482474,-20,-46,-68
1739483249.4942474,45,-63,17
1739483249.5402474,-18,28,-101
1739483249.5852475,-32,-28,91
1739483249.6312475,34,-21,119
1739483249.6772475,16,-59,-37
1739483249.7232475,-55,-74,-70
1739483249.7682476,64,31,-8
1739483249.8142476,-15,-17,25
1739483249.8602476,9,-51,33
1739483249.9052474,28,61,-83
1739483249.9512477,-12,-35,-9
1739483249.9972477,-12,-94,-69
1739483250.0432477,65,-19,75
1739483250.0882475,4,-80,-103
1739483250.1342475,74,-118,-134
1739483250.1802475,-8,-83,-57
1739483250.2252476,55,-16,-92
1739483250.2712476,20,-64,-136
1739483250.3172476,46,-76,52
1739483250.3632476,19,-62,-3
1739483250.4082477,21,-86,-23
1739483250.4542477,-19,-21,-104
1739483250.5002477,-5,-92,21
1739483250.5452476,-30,-173,-30
1739483250.5912476,47,-118,-7
1739483250.6372476,123,-20,-40
1739483250.6832476,97,0,-4
1739483250.7282476,24,-1,-49
1739483250.7742476,-72,35,-47
1739483250.8202477,28,17,29
1739483250.8652475,61,-56,-28
1739483250.9112475,-50,-32,19
1739483250.9572475,-11,7,-29
1739483251.0032475,9,5,-46
1739483251.0482476,-8,-1,-124
1739483251.0942476,63,-81,-25
1739483251.1402476,-56,-6,-121
1739483251.1852477,9,-47,100
1739483251.2312477,29,-39,67
1739483251.2772477,-18,-8,-48
1739483251.3232474,2,-8,2
1739483251.3682475,89,75,45
1739483251.4142475,22,20,1
1739483251.4602475,-106,-66,-106
1739483251.5052476,-23,-14,-20
1739483251.5512476,14,-15,-67
1739483251.5972476,-63,-24,-141
1739483251.6432476,-60,-116,43
1739483251.6882474,97,61,25
1739483251.7342474,11,-142,-59
1739483251.7802474,-21,-2,28
1739483251.8252475,68,9,-111
1739483251.8712475,25,-57,-67
1739483251.9172475,37,-103,-21
1739483251.9632475,17,-61,73
1739483252.0082476,8,95,82
1739483252.0542476,34,-97,-140
1739483252.1002476,-54,28,-34
1739483252.1452477,11,68,-133
1739483252.1912477,43,-60,-55
1739483252.2372477,-38,-51,8
1739483252.2832477,-52,-103,-54
1739483252.3282475,31,89,32
1739483252.3742476,57,-57,89
1739483252.4202476,-56,-11,16
1739483252.4652476,-15,-98,-171
1739483252.5112476,-17,-124,-133
1739483252.5572476,-76,-102,-25
1739483252.6032476,-19,-106,5
1739483252.6482477,81,47,-42
1739483252.6942475,-166,86,-96
1739483252.7402475,40,-5,-9
1739483252.7852476,85,-59,-55
1739483252.8312476,-1,16,-58
1739483252.8772476,-45,-69,-47
1739483252.9232476,-14,-93,-63
1739483252.9682477,7,6,63
1739483253.0142477,-68,-37,0
1739483253.0602477,2,29,9
1739483253.1052475,8,20,-88
1739483253.1512475,40,-48,-110
1739483253.1972475,59,-170,-155
1739483253.2432475,-45,-52,22
1739483253.2882476,-27,16,17
1739483253.3342476,66,-6,56
1739483253.3802476,-90,-95,6
1739483253.4252477,-88,-49,-54
1739483253.4712474,55,54,-120
1739483253.5172474,-10,-127,-48
1739483253.5632474,0,-6,-89
1739483253.6082475,-45,-19,-66
1739483253.6602476,35,-104,0
1739483253.7052476,15,-32,-77
1739483253.7512476,-47,-18,-86
1739483253.7972476,39,-115,-97
1739483253.8432477,18,-53,13
1739483253.8882475,-19,-26,-5
1739483253.9342475,-73,-134,0
1739483253.9802475,60,0,69
1739483254.0252476,91,-18,44
1739483254.0712476,1,-3,-23
1739483254.1172476,-96,-20,-85
1739483254.1612475,-15,30,-120
1739483254.2072475,54,-26,-96
1739483254.2532475,110,-24,25
1739483254.2992475,6,-62,130
1739483254.3442476,-87,-29,14
1739483254.3902476,17,92,-99
1739483254.4362476,28,-22,-7
1739483254.4812477,1,-64,16
1739483254.5272477,25,38,-43
1739483254.5732474,-43,-39,94
1739483254.6192474,17,-146,-4
1739483254.6642475,60,6,-1
1739483254.7102475,-22,-43,-55
1739483254.7562475,-66,5,-100
1739483254.8012476,-64,-131,-90
1739483254.8472476,-11,-63,29
1739483254.8932476,35,-40,17
1739483254.9392476,-20,-77,-38
1739483254.9842474,-8,-49,-13
1739483255.0302474,-101,-4,-139
1739483255.0762477,41,-115,3
1739483255.1212475,-36,8,0
1739483255.1672475,54,10,-72
1739483255.2132475,15,-15,-77
1739483255.2592475,-14,20,-36
1739483255.3042476,71,69,10
1739483255.3502476,-62,-146,-114
1739483255.3962476,29,-71,47
1739483255.4412477,-62,0,0
1739483255.4872477,25,-177,-32
1739483255.5332477,-29,0,-60
1739483255.5792477,-32,-102,-43
1739483255.6242476,37,35,-71
1739483255.6702476,31,-27,-16
1739483255.7162476,-70,8,-34
1739483255.7612476,-17,56,-21
1739483255.8072476,63,21,-55
1739483255.8532476,14,-90,-29
1739483255.8992476,27,-90,61
1739483255.9442475,69,-62,-61
1739483255.9902475,-17,-19,20
1739483256.0362475,-66,-221,-7
1739483256.0812476,94,-41,83
1739483256.1272476,75,-7,-35
1739483256.1732476,-63,-90,113
1739483256.2192476,19,-29,11
1739483256.2642477,-81,-42,74
1739483256.3102477,3,-38,-8
1739483256.3562477,-26,-53,-167
1739483256.4012475,-57,55,64
1739483256.4472475,34,-34,-75
1739483256.4932475,-33,53,-118
1739483256.5392475,27,36,-21
1739483256.5842476,11,-42,37
1739483256.6302476,13,-2,29
1739483256.6762476,80,82,-29
1739483256.7212474,80,2,-23
1739483256.7672474,-60,111,33
1739483256.8132474,-21,57,13
1739483256.8592474,40,14,-2
1739483256.9042475,0,-104,24
1739483256.9502475,-19,7,18
1739483256.9962475,-13,89,98
1739483257.0412476,-42,-11,-24
1739483257.0872476,39,-38,9
1739483257.1332476,-54,-23,56
1739483257.1792476,0,-17,1
1739483257.2242477,3,-96,9
1739483257.2702477,63,15,-83
1739483257.3162477,-4,-10,-73
1739483257.3612475,-15,-44,-58
1739483257.4072475,-40,-76,-40
1739483257.4532475,-38,-44,-27
1739483257.4992476,-18,27,-48
1739483257.5442476,0,47,-7
1739483257.5902476,37,18,-3
1739483257.6362476,-27,-52,-62
1739483257.6812477,-41,88,30
1739483257.7272477,-62,-90,-12
1739483257.7732477,8,-18,29
1739483257.8192475,55,-99,-47
1739483257.8642476,25,69,-13
1739483257.9102476,59,-53,-148
1739483257.9562476,-59,-12,-10
1739483258.0012476,-69,-68,-80
1739483258.0472476,-68,78,-138
1739483258.0932477,53,-59,-23
1739483258.1392477,71,-75,22
1739483258.1842475,-26,-60,-24
1739483258.2302475,-18,-108,-12
1739483258.2762475,30,-71,-83
1739483258.3212476,-13,-22,-68
1739483258.3672476,11,-85,-34
1739483258.4132476,-11,-20,22
1739483258.4592476,-55,10,-38
1739483258.5042477,24,-17,41
1739483258.5502477,47,-53,55
1739483258.5962474,-28,-86,-159
1739483258.6412475,-45,44,-150
1739483258.6872475,-47,-84,-2
1739483258.7332475,93,-55,-184
1739483258.7792475,-42,120,27
1739483258.8242476,0,47,-4
1739483258.8702476,-86,-2,-14
1739483258.9162476,4,-67,-104
1739483258.9612474,-4,-46,75
1739483259.0072474,31,-64,-34
1739483259.0532477,-2,19,-61
1739483259.0992477,-42,-79,-77
1739483259.1442475,-10,-33,37
1739483259.1902475,-8,-49,152
1739483259.2362475,34,124,24
1739483259.2812476,20,-182,42
1739483259.3272476,-76,24,-47
1739483259.3732476,24,-39,-71
1739483259.4182477,0,-4,8
1739483259.4642477,5,30,-66
1739483259.5102477,69,-162,22
1739483259.5562477,-28,-33,-12
1739483259.6012475,57,-126,-98
1739483259.6472476,58,21,-14
1739483259.6932476,0,-124,-59
1739483259.7382476,21,92,-87
1739483259.7842476,42,21,87
1739483259.8302476,-37,76,69
1739483259.8762476,6,-18,-103
1739483259.9212475,-31,-30,245
1739483259.9672475,40,-65,1
1739483260.0132475,-29,2,-8
1739483260.0582476,24,67,-40
1739483260.1042476,-12,-91,11
1739483260.1502476,-17,21,44
1739483260.1962476,22,34,8
1739483260.2412477,-1,7,-146
1739483260.2872477,81,-94,-96
1739483260.3332477,77,0,10
1739483260.3782475,43,14,28
1739483260.4242475,-16,25,24
1739483260.4702475,-57,-81,59
1739483260.5162475,104,-84,43
1739483260.5612476,-13,5,-56
1739483260.6072476,-16,-35,-33
1739483260.6532476,53,-64,112
1739483260.6982474,-48,-59,47
1739483260.7442474,2,10,-64
1739483260.7902474,14,-150,-93
1739483260.8362474,26,-61,0
1739483260.8812475,-47,50,-89
1739483260.9272475,-65,25,-70
1739483260.9732475,43,-100,-30
1739483261.0182476,-30,-109,-33
1739483261.0642476,-20,18,-156
1739483261.1102476,-52,28,34
1739483261.1562476,38,-15,-29
1739483261.2012477,21,-95,-18
1739483261.2472477,-94,-44,0
1739483261.2932477,-16,-56,-66
1739483261.3382475,62,7,63
1739483261.3842475,20,-77,76
1739483261.4302475,0,-29,61
1739483261.4762475,-70,101,-43
1739483261.5212476,37,54,-44
1739483261.5672476,-15,-79,-21
1739483261.6132476,-33,101,-155
1739483261.6582477,16,58,5
1739483261.7042477,17,-14,-140
1739483261.7502477,-27,61,-3
1739483261.7962475,5,37,-81
1739483261.8412476,-45,-147,11
1739483261.8872476,8,28,10
1739483261.9332476,25,42,-106
1739483261.9782476,-101,-131,-19
1739483262.0242476,-16,33,6
1739483262.0702477,24,70,60
1739483262.1162477,-48,6,40
1739483262.1612475,-40,-54,-12
1739483262.2072475,29,-133,-28
1739483262.2532475,80,-129,0
1739483262.2982476,12,-13,-43
1739483262.3442476,-23,167,-33
1739483262.3902476,-26,-49,91
1739483262.4362476,-9,-2,102
1739483262.4812477,23,-76,37
1739483262.5272477,42,45,-157
1739483262.5732474,9,-65,-78
1739483262.6182475,60,-149,29
1739483262.6642475,109,-111,-23
1739483262.7102475,-5,2,-34
1739483262.7562475,-61,-74,-37
1739483262.8012476,-2,-72,-88
1739483262.8472476,43,-91,-109
1739483262.8932476,75,4,19
1739483262.9382474,25,-12,-75
1739483262.9842474,-37,-103,-32
1739483263.0302474,14,-122,-28
1739483263.0762477,43,-20,0
1739483263.1212475,-8,-43,33
1739483263.1672475,-26,-127,-15
1739483263.2132475,-56,-3,-73
1739483263.2572474,-4,-28,-13
1739483263.3032477,-1,-13,-43
1739483263.3492477,-30,-11,-74
1739483263.3942475,-22,-211,-90
1739483263.4402475,70,-58,9
1739483263.4862475,36,-42,12
1739483263.5322475,68,6,-33
1739483263.5772476,-22,-65,-46
1739483263.6232476,-22,-35,-49
1739483263.6742475,20,90,21
1739483263.7202475,-29,-51,-56
1739483263.7662475,106,-8,-112
1739483263.8122475,-5,52,-44
1739483263.8572476,9,56,-90
1739483263.9032476,75,26,-169
1739483263.9492476,-13,4,-31
1739483263.9942474,-39,-35,6
1739483264.0402474,-36,-43,-65
1739483264.0862474,16,-102,-90
1739483264.1322474,-20,-12,-75
1739483264.1772475,-2,-61,19
1739483264.2232475,-78,-123,-14
1739483264.2692475,-35,-113,-9
1739483264.3142476,-16,13,0
1739483264.3602476,14,-92,-28
1739483264.4062476,103,-16,35
1739483264.4522476,50,-6,28
1739483264.4972477,15,-118,0
1739483264.5432477,-26,-189,-61
1739483264.5892477,-18,29,110
1739483264.6342475,-1,61,116
1739483264.6802475,32,-26,10
1739483264.7262475,-20,69,-21
1739483264.7722476,-31,23,-89
1739483264.8172476,-47,-103,-20
1739483264.8632476,9,-18,32
1739483264.9092476,49,-80,8
1739483264.9542477,13,10,16
1739483265.0002477,-26,31,7
1739483265.0462475,-7,7,-11
1739483265.0922475,23,64,127
1739483265.1372476,-16,-7,-172
1739483265.1832476,19,-114,0
1739483265.2292476,59,-34,5
1739483265.2742476,0,-94,-53
1739483265.3202477,12,12,-124
1739483265.3662477,-51,-149,-74
1739483265.4122477,-75,-89,-27
1739483265.4572475,-83,-47,-19
1739483265.5032475,28,88,23
1739483265.5492475,-4,-46,30
1739483265.5942476,53,-73,-4
1739483265.6402476,1,-24,-124
1739483265.6862476,7,-76,75
1739483265.7322476,-57,-70,7
1739483265.7772477,45,-60,31
1739483265.8232474,21,-74,-53
1739483265.8692474,-26,-13,-33
1739483265.9142475,-57,-3,-68
1739483265.9602475,-11,-9,5
1739483266.0062475,10,-46,8
1739483266.0522475,55,-42,-79
1739483266.0972476,41,-130,-60
1739483266.1432476,-21,-33,-47
1739483266.1892476,38,-8,-141
1739483266.2342474,45,4,21
1739483266.2802474,40,-125,-74
1739483266.3262477,4,18,-29
1739483266.3722477,93,4,0
1739483266.4172475,-15,-1,-100
1739483266.4632475,47,-62,53
1739483266.5092475,-2,-49,-31
1739483266.5542476,-22,-120,22
1739483266.6002476,33,-43,6
1739483266.6462476,-56,-17,-62
1739483266.6922476,-8,26,-65
1739483266.7372477,32,-112,-83
1739483266.7832477,20,-50,-73
1739483266.8292477,-28,-155,1
1739483266.8742476,124,8,-116
1739483266.9202476,-24,-159,-9
1739483266.9662476,48,24,3
1739483267.0122476,22,-42,-51
1739483267.0572476,10,-7,-24
1739483267.1032476,-1,-1,-48
1739483267.1492476,104,-112,13
1739483267.1942475,43,-38,-111
1739483267.2402475,32,8,-54
1739483267.2862475,-8,65,-46
1739483267.3322475,-40,-69,-58
1739483267.3772476,2,-13,-49
1739483267.4232476,-2,-8,-81
1739483267.4692476,23,-36,-69
1739483267.5142477,38,-96,-96
1739483267.5602477,-27,-48,-120
1739483267.6062477,35,-97,-100
1739483267.6522477,-56,-147,13
1739483267.6972475,25,-62,-118
1739483267.7432475,0,-41,-33
1739483267.7892475,16,27,-27
1739483267.8342476,33,-51,67
1739483267.8802476,70,-149,-111
1739483267.9262476,79,-83,-98
1739483267.9722476,-28,-70,-110
1739483268.0172474,-90,-30,-76
1739483268.0632474,13,-80,-47
1739483268.1092474,-19,59,-6
1739483268.1542475,-12,57,-22
1739483268.2002475,47,164,-156
1739483268.2462475,40,-64,30
1739483268.2922475,-46,-49,-9
1739483268.3372476,54,96,11
1739483268.3832476,52,-71,-19
1739483268.4292476,35,12,-172
1739483268.4742477,14,39,6
1739483268.5202477,27,-62,-12
1739483268.5662477,-69,89,-11
1739483268.6132476,-33,-53,48
1739483268.6582477,-61,7,12
1739483268.7042477,-19,-75,6
1739483268.7502477,29,-18,-11
1739483268.7962475,-19,-55,-20
1739483268.8412476,60,88,90
1739483268.8872476,-50,-121,-90
1739483268.9332476,-29,-44,-18
1739483268.9782476,-90,-150,-33
1739483269.0242476,11,-67,-33
1739483269.0702477,14,13,-61
1739483269.1162477,-25,-21,7
1739483269.1612475,115,-6,-8
1739483269.2072475,-119,-87,33
1739483269.2532475,44,-5,-90
1739483269.2982476,-34,-91,39
1739483269.3442476,-12,2,39
1739483269.3902476,57,-53,-12
1739483269.4362476,-2,11,60
1739483269.4812477,45,0,-128
1739483269.5272477,38,-1,-78
1739483269.5732474,20,-115,-65
1739483269.6182475,45,21,-25
1739483269.6642475,-25,-114,20
1739483269.7102475,31,-55,41
1739483269.7562475,-25,-36,-71
1739483269.8012476,-28,-3,-1
1739483269.8472476,8,-67,-1
1739483269.8932476,5,-122,-115
1739483269.9382474,55,-2,-19
1739483269.9842474,15,-90,-6
1739483270.0302474,-61,-25,-54
1739483270.0762477,52,-104,-68
1739483270.1212475,32,52,22
1739483270.1672475,-3,16,60
1739483270.2132475,-40,-49,24
1739483270.2582476,23,-16,-31
1739483270.3042476,-5,32,-43
1739483270.3502476,61,-85,15
1739483270.3962476,-4,-1,-10
1739483270.4412477,-12,-184,-54
1739483270.4872477,-64,-47,-95
1739483270.5332477,46,-41,-49
1739483270.5782475,-23,-109,-41
1739483270.6242476,-58,57,-73
1739483270.6702476,16,-12,-208
1739483270.7162476,-31,-54,-24
1739483270.7612476,-6,62,-103
1739483270.8072476,76,-92,40
1739483270.8532476,-9,-35,-19
1739483270.8982477,6,-62,-2
1739483270.9442475,87,-48,-164
1739483270.9902475,24,6,-41
1739483271.0362475,-1,76,-40
1739483271.0812476,-91,22,-140
1739483271.1272476,-50,59,0
1739483271.1732476,-83,64,36
1739483271.2182477,-60,-155,-85
1739483271.2642477,45,48,-84
1739483271.3102477,44,-8,-72
1739483271.3562477,-88,-7,42
1739483271.4012475,-9,-89,26
1739483271.4472475,28,-124,-75
1739483271.4932475,12,-60,-7
1739483271.5382476,-31,-125,-22
1739483271.5842476,-24,-145,42
1739483271.6302476,25,-108,-46
1739483271.6762476,-63,-91,6
1739483271.7212474,0,93,1
1739483271.7672474,26,-22,31
1739483271.8132474,-37,15,80
1739483271.8582475,42,-34,67
1739483271.9042475,3,-18,67
1739483271.9502475,-25,-1,-34
1739483271.9962475,44,-10,-41
1739483272.0412476,-61,59,-41
1739483272.0872476,-22,-1,-177
1739483272.1332476,29,44,26
1739483272.1782477,0,1,-53
1739483272.2242477,6,48,-77
1739483272.2702477,67,-30,-48
1739483272.3162477,0,-31,-104
1739483272.3612475,-14,-53,-46
1739483272.4072475,-11,55,-54
1739483272.4532475,-8,-137,70
1739483272.4982476,17,-90,0
1739483272.5442476,39,-50,-6
1739483272.5902476,-48,-7,-28
1739483272.6362476,16,-108,-9
1739483272.6812477,27,-28,40
1739483272.7272477,-19,75,2
1739483272.7732477,28,-18,-72
1739483272.8182476,-46,-31,-35
1739483272.8642476,-21,-113,10
1739483272.9102476,44,-122,17
1739483272.9562476,-16,83,51
1739483273.0012476,-30,-83,49
1739483273.0472476,-42,-21,-83
1739483273.0932477,12,-56,-109
1739483273.1382475,3,-21,-12
1739483273.1842475,-2,-45,0
1739483273.2302475,-60,15,-78
1739483273.2762475,-11,27,-112
1739483273.3212476,-94,-23,0
1739483273.3672476,19,28,-154
1739483273.4132476,-18,27,-168
1739483273.4582477,-10,-39,-17
1739483273.5042477,0,-25,10
1739483273.5502477,0,-51,-88
1739483273.5962474,26,-86,-95
1739483273.6412475,44,-66,-76
1739483273.6932476,9,-88,15
1739483273.7382476,4,-11,66
1739483273.7842476,78,-142,-137
1739483273.8302476,-7,241,19
1739483273.8762476,-39,43,-132
1739483273.9212475,44,-86,-9
1739483273.9672475,18,-23,-177
1739483274.0132475,-83,-43,-14
1739483274.0582476,23,-92,-69
1739483274.1042476,-47,7,58
1739483274.1502476,-10,25,-48
1739483274.1962476,-49,-85,-49
1739483274.2412477,-61,-5,23
1739483274.2872477,-12,6,-8
1739483274.3332477,3,-147,42
1739483274.3782475,21,-124,-56
1739483274.4242475,21,26,121
1739483274.4702475,46,-104,-97
1739483274.5162475,56,-50,13
1739483274.5612476,-2,-31,18
1739483274.6072476,35,-29,-45
1739483274.6532476,82,-72,-10
1739483274.6982474,2,9,-96
1739483274.7442474,-56,163,-20
1739483274.7902474,-8,-78,-28
1739483274.8362474,29,42,-41
1739483274.8812475,13,-144,104
1739483274.9272475,-41,-63,-1
1739483274.9732475,-10,-116,131
1739483275.0182476,47,100,-48
1739483275.0642476,11,-93,-63
1739483275.1102476,17,-108,103
1739483275.1562476,23,72,158
1739483275.2012477,13,41,82
1739483275.2472477,-5,-43,10
1739483275.2932477,120,-24,-31
1739483275.3382475,19,-70,-50
1739483275.3842475,-26,-107,-33
1739483275.4302475,-25,-45,3
1739483275.4762475,-9,-14,-90
1739483275.5212476,48,-2,19
1739483275.5672476,28,-42,-78
1739483275.6132476,-55,-165,-43
1739483275.6582477,-9,71,-2
1739483275.7042477,-15,153,-38
1739483275.7502477,-37,-11,-93
1739483275.7962475,-26,-45,-80
1739483275.8412476,15,-60,37
1739483275.8872476,-30,55,-1
1739483275.9332476,17,-18,-81
1739483275.9782476,-6,-89,21
1739483276.0242476,-62,-141,-10
1739483276.0702477,53,-46,-48
1739483276.1162477,16,-86,138
1739483276.1612475,20,-95,-36
1739483276.2072475,-10,16,-22
1739483276.2532475,-48,-189,-120
1739483276.2982476,-18,15,-91
1739483276.3442476,-67,-7,-144
1739483276.3902476,3,-60,-25
1739483276.4362476,-49,-83,-87
1739483276.4812477,-42,-25,24
1739483276.5272477,-16,-23,57
1739483276.5732474,-3,30,18
1739483276.6182475,-2,-18,-57
1739483276.6642475,-14,-129,34
1739483276.7102475,-6,43,-39
1739483276.7562475,-26,-63,5
1739483276.8012476,-54,-23,-75
1739483276.8472476,-32,-59,-82
1739483276.8932476,51,36,28
1739483276.9382474,-18,-49,-44
1739483276.9842474,22,-52,5
1739483277.0302474,6,1,-71
1739483277.0762477,11,-72,35
1739483277.1212475,0,-53,-39
1739483277.1672475,-3,49,106
1739483277.2132475,98,124,-16
1739483277.2582476,37,-102,-62
1739483277.3042476,-13,-45,-75
1739483277.3502476,-31,-121,20
1739483277.3962476,39,2,23
1739483277.4412477,-14,-69,77
1739483277.4872477,-23,-131,11
1739483277.5332477,43,-112,-19
1739483277.5782475,58,-90,-9
1739483277.6242476,-43,121,44
1739483277.6702476,0,-34,-7
1739483277.7162476,-7,-92,-62
1739483277.7612476,-66,61,-100
1739483277.8072476,26,-108,10
1739483277.8532476,28,-86,-41
1739483277.8982477,-28,17,17
1739483277.9442475,-28,-3,-35
1739483277.9902475,-7,16,35
1739483278.0362475,55,-32,-48
1739483278.0812476,43,-44,-22
1739483278.1272476,88,-62,-40
1739483278.1732476,-18,63,-94
1739483278.2182477,-13,0,-34
1739483278.2642477,-39,-163,-58
1739483278.3102477,-27,-121,-47
1739483278.3562477,-22,-33,59
1739483278.4012475,49,-40,-49
1739483278.4472475,50,-82,2
1739483278.4932475,7,20,-54
1739483278.5382476,41,-16,-75
1739483278.5842476,35,-4,-44
1739483278.6302476,-47,-79,-6
1739483278.6762476,-12,-17,-57
1739483278.7202475,-21,109,-134
1739483278.7662475,111,-36,-62
1739483278.8122475,-21,-25,-51
1739483278.8572476,-25,-7,71
1739483278.9032476,-93,33,-31
1739483278.9492476,-39,-23,60
1739483278.9942474,-68,-39,43
1739483279.0402474,-12,-57,-55
1739483279.0862474,-45,-47,7
1739483279.1322474,-34,1,-3
1739483279.1772475,0,36,-135
1739483279.2232475,-136,-83,-68
1739483279.2692475,1,11,-4
1739483279.3142476,-3,83,-159
1739483279.3602476,80,-74,-115
1739483279.4062476,-36,-43,36
1739483279.4522476,-25,9,-18
1739483279.4972477,44,-50,-58
1739483279.5432477,78,-32,-83
1739483279.5892477,-28,17,-19
1739483279.6342475,-3,47,29
1739483279.6802475,19,-50,-16
1739483279.7262475,-50,33,-120
1739483279.7722476,-20,-135,-45
1739483279.8172476,-51,-21,-10
1739483279.8632476,46,-12,-83
1739483279.9092476,-34,-117,-19
1739483279.9542477,-22,-137,-95
1739483280.0002477,-39,-41,-37
1739483280.0462475,-52,-31,-41
1739483280.0922475,23,-20,-1
1739483280.1372476,19,116,-28
1739483280.1832476,-50,-141,3
1739483280.2292476,28,-38,54
1739483280.2742476,-54,-133,-71
1739483280.3202477,-13,23,31
1739483280.3662477,-45,-21,-51
1739483280.4122477,33,32,-31
1739483280.4572475,-36,1,24
1739483280.5032475,36,-102,-29
1739483280.5492475,-80,-61,-22
1739483280.5942476,-80,45,16
1739483280.6402476,-49,-25,-132
1739483280.6862476,-61,-37,17
1739483280.7322476,-26,45,-45
1739483280.7772477,-57,19,103
1739483280.8232474,-89,-17,-101
1739483280.8692474,22,-39,-62
1739483280.9142475,93,6,-69
1739483280.9602475,-18,-47,-103
1739483281.0062475,-23,-61,-26
1739483281.0522475,86,20,40
1739483281.0972476,-59,-71,-18
1739483281.1432476,24,-72,-70
1739483281.1892476,71,112,-28
1739483281.2342474,-34,-123,0
1739483281.2802474,-119,-127,-16
1739483281.3262477,-51,-67,-124
1739483281.3722477,19,96,-23
1739483281.4172475,-31,11,-55
1739483281.4632475,0,-82,-100
1739483281.5092475,15,-58,67
1739483281.5542476,-48,-109,-134
1739483281.6002476,34,-86,-121
1739483281.6462476,-39,-27,-99
1739483281.6922476,13,11,-55
1739483281.7372477,-33,57,50
1739483281.7832477,-5,-83,-44
1739483281.8292477,4,18,-96
1739483281.8742476,53,52,-58
1739483281.9202476,40,-78,-72
1739483281.9662476,14,18,71
1739483282.0122476,37,-6,-15
1739483282.0572476,-50,-67,-3
1739483282.1032476,115,-28,-25
1739483282.1492476,-43,-17,-72
1739483282.1942475,-15,17,-100
1739483282.2402475,-66,-47,-86
1739483282.2862475,-25,-25,-53
1739483282.3322475,3,-45,-69
1739483282.3772476,65,-86,48
1739483282.4232476,-13,-69,-93
1739483282.4692476,-29,-31,27
1739483282.5142477,-43,-179,-32
1739483282.5602477,-1,19,21
1739483282.6062477,0,-73,-36
1739483282.6522477,12,-119,-72
1739483282.6972475,-2,11,-13
1739483282.7432475,43,-36,-110
1739483282.7892475,-6,109,-79
1739483282.8342476,17,-94,-30
1739483282.8802476,-36,-107,-42
1739483282.9262476,-15,-39,43
1739483282.9722476,17,61,-97
1739483283.0172474,-52,-105,64
1739483283.0632474,72,40,21
1739483283.1092474,21,-110,-1
1739483283.1542475,-8,-25,9
1739483283.2002475,0,-57,9
1739483283.2462475,0,-121,-38
1739483283.2922475,-29,-59,-101
1739483283.3372476,97,-8,-79
1739483283.3832476,-39,-9,11
1739483283.4292476,25,-62,-59
1739483283.4742477,-22,-87,-13
1739483283.5202477,70,-78,29
1739483283.5662477,-23,-69,48
1739483283.6122477,56,22,2
1739483283.6632476,-5,-45,-5
1739483283.7092476,-12,-55,15
1739483283.7542477,64,-36,84
1739483283.8002477,-2,14,-195
1739483283.8462474,-21,-105,-80
1739483283.8922474,19,55,-18
1739483283.9372475,85,-32,-10
1739483283.9832475,-44,135,15
1739483284.0292475,-4,-77,-61
1739483284.0762477,-23,93,-87
1739483284.1212475,90,-86,27
1739483284.1672475,-18,29,-22
1739483284.2132475,-28,-45,-16
1739483284.2582476,-47,61,-82
1739483284.3042476,-50,-53,36
1739483284.3502476,23,-124,-7
1739483284.3962476,-54,163,-74
1739483284.4412477,9,37,80
1739483284.4872477,-27,26,-12
1739483284.5332477,9,-102,-59
1739483284.5782475,15,-126,-37
1739483284.6242476,15,34,28
1739483284.6702476,-45,35,116
1739483284.7162476,-21,-97,-19
1739483284.7612476,61,60,-79
1739483284.8072476,-81,-117,-79
1739483284.8532476,17,78,-101
1739483284.8982477,-12,77,-80
1739483284.9442475,-24,-35,6
1739483284.9902475,41,-48,44
1739483285.0362475,-17,-45,-81
1739483285.0812476,-67,-99,-126
1739483285.1272476,2,-8,-18
1739483285.1732476,-65,-37,-119
1739483285.2182477,74,-38,-26
1739483285.2642477,38,-70,0
1739483285.3102477,34,14,-85
1739483285.3562477,-69,17,-83
1739483285.4012475,52,-2,-14
1739483285.4472475,-25,-17,-38
1739483285.4932475,-60,-13,12
1739483285.5382476,3,-48,52
1739483285.5842476,106,-196,-102
1739483285.6302476,-33,-55,-20
1739483285.6762476,-2,-12,-136
1739483285.7212474,-62,11,-22
1739483285.7672474,94,26,-93
1739483285.8132474,-12,2,4
1739483285.8582475,-39,-133,-41
1739483285.9042475,52,41,78
1739483285.9502475,8,-21,-71
1739483285.9962475,19,-8,-18
1739483286.0412476,-43,4,-105
1739483286.0872476,-2,-27,18
1739483286.1332476,-45,-38,-49
1739483286.1782477,52,-37,-141
1739483286.2242477,37,-109,-16
1739483286.2702477,-38,-20,-69
1739483286.3162477,41,25,-59
1739483286.3612475,-50,-70,-67
1739483286.4072475,-2,-130,10
1739483286.4532475,-6,-37,-37
1739483286.4982476,27,79,-117
1739483286.5442476,-8,-68,-168
1739483286.5902476,-5,76,-82
1739483286.6362476,-53,-22,11
1739483286.6812477,-1,-1,-80
1739483286.7272477,-2,-38,-87
1739483286.7732477,35,1,-149
1739483286.8182476,-56,-78,-96
1739483286.8642476,-144,-64,22
1739483286.9102476,11,-63,50
1739483286.9562476,-46,-108,36
1739483287.0012476,-53,-92,-38
1739483287.0472476,9,-73,-51
1739483287.0932477,61,-131,15
1739483287.1382475,54,59,-1
1739483287.1842475,83,-53,-16
1739483287.2302475,7,-114,6
1739483287.2762475,0,-51,-69
1739483287.3212476,-21,32,97
1739483287.3672476,65,67,-16
1739483287.4132476,33,-101,-71
1739483287.4582477,39,-91,-93
1739483287.5042477,11,-73,-77
1739483287.5502477,66,-25,-29
1739483287.5962474,-66,-82,-84
1739483287.6412475,-65,-94,-37
1739483287.6872475,-103,-46,-75
1739483287.7332475,3,-49,28
1739483287.7782476,-22,80,-118
1739483287.8242476,32,-47,141
1739483287.8702476,23,-25,14
1739483287.9162476,50,-99,3
1739483287.9612474,-26,140,-106
1739483288.0072474,33,-13,-26
1739483288.0532477,-47,10,1
1739483288.0982475,-16,58,-14
1739483288.1442475,-13,10,-8
1739483288.1902475,52,-63,-123
1739483288.2362475,20,-39,-95
1739483288.2812476,22,-75,42
1739483288.3272476,-49,62,-84
1739483288.3732476,76,1,-63
1739483288.4182477,16,-121,-39
1739483288.4642477,-71,36,-58
1739483288.5102477,-16,-86,-39
1739483288.5562477,37,93,-17
1739483288.6012475,33,7,-24
1739483288.6472476,-110,-12,82
1739483288.6932476,9,0,-69
1739483288.7382476,-56,-64,-214
1739483288.7842476,7,38,-3
1739483288.8302476,-38,-154,77
1739483288.8762476,-24,98,-82
1739483288.9212475,-35,30,-106
1739483288.9672475,126,27,51
1739483289.0132475,22,-51,-91
1739483289.0582476,12,-143,1
1739483289.1042476,12,-107,44
1739483289.1502476,-25,36,-7
1739483289.1962476,69,-31,-19
1739483289.2412477,31,21,-50
1739483289.2872477,-18,-104,-27
1739483289.3332477,10,-25,9
1739483289.3782475,-57,-24,-66
1739483289.4242475,-19,-76,-46
1739483289.4702475,2,22,50
1739483289.5162475,8,-25,-93
1739483289.5612476,-39,-42,-22
1739483289.6072476,33,-5,-49
1739483289.6532476,-34,88,-22
1739483289.6982474,30,-45,-75
1739483289.7442474,68,31,36
1739483289.7902474,-74,-46,-20
1739483289.8362474,44,-57,-60
1739483289.8812475,86,-59,-70
1739483289.9272475,26,-77,55
1739483289.9732475,-73,-50,32
1739483290.0182476,21,-89,1
1739483290.0642476,17,-1,-40
1739483290.1102476,-8,28,-124
1739483290.1562476,-19,-40,41
1739483290.2012477,-90,-24,83
1739483290.2472477,-40,-92,-120
1739483290.2932477,-4,-120,-61
1739483290.3382475,35,-87,-141
1739483290.3842475,17,-69,-40
1739483290.4302475,59,9,-11
1739483290.4762475,51,-67,77
1739483290.5212476,-3,14,-34
1739483290.5672476,52,-61,29
1739483290.6132476,-39,-2,-56
1739483290.6582477,22,-115,-34
1739483290.7042477,-1,10,12
1739483290.7502477,12,-5,1
1739483290.7962475,81,0,8
1739483290.8412476,-2,-14,-96
1739483290.8872476,19,-101,9
1739483290.9332476,-70,-38,-189
1739483290.9782476,-6,-80,-131
1739483291.0242476,-23,-108,-57
1739483291.0702477,34,-85,-23
1739483291.1162477,54,13,-113
1739483291.1612475,-62,6,-6
1739483291.2072475,-46,76,-67
1739483291.2532475,-44,104,-84
1739483291.2982476,-8,-124,27
1739483291.3442476,101,-89,29
1739483291.3902476,-32,-58,-57
1739483291.4362476,-39,-10,-135
1739483291.4812477,-12,24,-73
1739483291.5272477,62,3,59
1739483291.5732474,-88,-34,-31
1739483291.6182475,10,-15,-2
1739483291.6642475,-5,-71,-42
1739483291.7102475,11,-31,-89
1739483291.7562475,-28,30,-47
1739483291.8012476,69,-81,-49
1739483291.8472476,57,-65,-17
1739483291.8932476,29,-59,-59
1739483291.9382474,19,79,86
1739483291.9842474,10,39,-64
1739483292.0302474,-14,-50,70
1739483292.0752475,11,-29,-18
1739483292.1212475,-42,-84,-35
1739483292.1672475,-39,168,-82
1739483292.2132475,-27,28,-22
1739483292.2582476,-13,-56,9
1739483292.3042476,124,-3,23
1739483292.3502476,-3,-34,-62
1739483292.3952477,-24,-110,-64
1739483292.4412477,-20,-12,2
1739483292.4872477,26,-23,0
1739483292.5332477,5,-139,156
1739483292.5782475,-1,35,-66
1739483292.6242476,-69,-4,-14
1739483292.6702476,42,-43,4
1739483292.7152476,21,-105,-75
1739483292.7612476,37,-95,-58
1739483292.8072476,13,-24,-97
1739483292.8532476,-25,-52,12
1739483292.8982477,28,15,-191
1739483292.9442475,31,89,10
1739483292.9902475,-8,-30,-57
1739483293.0352476,-8,64,-44
1739483293.0812476,-54,-82,-152
1739483293.1272476,26,15,-19
1739483293.1732476,2,-75,-109
1739483293.2182477,-20,-82,35
1739483293.2642477,60,5,41
1739483293.3102477,2,-61,-144
1739483293.3552475,-6,55,-97
1739483293.4012475,60,-97,-46
1739483293.4472475,-20,-18,-155
1739483293.4932475,-4,-10,-105
1739483293.5382476,42,89,-108
1739483293.5842476,-9,-12,-36
1739483293.6302476,11,-49,-54
1739483293.6812477,24,-168,30
1739483293.7272477,10,-114,-21
1739483293.7732477,10,-111,19
1739483293.8182476,-5,-55,-29
1739483293.8642476,16,-89,84
1739483293.9102476,-22,120,-10
1739483293.9552476,29,1,47
1739483294.0012476,33,-89,-74
1739483294.0472476,-86,-68,-43
1739483294.0932477,-64,0,86
1739483294.1382475,-5,-21,-130
1739483294.1832476,-13,3,8
1739483294.2292476,-62,6,-47
1739483294.2742476,-34,-56,-123
1739483294.3202477,-40,-18,99
1739483294.3662477,-3,-86,-71
1739483294.4112475,-22,54,-42
1739483294.4572475,20,-105,45
1739483294.5032475,-30,-140,-14
1739483294.5492475,-19,-54,59
1739483294.5942476,8,-51,-22
1739483294.6402476,-59,-46,35
1739483294.6862476,-40,-130,5
1739483294.7312477,-19,-229,13
1739483294.7772477,40,167,-14
1739483294.8232474,-48,32,-3
1739483294.8692474,-19,130,0
1739483294.9142475,-32,-74,-7
1739483294.9602475,-46,-36,-47
1739483295.0062475,-6,-74,3
1739483295.0512476,7,-177,-49
1739483295.0972476,13,-81,1
1739483295.1432476,6,-9,6
1739483295.1892476,53,-117,-32
1739483295.2342474,28,-3,-180
1739483295.2802474,-7,-54,-115
1739483295.3262477,-27,-14,-45
1739483295.3712475,-32,30,-18
1739483295.4172475,54,-39,-95
1739483295.4632475,-12,-30,18
1739483295.5092475,-13,-105,110
1739483295.5542476,52,-67,-44
1739483295.6002476,-2,-130,-9
1739483295.6462476,-26,-8,-8
1739483295.6912477,2,-153,-40
1739483295.7372477,11,-39,-48
1739483295.7832477,66,-65,-26
1739483295.8292477,-53,-70,32
1739483295.8742476,12,-17,-64
1739483295.9202476,3,-70,48
1739483295.9662476,-58,-42,-53
1739483296.0112476,-23,-124,-51
1739483296.0572476,-40,-38,38
1739483296.1032476,2,-18,-2
1739483296.1492476,55,17,43
1739483296.1942475,45,-165,-74
1739483296.2402475,-46,0,26
1739483296.2862475,21,-51,59
1739483296.3312476,19,-46,-58
1739483296.3772476,-73,34,-125
1739483296.4232476,-53,-50,10
1739483296.4692476,42,-63,29
1739483296.5142477,-7,-68,86
1739483296.5602477,13,43,32
1739483296.6062477,45,-79,-11
1739483296.6512475,-10,-18,-9
1739483296.6972475,12,-120,6
1739483296.7432475,-6,72,-18
1739483296.7892475,-28,-72,79
1739483296.8342476,-37,-4,-70
1739483296.8802476,141,-65,-54
1739483296.9262476,-53,-66,-148
1739483296.9712474,-65,-24,13
1739483297.0172474,-62,2,-93
1739483297.0632474,-40,-106,28
1739483297.1092474,-29,106,-98
1739483297.1542475,-48,-24,-32
1739483297.2002475,-13,-58,-121
1739483297.2462475,25,3,-41
1739483297.2912476,-1,-14,-106
1739483297.3372476,-45,-50,-3
1739483297.3832476,-28,10,-85
1739483297.4292476,24,-147,-36
1739483297.4742477,-69,-24,-48
1739483297.5202477,25,9,-63
1739483297.5662477,28,-87,-6
1739483297.6112475,13,15,-28
1739483297.6572475,-26,18,29
1739483297.7032475,-1,18,1
1739483297.7492476,32,49,26
1739483297.7942476,140,-3,-104
1739483297.8402476,53,-49,-162
1739483297.8862476,0,55,-55
1739483297.9312477,-3,2,-9
1739483297.9772477,-27,-66,64
1739483298.0232477,13,-69,-22
1739483298.0692475,70,-93,49
1739483298.1142476,-8,-137,-60
1739483298.1602476,-17,-10,30
1739483298.2062476,24,-147,-2
1739483298.2512476,82,-149,-51
1739483298.2972476,0,12,-125
1739483298.3432477,-30,-30,-36
1739483298.3892477,-69,70,-35
1739483298.4342475,49,-15,17
1739483298.4802475,133,5,-5
1739483298.5262475,4,104,-161
1739483298.5712476,-32,-4,-71
1739483298.6172476,21,21,69
1739483298.6632476,-2,-64,-10
1739483298.7092476,-39,-16,23
1739483298.7542477,68,-15,-31
1739483298.8002477,15,21,13
1739483298.8462474,2,-10,-70
1739483298.8912475,-33,-66,-82
1739483298.9372475,102,-65,-25
1739483298.9832475,-39,-86,-60
1739483299.0292475,-48,2,-14
1739483299.0742476,-54,-82,-64
1739483299.1202476,-6,-62,-22
1739483299.1662476,-63,-92,64
1739483299.2112474,-6,-70,16
1739483299.2572474,27,-35,-10
1739483299.3032477,-34,76,21
1739483299.3492477,-26,-66,-58
1739483299.3942475,22,-83,123
1739483299.4402475,-29,-48,45
1739483299.4862475,-71,-24,29
1739483299.5312476,10,-71,15
1739483299.5772476,-21,-52,46
1739483299.6232476,8,-43,-3
1739483299.6692476,-13,-40,49
1739483299.7142477,-36,-26,28
1739483299.7602477,-65,-54,-89
1739483299.8062477,45,-53,-17
1739483299.8512475,3,7,42
1739483299.8972476,24,-59,-32
1739483299.9432476,66,-35,-71
1739483299.9892476,43,7,67
1739483300.0342476,48,25,20
1739483300.0802476,42,105,-59
1739483300.1262476,-32,52,31
1739483300.1712475,-41,82,-57
1739483300.2172475,-62,-52,-33
1739483300.2632475,-19,86,-38
1739483300.3092475,-60,-64,-105
1739483300.3542476,43,-53,-21
1739483300.4002476,68,-97,63
1739483300.4462476,69,79,67
1739483300.4912477,-13,-52,-24
1739483300.5372477,19,47,-9
1739483300.5832477,27,53,-26
1739483300.6292477,-14,-24,-2
1739483300.6742475,34,-67,-48
1739483300.7202475,-12,-130,-40
1739483300.7662475,27,-39,-16
1739483300.8112476,0,-90,-151
1739483300.8572476,48,-39,-79
1739483300.9032476,1,-50,-108
1739483300.9492476,0,-88,34
1739483300.9942474,-73,-116,0
1739483301.0402474,-24,-130,31
1739483301.0862474,-20,-66,-37
1739483301.1312475,62,-71,-62
1739483301.1772475,28,-69,52
1739483301.2232475,-34,-86,-121
1739483301.2692475,-17,-33,92
1739483301.3142476,42,-51,-46
1739483301.3602476,-18,-29,-18
1739483301.4062476,-18,-47,74
1739483301.4512477,0,-116,-74
1739483301.4972477,4,-120,6
1739483301.5432477,54,42,-73
1739483301.5892477,45,-80,-33
1739483301.6342475,-82,-37,-68
1739483301.6802475,-78,30,-20
1739483301.7262475,-2,-14,-38
1739483301.7712476,-119,-18,-92
1739483301.8172476,4,-28,-23
1739483301.8632476,-16,-35,5
1739483301.9092476,-34,-115,1
1739483301.9542477,64,51,33
1739483302.0002477,16,-41,70
1739483302.0462475,6,-85,-86
1739483302.0912476,1,-47,26
1739483302.1372476,-55,-4,-41
1739483302.1832476,-48,-56,35
1739483302.2292476,8,77,84
1739483302.2742476,-11,-126,-13
1739483302.3202477,-51,-60,-53
1739483302.3662477,-60,-40,-76
1739483302.4112475,9,49,48
1739483302.4572475,-12,-108,106
1739483302.5032475,-8,-14,-27
1739483302.5492475,-31,-72,9
1739483302.5942476,-28,-122,-2
1739483302.6402476,-46,8,-23
1739483302.6862476,38,1,-68
1739483302.7312477,9,-69,102
1739483302.7772477,0,-82,-131
1739483302.8232474,35,24,-74
1739483302.8692474,-28,-33,-65
1739483302.9142475,-20,-49,-59
1739483302.9602475,-56,-42,-42
1739483303.0062475,-19,6,-93
1739483303.0512476,-26,-66,-31
1739483303.0972476,-28,106,0
1739483303.1432476,-9,-10,0
1739483303.1892476,-86,-36,-245
1739483303.2342474,-46,36,0
1739483303.2802474,29,41,-77
1739483303.3262477,17,-53,12
1739483303.3712475,-61,38,-23
1739483303.4172475,44,71,95
1739483303.4632475,-67,-76,29
1739483303.5092475,-94,-78,35
1739483303.5542476,-64,30,-150
1739483303.6002476,55,-7,-26
1739483303.6462476,73,-63,-107
1739483303.6972475,20,35,-13
1739483303.7432475,-83,-60,-80
1739483303.7892475,-39,-16,-31
1739483303.8342476,68,-35,59
1739483303.8802476,63,23,-59
1739483303.9262476,17,-17,-41
1739483303.9712474,-42,12,79
1739483304.0172474,-61,-84,32
1739483304.0632474,36,81,15
1739483304.1092474,-8,-90,26
1739483304.1542475,78,-39,-41
1739483304.2002475,20,39,-56
1739483304.2462475,19,-5,-38
1739483304.2912476,-64,-144,-137
1739483304.3372476,-11,-6,65
1739483304.3832476,60,-63,52
1739483304.4292476,51,-103,-73
1739483304.4742477,35,-85,-108
1739483304.5202477,0,-160,-10
1739483304.5662477,33,57,-78
1739483304.6112475,33,-5,-22
1739483304.6572475,-6,-16,24
1739483304.7032475,-43,-50,-30
1739483304.7492476,-76,-6,11
1739483304.7942476,-1,-73,-29
1739483304.8402476,9,17,-44
1739483304.8862476,54,-71,-25
1739483304.9312477,-2,-135,-119
1739483304.9772477,49,-67,-42
1739483305.0232477,19,-61,42
1739483305.0692475,-35,-14,-26
1739483305.1142476,-56,10,7
1739483305.1602476,-89,-58,-55
1739483305.2062476,-22,-90,-6
1739483305.2512476,66,-131,-65
1739483305.2972476,79,-43,-102
1739483305.3432477,78,53,-5
1739483305.3892477,54,7,17
1739483305.4342475,18,-73,-30
1739483305.4802475,77,19,-35
1739483305.5262475,33,-39,-202
1739483305.5712476,16,-89,-22
1739483305.6172476,-1,14,-13
1739483305.6632476,-8,92,-119
1739483305.7092476,-18,-182,-52
1739483305.7542477,13,93,3
1739483305.8002477,14,45,-23
1739483305.8462474,72,-17,-82
1739483305.8912475,20,-29,-43
1739483305.9372475,27,-103,-90
1739483305.9832475,-88,91,-160
1739483306.0292475,-4,-7,-134
1739483306.0742476,27,-56,9
1739483306.1202476,27,-80,-118
1739483306.1662476,-9,-64,4
1739483306.2112474,24,46,20
1739483306.2572474,-14,-50,-66
1739483306.3032477,22,-39,-18
1739483306.3492477,44,51,-51
1739483306.3942475,33,-11,-106
1739483306.4402475,-16,-85,-26
1739483306.4862475,-46,-58,3
1739483306.5312476,46,-57,-4
1739483306.5772476,5,-12,85
1739483306.6232476,23,53,-27
1739483306.6692476,-50,-84,-27
1739483306.7142477,-47,-44,48
1739483306.7602477,-28,-60,3
1739483306.8062477,0,131,48
1739483306.8512475,-28,29,5
1739483306.8972476,94,-26,69
1739483306.9432476,14,54,17
1739483306.9892476,-34,-111,-7
1739483307.0342476,22,-90,-37
1739483307.0802476,-22,71,-2
1739483307.1262476,-5,-178,-29
1739483307.1712475,-9,53,-71
1739483307.2172475,39,-18,-43
1739483307.2632475,-34,-15,-40
1739483307.3092475,7,-7,6
1739483307.3542476,-139,-26,-166
1739483307.4002476,-11,-92,-47
1739483307.4462476,53,69,-13
1739483307.4912477,-39,-32,-27
1739483307.5372477,57,-71,-54
1739483307.5832477,-9,-2,-27
1739483307.6292477,-21,-21,-52
1739483307.6742475,10,-9,-55
1739483307.7202475,46,-10,83
1739483307.7662475,11,40,-43
1739483307.8112476,-37,-71,-1
1739483307.8572476,27,-92,76
1739483307.9032476,63,-74,0
1739483307.9492476,20,-48,15
1739483307.9942474,-21,-108,-27
1739483308.0402474,18,53,-14
1739483308.0862474,-54,-66,-74
1739483308.1312475,-27,16,-84
1739483308.1772475,-43,-32,4
1739483308.2232475,14,48,-74
1739483308.2692475,-79,-146,37
1739483308.3142476,-12,15,-88
1739483308.3602476,-66,-62,61
1739483308.4062476,-35,-78,28
1739483308.4512477,21,-23,2
1739483308.4972477,31,71,-61
1739483308.5432477,20,-161,1
1739483308.5892477,-26,-90,17
1739483308.6342475,45,-7,-62
1739483308.6802475,3,-129,-56
1739483308.7262475,-18,-67,38
1739483308.7712476,37,42,-106
1739483308.8172476,41,-53,-79
1739483308.8632476,-28,-153,13
1739483308.9092476,-11,-69,0
1739483308.9542477,-40,-57,-170
1739483309.0002477,113,-92,-125
1739483309.0462475,0,65,-42
1739483309.0912476,16,-88,36
1739483309.1372476,-41,47,-54
1739483309.1832476,-27,81,45
1739483309.2292476,-29,74,-64
1739483309.2742476,0,-53,122
1739483309.3202477,30,-101,35
1739483309.3662477,37,-5,0
1739483309.4112475,7,-135,-69
1739483309.4572475,41,-87,-102
1739483309.5032475,11,-68,50
1739483309.5492475,-52,-27,39
1739483309.5942476,-23,-27,6
1739483309.6402476,75,-20,-92
1739483309.6862476,0,-1,-87
1739483309.7312477,-75,113,-29
1739483309.7772477,-9,143,-43
1739483309.8232474,6,-76,-103
1739483309.8692474,-120,-121,-98
1739483309.9142475,41,-12,-5
1739483309.9602475,22,-44,-83
1739483310.0062475,-13,-35,-49
1739483310.0512476,33,4,-67
1739483310.0972476,0,26,-71
1739483310.1432476,6,93,140
1739483310.1892476,60,-32,25
1739483310.2342474,31,-106,71
1739483310.2802474,-2,-66,-148
1739483310.3262477,19,-67,31
1739483310.3712475,56,-36,62
1739483310.4172475,-11,59,-3
1739483310.4632475,28,-220,-103
1739483310.5092475,-51,57,-19
1739483310.5542476,-18,-75,-83
1739483310.6002476,61,-122,22
1739483310.6462476,-98,23,5
1739483310.6912477,-35,-107,-25
1739483310.7372477,-92,-61,22
1739483310.7832477,0,-31,-121
1739483310.8292477,21,-108,-90
1739483310.8742476,-48,-119,-107
1739483310.9202476,86,12,-117
1739483310.9662476,7,-68,-13
1739483311.0112476,-42,-49,24
1739483311.0572476,-28,-89,5
1739483311.1032476,-33,-39,82
1739483311.1492476,7,-16,-116
1739483311.1942475,-16,-57,-7
1739483311.2402475,77,-88,35
1739483311.2862475,-62,-107,8
1739483311.3312476,-1,-50,-100
1739483311.3772476,1,-74,-16
1739483311.4232476,19,-46,3
1739483311.4692476,-58,-33,-70
1739483311.5142477,-29,-113,4
1739483311.5602477,-54,35,83
1739483311.6062477,-63,-23,25
1739483311.6512475,6,-95,-42
1739483311.6972475,5,-3,-14
1739483311.7432475,-75,-59,-93
1739483311.7892475,21,-30,-3
1739483311.8342476,-15,-47,-19
1739483311.8802476,-35,0,-24
1739483311.9262476,15,-100,-37
1739483311.9712474,65,-40,12
1739483312.0172474,26,-1,-15
1739483312.0632474,4,5,47
1739483312.1092474,-41,76,-86
1739483312.1542475,-62,-84,-25
1739483312.2002475,-8,-8,-30
1739483312.2462475,34,-57,-68
1739483312.2912476,-6,56,-160
1739483312.3372476,64,5,-26
1739483312.3832476,-108,-83,2
1739483312.4292476,0,-150,-71
1739483312.4742477,-1,-87,-39
1739483312.5202477,62,-14,-83
1739483312.5662477,-25,-25,-17
1739483312.6112475,0,-26,136
1739483312.6572475,-3,-53,-118
1739483312.7032475,-27,-91,-42
1739483312.7492476,-37,-33,-61
1739483312.7942476,-100,-29,44
1739483312.8402476,-49,3,-19
1739483312.8862476,-54,-55,-42
1739483312.9312477,13,-39,-40
1739483312.9772477,-31,37,8
1739483313.0232477,69,-12,-2
1739483313.0692475,-106,3,-83
1739483313.1142476,15,-8,-186
1739483313.1602476,27,72,27
1739483313.2062476,-21,27,-144
1739483313.2512476,21,-37,13
1739483313.2972476,1,-45,-5
1739483313.3432477,42,-35,-112
1739483313.3892477,42,21,-58
1739483313.4342475,-46,-20,17
1739483313.4802475,-30,-62,-15
1739483313.5262475,-4,-29,5
1739483313.5712476,0,-58,17
1739483313.6172476,21,57,61
1739483313.6632476,-13,50,-200
1739483313.7142477,-51,-108,-60
1739483313.7602477,-38,-8,12
1739483313.8062477,48,-49,-131
1739483313.8512475,-6,4,-29
1739483313.8972476,-27,-128,-90
1739483313.9432476,9,89,-46
1739483313.9892476,1,33,-53
1739483314.0342476,-18,-138,0
1739483314.0802476,51,-95,-94
1739483314.1262476,-33,-4,-13
1739483314.1712475,-25,-64,-15
1739483314.2172475,41,47,-39
1739483314.2632475,22,-91,63
1739483314.3092475,-46,-146,51
1739483314.3542476,-66,46,5
1739483314.4002476,34,-47,-73
1739483314.4462476,-44,-26,12
1739483314.4912477,-47,-70,-80
1739483314.5372477,-9,24,-18
1739483314.5832477,37,-59,-8
1739483314.6292477,14,-17,-98
1739483314.6742475,-11,20,-137
1739483314.7202475,3,17,19
1739483314.7662475,-63,67,-23
1739483314.8112476,-19,-53,-49
1739483314.8572476,-29,-27,46
1739483314.9032476,-58,-163,114
1739483314.9492476,-162,-57,-108
1739483314.9942474,8,-108,-15
1739483315.0402474,-4,-121,5
1739483315.0862474,-8,0,-39
1739483315.1312475,99,-58,-21
1739483315.1772475,-74,-65,3
1739483315.2232475,104,-52,-40
1739483315.2692475,-14,23,-68
1739483315.3142476,-5,-11,-63
1739483315.3602476,28,-22,-58
1739483315.4062476,2,61,12
1739483315.4512477,-52,9,-29
1739483315.4972477,72,-38,9
1739483315.5432477,12,72,99
1739483315.5892477,28,44,47
1739483315.6342475,24,-12,17
1739483315.6802475,79,8,6
1739483315.7262475,45,-30,-57
1739483315.7712476,-37,0,53
1739483315.8172476,23,-14,44
1739483315.8632476,5,55,-18
1739483315.9092476,-84,-67,-18
1739483315.9542477,-2,133,-41
1739483316.0002477,-31,25,36
1739483316.0462475,42,-64,-4
1739483316.0912476,-72,-135,-32
1739483316.1372476,33,-183,-27
1739483316.1832476,-1,-26,77
1739483316.2292476,9,-125,-106
1739483316.2742476,86,32,0
1739483316.3202477,58,-28,3
1739483316.3662477,16,104,-12
1739483316.4112475,35,36,54
1739483316.4572475,50,66,-50
1739483316.5032475,6,-190,-116
1739483316.5492475,-106,-65,-71
1739483316.5942476,-35,19,5
1739483316.6402476,6,30,1
1739483316.6862476,-58,61,-87
1739483316.7312477,85,-136,-153
1739483316.7772477,-32,-25,-62
1739483316.8232474,43,-82,-40
1739483316.8692474,-35,37,20
1739483316.9142475,-37,-147,0
1739483316.9602475,-55,-37,-18
1739483317.0062475,15,6,23
1739483317.0512476,35,-151,-52
1739483317.0972476,50,-72,44
1739483317.1432476,-11,11,-97
1739483317.1892476,52,-82,-10
1739483317.2342474,3,-16,-67
1739483317.2802474,78,-72,-90
1739483317.3262477,-3,-130,0
1739483317.3712475,-34,-24,-119
1739483317.4172475,16,-74,68
1739483317.4632475,20,101,-82
1739483317.5092475,56,21,-33
1739483317.5542476,-14,140,-9
1739483317.6002476,-68,6,36
1739483317.6462476,3,-74,62
1739483317.6912477,-25,28,-140
1739483317.7372477,-6,-54,-223
1739483317.7832477,-8,31,0
1739483317.8292477,18,-111,-16
1739483317.8742476,43,-63,43
1739483317.9202476,-48,-64,-58
1739483317.9662476,-45,-92,-39
1739483318.0112476,24,-61,-1
1739483318.0572476,62,-5,-118
1739483318.1032476,9,-57,0
1739483318.1492476,-88,-2,111
1739483318.1942475,20,73,-44
1739483318.2402475,48,57,-80
1739483318.2862475,109,-35,38
1739483318.3312476,-27,-50,-62
1739483318.3772476,32,-3,-25
1739483318.4232476,74,-124,-8
1739483318.4692476,-9,-19,-87
1739483318.5142477,78,-90,12
1739483318.5602477,-28,7,-8
1739483318.6062477,-21,-87,-18
1739483318.6512475,7,1,-87
1739483318.6972475,-54,-61,110
1739483318.7432475,-7,32,-4
1739483318.7892475,-79,32,17
1739483318.8342476,87,77,48
1739483318.8802476,-2,72,30
1739483318.9262476,18,-73,-115
1739483318.9712474,20,-33,-82
1739483319.0172474,-1,59,28
1739483319.0632474,-40,-4,-111
1739483319.1092474,20,-155,41
1739483319.1542475,-8,-28,-84
1739483319.2002475,-35,-53,56
1739483319.2462475,37,-16,-98
1739483319.2912476,-31,-119,-30
1739483319.3372476,-16,-53,-21
1739483319.3832476,-26,-57,-101
1739483319.4282477,38,4,14
1739483319.4742477,13,-32,-33
1739483319.5202477,26,18,58
1739483319.5662477,70,10,-37
1739483319.6112475,-2,-49,27
1739483319.6572475,-46,95,-92
1739483319.7032475,-53,-71,-90
1739483319.7492476,43,-109,-4
1739483319.7942476,19,-59,-155
1739483319.8402476,-33,-47,-75
1739483319.8862476,-15,-23,33
1739483319.9312477,-88,31,16
1739483319.9772477,-49,-47,-83
1739483320.0232477,108,-40,-83
1739483320.0692475,20,-24,-82
1739483320.1142476,6,-14,-34
1739483320.1602476,-71,-137,-46
1739483320.2062476,-13,-133,-114
1739483320.2512476,-49,-166,-104
1739483320.2972476,1,-148,53
1739483320.3432477,-64,-153,-38
1739483320.3892477,-48,-169,-101
1739483320.4342475,15,-58,-46
1739483320.4802475,-48,52,-222
1739483320.5262475,35,-120,-35
1739483320.5712476,9,-133,66
1739483320.6172476,11,129,-26
1739483320.6632476,12,-69,-6
1739483320.7092476,-59,-9,-26
1739483320.7542477,-30,-75,-67
1739483320.8002477,26,-52,-7
1739483320.8452475,22,-150,-119
1739483320.8902476,-7,-109,-102
1739483320.9362476,-21,27,33
1739483320.9822476,3,-81,-120
1739483321.0272477,-67,-17,29
1739483321.0732474,-7,77,-168
1739483321.1192474,22,128,-41
1739483321.1652474,19,-68,-149
1739483321.2102475,-19,103,-119
1739483321.2562475,46,90,-36
1739483321.3022475,11,-12,2
1739483321.3472476,-70,31,-77
1739483321.3932476,-54,-91,83
1739483321.4392476,-26,-33,51
1739483321.4852476,-32,-14,-35
1739483321.5302474,-75,-80,-10
1739483321.5762477,-15,12,-84
1739483321.6222477,-43,50,40
1739483321.6672475,10,-160,-106
1739483321.7132475,27,15,25
1739483321.7592475,29,11,58
1739483321.8052475,-30,-79,-89
1739483321.8502476,21,47,-2
1739483321.8962476,41,-65,-47
1739483321.9422476,14,-78,-90
1739483321.9872477,1,-40,-63
1739483322.0332477,-15,-7,-135
1739483322.0792477,-24,-87,71
1739483322.1252477,-48,15,-91
1739483322.1702476,139,-158,-4
1739483322.2162476,27,-58,-32
1739483322.2622476,52,-63,44
1739483322.3072476,7,25,-156
1739483322.3532476,82,9,32
1739483322.3992476,-15,-55,-28
1739483322.4452477,7,39,-169
1739483322.4902475,48,58,65
1739483322.5362475,0,-88,-109
1739483322.5822475,68,-8,-14
1739483322.6272476,-60,-87,40
1739483322.6732476,21,-26,-78
1739483322.7192476,93,-114,123
1739483322.7652476,54,-28,-18
1739483322.8102477,-66,0,-21
1739483322.8562477,-18,3,-26
1739483322.9022477,-2,-18,-43
1739483322.9472475,-22,-41,-86
1739483322.9932475,-5,-22,-51
1739483323.0392475,-30,-51,-126
1739483323.0852475,-47,-11,-12
1739483323.1302476,-75,29,10
1739483323.1762476,15,80,-76
1739483323.2222476,92,-10,56
1739483323.2672474,-39,57,27
1739483323.3132474,17,24,3
1739483323.3592474,-21,-51,-106
1739483323.4052474,-118,-27,-170
1739483323.4502475,-78,-83,48
1739483323.4962475,-58,53,-31
1739483323.5422475,10,-94,-64
1739483323.5872476,39,-30,-39
1739483323.6332476,-26,-29,-133
1739483323.6792476,33,-62,106
1739483323.7302475,-28,99,-106
1739483323.7762475,65,-18,-58
1739483323.8222475,-42,-41,7
1739483323.8672476,38,40,-45
1739483323.9132476,-13,-37,39
1739483323.9592476,-40,-17,9
1739483324.0052476,-33,0,5
1739483324.0502477,-12,-1,-61
1739483324.0962474,-17,-55,8
1739483324.1422474,-39,-9,-40
1739483324.1872475,-8,19,54
1739483324.2332475,13,22,-13
1739483324.2792475,37,-46,35
1739483324.3252475,-13,-9,-49
1739483324.3702476,-6,5,-12
1739483324.4162476,-126,-61,6
1739483324.4622476,55,28,-163
1739483324.5072474,-11,-33,48
1739483324.5532477,39,-54,-110
1739483324.5992477,-71,21,-37
1739483324.6452477,-12,-13,0
1739483324.6902475,-2,101,42
1739483324.7362475,34,-82,-59
1739483324.7822475,-137,-93,-51
1739483324.8272476,22,34,63
1739483324.8732476,-11,-7,-80
1739483324.9192476,-6,1,-110
1739483324.9642477,-20,51,44
1739483325.0102477,31,50,-8
1739483325.0562477,10,24,-52
1739483325.1022477,-30,63,22
1739483325.1472476,23,-110,16
1739483325.1932476,81,52,21
1739483325.2392476,-68,33,185
1739483325.2842476,3,-98,-133
1739483325.3302476,25,14,-65
1739483325.3762476,-19,-37,66
1739483325.4222476,38,-66,-140
1739483325.4672475,31,-42,-115
1739483325.5132475,-55,37,-13
1739483325.5592475,20,-12,-23
1739483325.6042476,-16,-29,-12
1739483325.6502476,-29,1,31
1739483325.6962476,126,-24,58
1739483325.7422476,-28,-47,-114
1739483325.7872477,0,-22,-139
1739483325.8332477,-17,-47,0
1739483325.8792477,-25,-76,51
1739483325.9242475,-6,18,12
1739483325.9702475,5,54,-20
1739483326.0162475,4,16,-95
1739483326.0622475,-31,-149,28
1739483326.1072476,-98,-47,-15
1739483326.1532476,0,55,-165
1739483326.1992476,12,56,-4
1739483326.2442474,86,-20,-51
1739483326.2902474,-82,1,-25
1739483326.3362474,18,66,-18
1739483326.3822474,13,-18,-123
1739483326.4272475,-72,43,-1
1739483326.4732475,22,-20,55
1739483326.5192475,-73,-105,-135
1739483326.5642476,58,-162,-82
1739483326.6102476,20,-48,136
1739483326.6562476,-53,-97,89
1739483326.7022476,-21,-18,-4
1739483326.7472477,-48,-13,15
1739483326.7932477,46,-146,-45
1739483326.8392477,11,-18,-112
1739483326.8842475,21,-50,0
1739483326.9302475,9,106,-39
1739483326.9762475,-3,-62,0
1739483327.0222476,-7,-99,-64
1739483327.0672476,4,-76,47
1739483327.1132476,17,-20,52
1739483327.1592476,39,-4,12
1739483327.2042477,-31,7,-90
1739483327.2502477,-27,-35,-38
1739483327.2962475,-8,-51,-34
1739483327.3422475,66,30,41
1739483327.3872476,-21,-9,-23
1739483327.4332476,-70,51,-18
1739483327.4792476,-21,-73,-114
1739483327.5242476,-29,39,-57
1739483327.5702477,-51,-103,69
1739483327.6162477,-3,5,-164
1739483327.6622477,-77,-99,-27
1739483327.7072475,-62,17,-86
1739483327.7532475,-31,41,73
1739483327.7992475,21,22,0
1739483327.8442476,33,12,-79
1739483327.8902476,18,-100,-11
1739483327.9362476,-81,15,-27
1739483327.9822476,-27,-97,-127
1739483328.0272477,0,-8,-77
1739483328.0732474,-10,-19,-117
1739483328.1192474,-103,-31,-91
1739483328.1642475,52,-14,-65
1739483328.2102475,-36,109,-7
1739483328.2562475,45,-64,-7
1739483328.3022475,4,-114,-101
1739483328.3472476,-29,-83,29
1739483328.3932476,41,18,-118
1739483328.4392476,11,-31,36
1739483328.4842474,-58,-19,14
1739483328.5302474,-25,-31,-18
1739483328.5762477,16,-6,-85
1739483328.6222477,91,-152,24
1739483328.6672475,61,-36,-43
1739483328.7132475,73,0,-34
1739483328.7592475,-24,-15,17
1739483328.8042476,24,36,25
1739483328.8502476,31,-76,-3
1739483328.8962476,-37,-141,-3
1739483328.9422476,-44,-23,55
1739483328.9872477,-55,45,-12
1739483329.0332477,-8,-119,-119
1739483329.0792477,69,-74,-124
1739483329.1242476,30,-56,-58
1739483329.1702476,46,42,-15
1739483329.2162476,-67,-17,-27
1739483329.2622476,-1,-57,12
1739483329.3072476,-23,23,20
1739483329.3532476,19,34,-44
1739483329.3992476,-78,-11,-108
1739483329.4442475,20,-88,-139
1739483329.4902475,-27,-107,-96
1739483329.5362475,-48,-55,-136
1739483329.5822475,-62,9,22
1739483329.6272476,13,-24,132
1739483329.6732476,8,20,101
1739483329.7192476,28,-30,-73
1739483329.7642477,-50,-35,27
1739483329.8102477,-69,5,0
1739483329.8562477,93,-148,-5
1739483329.9022477,-7,-123,70
1739483329.9472475,49,76,-74
1739483329.9932475,1,-42,47
1739483330.0392475,-111,-25,-20
1739483330.0842476,-30,-39,-9
1739483330.1302476,-22,-97,93
1739483330.1762476,-16,39,-158
1739483330.2222476,31,28,-67
1739483330.2672474,9,12,4
1739483330.3132474,38,16,-14
1739483330.3592474,6,-81,-129
1739483330.4042475,-21,19,-24
1739483330.4502475,-10,33,-46
1739483330.4962475,20,46,-57
1739483330.5422475,29,-38,-47
1739483330.5872476,15,94,-197
1739483330.6332476,-30,-145,-40
1739483330.6792476,-23,11,41
1739483330.7242477,0,-24,-95
1739483330.7702477,10,24,-71
1739483330.8162477,5,100,-52
1739483330.8622477,-8,-85,-28
1739483330.9072475,4,50,14
1739483330.9532475,27,26,-73
1739483330.9992476,-74,59,-137
1739483331.0442476,-29,-71,-139
1739483331.0902476,-2,-73,-88
1739483331.1362476,-36,-45,-77
1739483331.1822476,-26,-5,-120
1739483331.2272477,-39,-11,22
1739483331.2732477,-19,-31,7
1739483331.3192475,22,-52,15
1739483331.3642476,-15,87,-65
1739483331.4102476,86,58,62
1739483331.4562476,-24,-45,43
1739483331.5022476,-20,-23,-157
1739483331.5472476,37,20,-72
1739483331.5932477,-4,5,-58
1739483331.6392477,-33,71,107
1739483331.6842475,-4,-14,49
1739483331.7302475,66,34,-78
1739483331.7762475,-29,-51,-171
1739483331.8222475,-9,-23,79
1739483331.8672476,-14,-47,86
1739483331.9132476,88,16,6
1739483331.9592476,28,-118,-13
1739483332.0042477,13,22,-10
1739483332.0502477,-82,-131,4
1739483332.0962474,49,-84,-91
1739483332.1422474,38,-114,-126
1739483332.1872475,-37,-27,-10
1739483332.2332475,-45,-47,-20
1739483332.2792475,-41,89,-73
1739483332.3242476,-7,-52,18
1739483332.3702476,-26,33,-32
1739483332.4162476,-17,-13,15
1739483332.4622476,-101,-81,-70
1739483332.5072474,56,-80,-50
1739483332.5532477,-61,-17,-133
1739483332.5992477,0,9,-78
1739483332.6442475,24,-118,20
1739483332.6902475,22,40,-35
1739483332.7362475,-58,-197,-65
1739483332.7822475,54,-16,-47
1739483332.8272476,-20,-43,-50
1739483332.8732476,0,-69,-43
1739483332.9192476,19,-60,-146
1739483332.9642477,28,-85,-47
1739483333.0102477,56,-12,6
1739483333.0562477,26,42,-86
1739483333.1022477,-17,15,-49
1739483333.1472476,0,77,-67
1739483333.1932476,21,-92,-83
1739483333.2392476,18,-72,-58
1739483333.2842476,-26,-89,-133
1739483333.3302476,39,0,-24
1739483333.3762476,-20,-12,-14
1739483333.4222476,11,-149,96
1739483333.4672475,45,-7,51
1739483333.5132475,-16,18,-145
1739483333.5592475,3,-6,-68
1739483333.6042476,-83,-78,-5
1739483333.6502476,0,40,14
1739483333.7022476,23,-13,1
1739483333.7472477,37,103,-32
1739483333.7932477,39,99,-21
1739483333.8392477,-12,-88,-13
1739483333.8842475,-54,-48,-101
1739483333.9302475,16,21,52
1739483333.9762475,-118,20,-1
1739483334.0222476,29,-73,-35
1739483334.0672476,3,58,-113
1739483334.1132476,13,15,-32
1739483334.1592476,9,-6,-22
1739483334.2042477,-62,-68,-105
1739483334.2502477,31,-63,-97
1739483334.2962475,63,-147,-56
1739483334.3422475,9,1,-27
1739483334.3872476,21,-54,-29
1739483334.4332476,63,55,-6
1739483334.4792476,86,87,-84
1739483334.5242476,-39,86,2
1739483334.5702477,10,-137,-74
1739483334.6162477,-5,68,-83
1739483334.6622477,-14,32,-126
1739483334.7072475,15,-25,-141
1739483334.7532475,3,-85,-21
1739483334.7992475,-86,-28,0
1739483334.8442476,-5,-82,14
1739483334.8902476,23,-69,-124
1739483334.9362476,-36,120,-74
1739483334.9822476,37,-9,-61
1739483335.0272477,108,-11,-17
1739483335.0732474,-43,-54,-85
1739483335.1192474,-13,-26,-146
1739483335.1642475,-75,8,-95
1739483335.2102475,67,-105,-58
1739483335.2562475,-69,-64,-36
1739483335.3022475,25,-19,-42
1739483335.3472476,61,19,-39
1739483335.3932476,-50,-12,-53
1739483335.4392476,-1,-21,-132
1739483335.4842474,42,-87,-77
1739483335.5302474,-4,10,62
1739483335.5762477,60,39,56
1739483335.6222477,-5,8,-68
1739483335.6672475,50,-141,-40
1739483335.7132475,-8,62,-102
1739483335.7592475,0,56,25
1739483335.8042476,62,-53,-42
1739483335.8502476,44,29,42
1739483335.8962476,29,-29,2
1739483335.9422476,114,-117,-63
1739483335.9872477,-126,-2,-90
1739483336.0332477,-77,48,-54
1739483336.0792477,-39,10,-57
1739483336.1242476,-12,-54,-19
1739483336.1702476,-6,-106,28
1739483336.2162476,-40,18,100
1739483336.2622476,22,11,-39
1739483336.3072476,53,17,19
1739483336.3532476,-6,-22,34
1739483336.3992476,15,25,-55
1739483336.4442475,0,-25,-125
1739483336.4902475,41,-73,-57
1739483336.5362475,-80,-26,-98
1739483336.5822475,-111,-184,14
1739483336.6272476,-2,73,-10
1739483336.6732476,-11,-66,153
1739483336.7192476,59,-97,57
1739483336.7642477,-75,0,-12
1739483336.8102477,-64,22,-38
1739483336.8562477,-37,-60,-30
1739483336.9022477,-39,-86,-89
1739483336.9472475,29,-39,-5
1739483336.9932475,92,105,-130
1739483337.0392475,26,-9,-57
1739483337.0842476,18,-57,74
1739483337.1302476,80,-121,-36
1739483337.1762476,59,27,-40
1739483337.2222476,52,-3,71
1739483337.2672474,-34,44,-25
1739483337.3132474,-44,-194,7
1739483337.3592474,49,-65,5
1739483337.4042475,-60,-74,-33
1739483337.4502475,49,-7,-41
1739483337.4962475,12,33,-43
1739483337.5422475,-17,26,64
1739483337.5872476,18,11,36
1739483337.6332476,-51,58,-79
1739483337.6792476,50,-217,-31
1739483337.7242477,30,13,-1
1739483337.7702477,61,55,83
1739483337.8162477,-57,-58,29
1739483337.8622477,-30,-68,-115
1739483337.9072475,-27,-34,54
1739483337.9532475,8,-39,-53
1739483337.9992476,-34,-18,-118
1739483338.0442476,-43,-4,-55
1739483338.0902476,-78,136,-117
1739483338.1362476,-16,54,33
1739483338.1822476,25,-53,9
1739483338.2272477,27,97,-57
1739483338.2732477,39,-29,-68
1739483338.3192475,-31,-112,-24
1739483338.3642476,-31,-46,-71
1739483338.4102476,-61,32,-31
1739483338.4562476,36,47,6
1739483338.5022476,15,-13,-8
1739483338.5472476,-26,-86,-48
1739483338.5932477,-15,10,-49
1739483338.6392477,8,-105,-40
1739483338.6842475,25,-35,36
1739483338.7302475,53,-41,8
1739483338.7762475,2,111,-53
1739483338.8222475,57,-105,3
1739483338.8672476,-63,-2,-49
1739483338.9132476,-30,-36,-137
1739483338.9592476,26,-229,0
1739483339.0042477,-18,-112,22
1739483339.0502477,54,-41,-73
1739483339.0962474,-23,62,-12
1739483339.1422474,-44,-2,40
1739483339.1872475,0,12,-55
1739483339.2332475,-31,-12,115
1739483339.2792475,4,0,-36
1739483339.3242476,27,-29,-4
1739483339.3702476,77,5,-63
1739483339.4162476,44,-71,-19
1739483339.4622476,6,66,-40
1739483339.5072474,26,-17,-24
1739483339.5532477,27,-33,-80
1739483339.5992477,22,-57,-92
1739483339.6442475,-71,-114,-74
1739483339.6902475,-34,-84,-19
1739483339.7362475,-144,102,-61
1739483339.7822475,1,-90,-8
1739483339.8272476,-62,-88,70
1739483339.8732476,-65,-32,-99
1739483339.9192476,20,-19,-93
1739483339.9642477,-32,-28,15
1739483340.0102477,68,35,0
1739483340.0562477,43,-71,-82
1739483340.1022477,34,-5,-67
1739483340.1472476,33,-105,86
1739483340.1932476,54,-53,48
1739483340.2392476,-53,-66,20
1739483340.2842476,41,-87,-72
1739483340.3302476,66,-83,-91
1739483340.3762476,14,-17,49
1739483340.4222476,-35,-36,23
1739483340.4672475,-37,-50,-68
1739483340.5132475,37,-41,-82
1739483340.5592475,-26,-88,0
1739483340.6042476,92,-45,5
1739483340.6502476,-59,-16,-2
1739483340.6962476,62,-43,-89
1739483340.7422476,-28,64,20
1739483340.7872477,47,27,-84
1739483340.8332477,-16,-14,20
1739483340.8792477,-59,-52,64
1739483340.9242475,28,9,-97
1739483340.9702475,-2,10,-83
1739483341.0162475,18,-103,-33
1739483341.0622475,-26,-112,-132
1739483341.1072476,33,-39,98
1739483341.1532476,-54,-94,-88
1739483341.1992476,66,-137,-102
1739483341.2442474,-42,0,-56
1739483341.2902474,-77,-64,-90
1739483341.3362474,35,-37,-115
1739483341.3822474,-49,-146,-23
1739483341.4272475,-10,-42,-77
1739483341.4732475,71,-3,-33
1739483341.5192475,31,59,-1
1739483341.5642476,48,-69,17
1739483341.6102476,26,-121,13
1739483341.6562476,9,-151,-29
1739483341.7022476,12,-195,46
1739483341.7472477,26,-153,-8
1739483341.7932477,4,-49,-65
1739483341.8392477,9,31,-118
1739483341.8842475,36,-127,5
1739483341.9302475,20,37,-29
1739483341.9762475,89,-145,-101
1739483342.0222476,21,57,-63
1739483342.0672476,-116,-94,-10
1739483342.1132476,-32,-84,-11
1739483342.1592476,-45,-116,-89
1739483342.2042477,2,-35,-81
1739483342.2502477,28,-69,21
1739483342.2962475,-51,24,-212
1739483342.3422475,-96,-44,-88
1739483342.3872476,-109,-56,-58
1739483342.4332476,-6,24,-25
1739483342.4792476,11,-105,-16
1739483342.5242476,-102,-44,-9
1739483342.5702477,66,19,-62
1739483342.6162477,3,-95,-58
1739483342.6622477,5,-125,37
1739483342.7072475,-45,-92,-3
1739483342.7532475,31,-5,-131
1739483342.7992475,-13,36,-16
1739483342.8442476,12,-39,-34
1739483342.8902476,55,9,25
1739483342.9362476,-57,56,-96
1739483342.9822476,53,-23,29
1739483343.0272477,-58,-36,53
1739483343.0732474,9,-105,98
1739483343.1192474,-10,-58,-40
1739483343.1642475,-44,-34,-25
1739483343.2102475,-62,-32,25
1739483343.2562475,59,-105,-57
1739483343.3022475,-7,48,78
1739483343.3472476,-9,-45,-48
1739483343.3932476,50,17,-52
1739483343.4392476,50,43,41
1739483343.4842474,0,-63,-92
1739483343.5302474,-37,38,-80
1739483343.5762477,-77,-60,-46
1739483343.6222477,14,-25,-8
1739483343.6672475,-71,-50,25
1739483343.7192476,-42,-110,-38
1739483343.7642477,-18,22,-82
1739483343.8102477,70,-27,-65
1739483343.8562477,-17,34,-119
1739483343.9022477,31,-55,0
1739483343.9472475,44,-113,30
1739483343.9932475,-29,-26,-103
1739483344.0392475,-31,-40,-124
1739483344.0842476,-3,-82,17
1739483344.1302476,-9,-22,-10
1739483344.1762476,-4,7,-6
1739483344.2222476,29,-139,-6
1739483344.2672474,-10,-46,-9
1739483344.3132474,16,-45,-50
1739483344.3592474,4,31,-75
1739483344.4042475,-32,-34,-14
1739483344.4502475,1,13,-104
1739483344.4962475,9,-17,88
1739483344.5422475,-26,-10,42
1739483344.5872476,-106,38,-76
1739483344.6332476,-6,-56,-18
1739483344.6792476,-18,-26,118
1739483344.7242477,47,31,-154
1739483344.7702477,-44,2,-19
1739483344.8162477,-1,-12,-100
1739483344.8622477,46,65,-60
1739483344.9072475,12,-137,76
1739483344.9532475,21,-47,-81
1739483344.9992476,8,-11,-101
1739483345.0442476,13,-19,35
1739483345.0902476,-2,38,-26
1739483345.1362476,29,-115,46
1739483345.1822476,84,-1,10
1739483345.2272477,28,-201,-81
1739483345.2732477,36,-27,-58
1739483345.3192475,-36,-46,100
1739483345.3642476,33,-13,-58
1739483345.4102476,-8,-36,-20
1739483345.4562476,48,45,-47
1739483345.5022476,-59,12,79
1739483345.5472476,42,-23,17
1739483345.5932477,-19,-94,14
1739483345.6392477,-9,-64,-98
1739483345.6842475,-70,-184,-67
1739483345.7302475,-72,-28,-104
1739483345.7762475,12,47,-95
1739483345.8222475,11,89,-103
1739483345.8672476,32,-39,36
1739483345.9132476,-47,-28,7
1739483345.9592476,-78,18,-7
1739483346.0042477,-86,-96,-63
1739483346.0502477,-29,-40,-128
1739483346.0962474,-12,-1,35
1739483346.1422474,-37,36,-60
1739483346.1872475,-43,-54,8
1739483346.2332475,-66,-126,27
1739483346.2792475,52,-41,27
1739483346.3242476,-59,8,-66
1739483346.3702476,-21,32,-121
1739483346.4162476,-37,-58,-34
1739483346.4622476,22,-11,-28
1739483346.5072474,-16,-4,-102
1739483346.5532477,-29,-126,-22
1739483346.5992477,41,-93,58
1739483346.6442475,-33,50,89
1739483346.6902475,30,25,-10
1739483346.7362475,32,-69,-53
1739483346.7822475,-60,46,-125
1739483346.8272476,21,-91,71
1739483346.8732476,-30,-124,61
1739483346.9192476,78,51,-71
1739483346.9642477,-64,-38,-10
1739483347.0102477,1,17,-162
1739483347.0562477,12,-52,-25
1739483347.1022477,-20,4,-137
1739483347.1472476,-40,-70,29
1739483347.1932476,-27,-70,12
1739483347.2392476,2,-135,-106
1739483347.2842476,62,-155,-128
1739483347.3302476,18,-112,-71
1739483347.3762476,-11,35,7
1739483347.4222476,-8,-34,-43
1739483347.4672475,-65,33,-53
1739483347.5132475,-3,0,-87
1739483347.5592475,-34,6,-48
1739483347.6042476,-4,-106,-51
1739483347.6502476,65,-1,-66
1739483347.6962476,-19,-56,-59
1739483347.7422476,14,-101,6
1739483347.7872477,-24,76,-40
1739483347.8332477,36,-79,-32
1739483347.8792477,16,-59,-73
1739483347.9242475,-26,10,-90
1739483347.9702475,-57,29,-135
1739483348.0162475,85,-140,-41
1739483348.0622475,19,0,-69
1739483348.1072476,-24,-125,-29
1739483348.1532476,0,-70,-3
1739483348.1992476,-30,-191,-87
1739483348.2442474,18,-34,-53
1739483348.2902474,-52,65,43
1739483348.3362474,-99,-5,11
1739483348.3822474,46,-37,129
1739483348.4272475,-5,-88,75
1739483348.4732475,11,39,-3
1739483348.5192475,143,-59,-90
1739483348.5642476,-45,24,-36
1739483348.6102476,0,26,-22
1739483348.6562476,33,43,74
1739483348.7022476,-62,8,-16
1739483348.7472477,18,111,-76
1739483348.7932477,-84,-58,-100
1739483348.8392477,-1,-87,95
1739483348.8842475,16,-53,45
1739483348.9302475,55,1,-112
1739483348.9762475,42,-7,5
1739483349.0222476,78,17,83
1739483349.0672476,-30,48,-64
1739483349.1132476,-42,-112,20
1739483349.1592476,28,17,-66
1739483349.2042477,26,35,-7
1739483349.2502477,14,15,-93
1739483349.2962475,25,-23,39
1739483349.3422475,15,-64,15
1739483349.3872476,-4,12,-88
1739483349.4332476,5,-206,-53
1739483349.4792476,-63,-10,-69
1739483349.5242476,77,-117,74
1739483349.5702477,-22,-64,-82
1739483349.6162477,1,29,-32
1739483349.6622477,23,51,-62
1739483349.7072475,58,25,-45
1739483349.7532475,33,-136,-38
1739483349.7992475,57,-40,-53
1739483349.8442476,-6,-73,0
1739483349.8902476,-18,-62,-68
1739483349.9362476,-34,-102,-72
1739483349.9822476,13,-36,36
1739483350.0272477,38,-36,0
1739483350.0732474,42,56,63
1739483350.1192474,-9,-79,36
1739483350.1642475,-18,33,-124
1739483350.2102475,18,12,35
1739483350.2562475,38,-96,57
1739483350.3022475,4,-69,90
1739483350.3472476,8,-44,-2
1739483350.3932476,57,-26,-21
1739483350.4392476,24,-47,-58
1739483350.4842474,0,-35,107
1739483350.5302474,-21,25,-40
1739483350.5762477,87,12,-50
1739483350.6222477,81,12,-18
1739483350.6672475,-17,54,-74
1739483350.7132475,-1,69,7
1739483350.7592475,-28,-48,-70
1739483350.8042476,-68,-110,26
1739483350.8502476,-51,-149,-135
1739483350.8962476,-18,-63,-48
1739483350.9422476,-50,-20,-130
1739483350.9872477,31,-71,-58
1739483351.0332477,24,-31,57
1739483351.0792477,-42,-110,-15
1739483351.1242476,-47,44,-101
1739483351.1702476,91,-78,-140
1739483351.2162476,44,176,-104
1739483351.2622476,5,-16,-127
1739483351.3072476,23,-22,-59
1739483351.3532476,-4,29,-8
1739483351.3992476,12,-14,-46
1739483351.4442475,52,-60,-32
1739483351.4902475,49,66,-54
1739483351.5362475,-23,59,-45
1739483351.5822475,-91,21,-59
1739483351.6272476,-59,65,51
1739483351.6732476,-36,-25,24
1739483351.7192476,98,-54,42
1739483351.7642477,8,-98,-3
1739483351.8102477,12,-68,-74
1739483351.8562477,38,78,-19
1739483351.9022477,-20,-78,26
1739483351.9472475,1,-12,-74
1739483351.9932475,-5,-29,-12
1739483352.0392475,-1,0,-8
1739483352.0842476,41,-72,53
1739483352.1302476,6,49,-131
1739483352.1762476,-47,-73,76
1739483352.2222476,-20,-142,-57
1739483352.2672474,43,-81,-115
1739483352.3132474,-32,82,36
1739483352.3592474,6,-116,-118
1739483352.4042475,4,-60,47
1739483352.4502475,-48,-108,7
1739483352.4962475,-9,-101,86
1739483352.5422475,-30,-6,53
1739483352.5872476,-27,-34,43
1739483352.6332476,-29,22,-55
1739483352.6792476,33,126,-118
1739483352.7242477,18,-64,-144
1739483352.7702477,-1,-56,74
1739483352.8162477,-38,-64,138
1739483352.8622477,-28,-26,-123
1739483352.9072475,10,-136,-26
1739483352.9532475,-55,-13,-148
1739483352.9992476,67,-45,28
1739483353.0442476,-34,-164,-9
1739483353.0902476,-36,-59,-48
1739483353.1362476,-41,-80,79
1739483353.1822476,-114,-30,-172
1739483353.2272477,13,-44,72
1739483353.2732477,35,-3,-12
1739483353.3192475,-38,-88,74
1739483353.3642476,90,3,-77
1739483353.4102476,-18,76,60
1739483353.4562476,-17,-40,-36
1739483353.5022476,-29,-100,36
1739483353.5472476,-17,-78,-40
1739483353.5932477,23,-147,80
1739483353.6392477,22,-5,-37
1739483353.6842475,-48,-13,9
1739483353.7362475,29,-18,-56
1739483353.7822475,2,74,-15
1739483353.8272476,14,54,-91
1739483353.8732476,19,61,60
1739483353.9192476,-30,32,-159
1739483353.9642477,29,-64,45
1739483354.0102477,76,-19,34
1739483354.0562477,-10,35,-129
1739483354.1022477,-51,32,-21
1739483354.1472476,-75,-33,-60
1739483354.1932476,48,0,22
1739483354.2392476,29,49,-36
1739483354.2842476,-43,139,-61
1739483354.3302476,53,-76,-93
1739483354.3762476,-21,63,-15
1739483354.4222476,-85,49,-43
1739483354.4672475,-111,57,-88
1739483354.5132475,-19,-49,-28
1739483354.5592475,31,-120,-59
1739483354.6042476,-17,10,-135
1739483354.6502476,52,-74,1
1739483354.6962476,-28,79,-21
1739483354.7422476,-9,112,-43
1739483354.7872477,87,62,-34
1739483354.8332477,32,14,-26
1739483354.8792477,65,72,-9
1739483354.9242475,103,-145,-156
1739483354.9702475,10,-114,-22
1739483355.0162475,-86,-164,-2
1739483355.0622475,10,-44,-17
1739483355.1072476,77,-109,-133
1739483355.1532476,0,81,-39
1739483355.1992476,-115,68,-95
1739483355.2442474,-47,-28,-184
1739483355.2902474,16,-70,-76
1739483355.3362474,8,-77,76
1739483355.3822474,-28,-106,37
1739483355.4272475,-47,-6,79
1739483355.4732475,-52,4,44
1739483355.5192475,44,-41,-9
1739483355.5642476,24,27,73
1739483355.6102476,17,-71,-86
1739483355.6562476,-3,19,78
1739483355.7022476,89,-97,-79
1739483355.7472477,21,-17,-13
1739483355.7932477,-32,32,-51
1739483355.8392477,102,-77,-87
1739483355.8842475,-50,-38,-113
1739483355.9302475,-17,21,-68
1739483355.9762475,-56,52,-111
1739483356.0222476,-76,-64,11
1739483356.0672476,-1,-72,-68
1739483356.1132476,9,-3,-33
1739483356.1592476,96,-93,0
1739483356.2042477,20,3,-160
1739483356.2502477,-29,-26,169
1739483356.2962475,4,-11,-43
1739483356.3422475,81,-23,27
1739483356.3872476,-84,-10,25
1739483356.4332476,-62,-70,-67
1739483356.4792476,24,-25,13
1739483356.5242476,19,14,-9
1739483356.5702477,6,-60,9
1739483356.6162477,-22,-69,-11
1739483356.6622477,46,-13,-104
1739483356.7072475,-68,-228,4
1739483356.7532475,-33,18,-7
1739483356.7992475,5,-5,-4
1739483356.8442476,-44,-32,13
1739483356.8902476,-91,-125,-10
1739483356.9362476,4,-62,41
1739483356.9822476,-15,-32,12
1739483357.0272477,-3,-4,23
1739483357.0732474,-18,-34,-42
1739483357.1192474,4,33,-114
1739483357.1642475,-80,-89,39
1739483357.2102475,-6,-5,-25
1739483357.2562475,11,-140,-28
1739483357.3022475,1,106,179
1739483357.3472476,-15,-45,-28
1739483357.3932476,-3,-1,-19
1739483357.4392476,38,-72,-89
1739483357.4842474,-13,-79,122
1739483357.5302474,-30,-41,-57
1739483357.5762477,-15,7,40
1739483357.6212475,-31,-5,-53
1739483357.6672475,48,-164,-52
1739483357.7132475,-1,11,-94
1739483357.7592475,-10,42,-168
1739483357.8042476,48,39,6
1739483357.8502476,39,-9,-46
1739483357.8962476,12,-98,-118
1739483357.9412477,-53,32,-49
1739483357.9872477,-6,18,2
1739483358.0332477,-3,-28,-61
1739483358.0792477,64,85,-71
1739483358.1242476,2,-110,-29
1739483358.1702476,81,-19,-158
1739483358.2162476,7,-4,85
1739483358.2612476,-52,-65,-54
1739483358.3072476,-30,-93,-110
1739483358.3532476,11,-28,-172
1739483358.3992476,-24,-5,-176
1739483358.4442475,-12,-17,-14
1739483358.4902475,-67,-121,19
1739483358.5362475,-3,-6,48
1739483358.5812476,-21,71,11
1739483358.6272476,-18,-29,-10
1739483358.6732476,-5,-135,85
1739483358.7192476,-18,-83,3
1739483358.7642477,52,-18,88
1739483358.8102477,-66,52,-9
1739483358.8562477,69,39,-87
1739483358.9012475,28,-24,28
1739483358.9472475,54,-18,-120
1739483358.9932475,-2,97,131
1739483359.0392475,30,-23,41
1739483359.0842476,1,-124,5
1739483359.1302476,-54,-52,-87
1739483359.1762476,38,99,34
1739483359.2212474,-86,-58,-84
1739483359.2672474,-11,-58,-86
1739483359.3132474,1,-12,-13
1739483359.3592474,7,-23,22
1739483359.4042475,0,93,33
1739483359.4502475,111,54,-135
1739483359.4962475,-35,-138,-164
1739483359.5412476,5,-13,-8
1739483359.5872476,49,-27,49
1739483359.6332476,83,-19,5
1739483359.6792476,30,45,-14
1739483359.7242477,0,-43,5
1739483359.7702477,29,1,-44
1739483359.8162477,9,-42,-73
1739483359.8612475,76,66,-86
1739483359.9072475,23,10,-87
1739483359.9532475,-35,19,67
1739483359.9992476,-18,9,44
1739483360.0442476,9,-74,-11
1739483360.0902476,-10,-87,-114
1739483360.1362476,118,-120,-64
1739483360.1812477,7,-13,-14
1739483360.2272477,50,22,-81
1739483360.2732477,-51,-3,92
1739483360.3192475,37,-40,-18
1739483360.3642476,41,10,-190
1739483360.4102476,31,-50,52
1739483360.4562476,75,-116,-47
1739483360.5012476,15,64,-158
1739483360.5472476,-45,1,-41
1739483360.5932477,-37,25,-23
1739483360.6392477,29,-32,5
1739483360.6842475,64,-4,69
1739483360.7302475,-15,-3,-59
1739483360.7762475,67,-28,38
1739483360.8212476,39,-54,-28
1739483360.8672476,-112,-11,-52
1739483360.9132476,-44,-171,32
1739483360.9592476,-66,33,-86
1739483361.0042477,-46,-49,-22
1739483361.0502477,-17,-111,-130
1739483361.0962474,2,-10,75
1739483361.1412475,0,-69,5
1739483361.1872475,73,0,44
1739483361.2332475,2,-124,18
1739483361.2792475,25,57,12
1739483361.3242476,-32,-56,-18
1739483361.3692474,-56,-10,2
1739483361.4152474,-30,-110,-100
1739483361.4602475,-48,-110,86
1739483361.5062475,13,63,-85
1739483361.5522475,16,-31,86
1739483361.5972476,-10,-4,-67
1739483361.6432476,-2,13,-52
1739483361.6892476,13,17,-37
1739483361.7352476,-30,-64,-90
1739483361.7802474,35,12,-14
1739483361.8262477,-49,-91,-85
1739483361.8722477,45,-104,-105
1739483361.9172475,-101,11,48
1739483361.9632475,-22,-81,-89
1739483362.0092475,-39,-184,-4
1739483362.0552475,-30,-10,49
1739483362.1002476,20,-68,-90
1739483362.1462476,52,-42,-81
1739483362.1922476,-13,-19,6
1739483362.2372477,77,-6,107
1739483362.2832477,-17,-103,35
1739483362.3292477,-4,-54,-16
1739483362.3752477,-52,3,10
1739483362.4202476,12,-94,-3
1739483362.4662476,-66,-101,-48
1739483362.5122476,11,-6,-39
1739483362.5572476,-25,67,17
1739483362.6032476,-2,41,-138
1739483362.6492476,-55,65,-19
1739483362.6952477,-36,35,56
1739483362.7402475,-66,-1,78
1739483362.7862475,25,96,-178
1739483362.8322475,-14,-43,-66
1739483362.8772476,14,-27,-32
1739483362.9232476,-78,-43,-102
1739483362.9692476,-69,-39,-58
1739483363.0152476,-45,-25,3
1739483363.0602477,-3,27,61
1739483363.1062477,-2,-67,-17
1739483363.1522477,103,6,-54
1739483363.1972475,-22,51,-41
1739483363.2432475,27,-43,-29
1739483363.2892475,-49,-49,-83
1739483363.3352475,77,-54,120
1739483363.3802476,26,-18,-2
1739483363.4262476,35,2,-43
1739483363.4722476,-68,9,53
1739483363.5172474,45,4,-6
1739483363.5632474,-4,62,-15
1739483363.6092474,-125,41,7
1739483363.6552474,28,84,-93
1739483363.7002475,58,24,32
1739483363.7522476,28,21,21
1739483363.7972476,25,4,-142
1739483363.8432477,-16,-61,-110
1739483363.8892477,-52,-49,-95
1739483363.9352477,45,-144,-21
1739483363.9802475,-26,-189,34
1739483364.0262475,12,-47,-3
1739483364.0722475,-21,-60,-100
1739483364.1172476,11,7,-35
1739483364.1632476,-2,3,16
1739483364.2092476,59,102,-101
1739483364.2552476,71,34,-44
1739483364.3002477,30,-68,47
1739483364.3462474,32,-78,-69
1739483364.3922474,-32,13,-55
1739483364.4372475,35,4,-47
1739483364.4832475,-37,3,-117
1739483364.5292475,-9,43,-69
1739483364.5752475,37,-118,-16
1739483364.6202476,67,-34,-1
1739483364.6662476,19,-40,-17
1739483364.7122476,-40,109,-75
1739483364.7572474,-43,-59,-19
1739483364.8032477,12,-59,0
1739483364.8492477,-79,17,-31
1739483364.8952477,-69,-37,85
1739483364.9402475,-45,-49,-65
1739483364.9862475,43,0,-83
1739483365.0322475,46,-6,65
1739483365.0772476,-56,51,-125
1739483365.1232476,-7,-77,49
1739483365.1692476,-32,-128,-30
1739483365.2152476,-19,-55,-137
1739483365.2602477,50,-42,61
1739483365.3062477,-25,67,-9
1739483365.3522477,0,46,-54
1739483365.3972476,41,38,87
1739483365.4432476,-25,1,-100
1739483365.4892476,-110,45,-89
1739483365.5352476,6,38,-22
1739483365.5802476,68,-94,-55
1739483365.6262476,96,-78,7
1739483365.6722476,65,-62,-102
1739483365.7172475,-70,-49,-10
1739483365.7632475,11,-34,-5
1739483365.8092475,-33,11,-10
1739483365.8552475,-68,-107,-80
1739483365.9002476,11,-26,139
1739483365.9462476,-20,41,-7
1739483365.9922476,43,6,-77
1739483366.0372477,-10,-109,40
1739483366.0832477,-11,-45,-14
1739483366.1292477,-41,37,-90
1739483366.1752477,3,-70,32
1739483366.2202475,-61,-53,-38
1739483366.2662475,-33,-117,-56
1739483366.3122475,1,-43,-106
1739483366.3572476,4,-116,-71
1739483366.4032476,-26,43,-44
1739483366.4492476,55,96,-50
1739483366.4952476,12,-37,16
1739483366.5402474,6,61,-35
1739483366.5862474,-39,31,-17
1739483366.6322474,-10,21,-75
1739483366.6772475,-25,-15,-3
1739483366.7222476,22,5,-23
1739483366.7682476,42,7,-70
1739483366.8132474,-33,-25,-146
1739483366.8592474,3,148,-55
1739483366.9052474,-19,125,-103
1739483366.9512477,26,-86,11
1739483366.9962475,-24,-59,10
1739483367.0422475,30,38,-22
1739483367.0882475,58,10,37
1739483367.1332476,75,-4,0
1739483367.1792476,-10,-69,-94
1739483367.2252476,-87,-171,-73
1739483367.2712476,-1,71,-116
1739483367.3162477,-26,1,-55
1739483367.3622477,-6,-7,-65
1739483367.4082477,-25,39,-26
1739483367.4532475,53,-82,-13
1739483367.4992476,93,22,83
1739483367.5452476,0,-93,-27
1739483367.5912476,25,-44,-72
1739483367.6362476,-39,-153,-33
1739483367.6822476,-61,-11,63
1739483367.7282476,0,62,19
1739483367.7732477,5,-18,89
1739483367.8192475,-34,49,-56
1739483367.8652475,5,-76,23
1739483367.9112475,13,-113,11
1739483367.9562476,-24,5,-93
1739483368.0022476,34,24,-68
1739483368.0482476,-36,-85,10
1739483368.0932477,1,-81,15
1739483368.1392477,62,4,-189
1739483368.1852477,-52,27,-60
1739483368.2312477,-27,-11,106
1739483368.2762475,-17,1,-72
1739483368.3222475,-10,-63,58
1739483368.3682475,-22,37,-70
1739483368.4132476,32,-122,-176
1739483368.4592476,0,-127,-8
1739483368.5052476,-52,47,-47
1739483368.5512476,6,-78,23
1739483368.5962474,30,10,-44
1739483368.6422474,66,-40,11
1739483368.6882474,35,82,-118
1739483368.7332475,-9,-57,-29
1739483368.7792475,-40,-9,-46
1739483368.8252475,65,-116,-145
1739483368.8712475,34,-10,-61
1739483368.9162476,29,-6,62
1739483368.9622476,-43,-71,54
1739483369.0082476,23,-8,1
1739483369.0532477,-32,-165,60
1739483369.0992477,1,-74,76
1739483369.1452477,-38,-71,-136
1739483369.1912477,75,-48,-124
1739483369.2362475,6,-66,96
1739483369.2822475,-25,-19,-115
1739483369.3282475,-52,-93,-111
1739483369.3732476,-26,47,-114
1739483369.4192476,-14,-161,-37
1739483369.4652476,-28,-29,49
1739483369.5112476,-17,-13,-97
1739483369.5562477,-30,-19,-50
1739483369.6022477,45,2,-49
1739483369.6482477,24,-42,84
1739483369.6932476,-85,7,-18
1739483369.7392476,-15,-81,36
1739483369.7852476,48,104,-18
1739483369.8312476,-3,-93,-69
1739483369.8762476,8,-66,54
1739483369.9222476,38,22,-51
1739483369.9682477,29,-38,-65
1739483370.0132475,-7,-55,-41
1739483370.0592475,8,-40,-16
1739483370.1052475,-87,13,-47
1739483370.1512475,63,-54,-117
1739483370.1962476,87,-128,15
1739483370.2422476,-37,-76,-115
1739483370.2882476,-10,-72,-29
1739483370.3332477,8,63,-31
1739483370.3792477,-44,-156,-53
1739483370.4252477,-12,-22,26
1739483370.4712474,-92,-24,-92
1739483370.5162475,0,-99,78
1739483370.5622475,-48,-64,18
1739483370.6082475,12,-89,24
1739483370.6532476,-67,-32,-19
1739483370.6992476,131,39,-22
1739483370.7452476,32,1,77
1739483370.7912476,-5,30,-76
1739483370.8362474,-76,38,-118
1739483370.8822474,88,9,-73
1739483370.9282477,34,-111,-47
1739483370.9732475,-3,28,68
1739483371.0192475,72,-75,72
1739483371.0652475,26,-111,24
1739483371.1112475,-30,-30,-15
1739483371.1562476,23,31,75
1739483371.2022476,-76,0,-97
1739483371.2482476,57,71,72
1739483371.2932477,27,-91,-37
1739483371.3392477,6,-5,38
1739483371.3852477,-68,-48,9
1739483371.4312477,-60,-64,117
1739483371.4762475,-45,8,-25
1739483371.5222476,-2,-20,-80
1739483371.5682476,51,-65,56
1739483371.6132476,-40,-62,45
1739483371.6592476,-68,-46,-19
1739483371.7052476,-63,46,-146
1739483371.7512476,-59,-20,27
1739483371.7962475,-34,8,4
1739483371.8422475,36,-23,-29
1739483371.8882475,15,-47,-96
1739483371.9332476,-56,-38,132
1739483371.9792476,-77,28,-133
1739483372.0252476,-18,-82,8
1739483372.0712476,-1,44,69
1739483372.1162477,43,0,-43
1739483372.1622477,-73,-24,-100
1739483372.2082477,39,-135,10
1739483372.2532475,63,-33,-33
1739483372.2992475,-32,-88,-39
1739483372.3452475,-55,124,-56
1739483372.3912475,-29,-58,52
1739483372.4362476,78,-29,-39
1739483372.4822476,52,43,11
1739483372.5282476,2,-8,-11
1739483372.5732474,0,-102,-34
1739483372.6192474,28,53,6
1739483372.6652474,37,-123,-42
1739483372.7112474,-9,51,23
1739483372.7562475,-27,-38,28
1739483372.8022475,-52,18,26
1739483372.8482475,-11,-4,-75
1739483372.8932476,-13,10,-94
1739483372.9392476,-63,30,-150
1739483372.9852476,47,-3,64
1739483373.0312476,67,-29,-69
1739483373.0762477,37,-31,-46
1739483373.1222477,-109,-142,-60
1739483373.1682477,7,25,40
1739483373.2132475,-20,-82,-20
1739483373.2592475,31,3,-65
1739483373.3052475,1,-22,42
1739483373.3512475,-69,-18,-61
1739483373.3962476,-57,4,5
1739483373.4422476,10,71,-125
1739483373.4882476,-51,-50,-52
1739483373.5332477,-24,-132,-83
1739483373.5792477,58,-65,-41
1739483373.6252477,72,29,8
1739483373.6712475,-40,-122,-117
1739483373.7162476,122,91,2
1739483373.7682476,-20,-34,-49
1739483373.8132474,-38,-28,-20
1739483373.8592474,-41,28,-52
1739483373.9052474,-38,-22,-174
1739483373.9512477,-15,66,86
1739483373.9962475,22,-23,-22
1739483374.0422475,34,-129,-80
1739483374.0892477,13,93,101
1739483374.1352477,-83,8,-129
1739483374.1802475,28,-49,49
1739483374.2262475,4,-81,-5
1739483374.2722476,26,-121,-28
1739483374.3172476,-30,-82,0
1739483374.3632476,5,-15,-134
1739483374.4092476,9,-75,-89
1739483374.4552476,-54,-156,-31
1739483374.5002477,-1,-86,6
1739483374.5462475,-28,0,-123
1739483374.5922475,-44,-148,-9
1739483374.6372476,14,-25,-74
1739483374.6832476,-107,-120,-115
1739483374.7292476,19,-69,-14
1739483374.7752476,1,1,60
1739483374.8202477,8,-125,36
1739483374.8662477,31,-69,-76
1739483374.9122477,16,-61,-104
1739483374.9572475,-19,26,50
1739483375.0032475,-14,-40,-24
1739483375.0492475,92,-43,26
1739483375.0952475,-13,-40,-127
1739483375.1402476,-94,-110,-123
1739483375.1862476,-63,-76,-44
1739483375.2322476,-35,-42,59
1739483375.2772477,44,-21,-71
1739483375.3232474,10,0,13
1739483375.3692474,5,13,26
1739483375.4152474,-92,-78,-107
1739483375.4602475,70,-79,136
1739483375.5062475,44,-161,38
1739483375.5522475,-18,34,-88
1739483375.5972476,-75,26,-98
1739483375.6432476,-26,-72,15
1739483375.6892476,61,-19,10
1739483375.7352476,-15,6,19
1739483375.7802474,-12,-44,45
1739483375.8262477,60,-15,-136
1739483375.8722477,17,0,-62
1739483375.9172475,12,-15,8
1739483375.9632475,-44,-62,10
1739483376.0092475,-29,16,57
1739483376.0552475,-51,-126,-43
1739483376.1002476,-68,-138,38
1739483376.1462476,68,-21,0
1739483376.1922476,-76,0,-45
1739483376.2372477,-51,-162,43
1739483376.2832477,0,53,-98
1739483376.3292477,65,-9,-139
1739483376.3752477,29,-77,-13
1739483376.4202476,18,27,-126
1739483376.4662476,-27,-70,34
1739483376.5122476,-26,-134,-8
1739483376.5572476,0,33,18
1739483376.6032476,12,-27,3
1739483376.6492476,45,-27,-56
1739483376.6952477,9,-119,20
1739483376.7402475,14,79,-116
1739483376.7862475,-86,-80,-74
1739483376.8322475,-73,-102,88
1739483376.8772476,22,71,58
1739483376.9232476,39,35,-64
1739483376.9692476,38,-153,-42
1739483377.0152476,-49,-32,59
1739483377.0602477,3,-57,-50
1739483377.1062477,-1,-111,-49
1739483377.1522477,-29,4,-107
1739483377.1972475,-152,42,57
1739483377.2432475,28,75,-122
1739483377.2892475,69,-35,-87
1739483377.3352475,-15,-188,-17
1739483377.3802476,-53,-138,48
1739483377.4262476,-42,14,-2
1739483377.4722476,-42,-70,-51
1739483377.5172474,-73,-102,-103
1739483377.5632474,57,-9,125
1739483377.6092474,71,-37,43
1739483377.6552474,56,-53,142
1739483377.7002475,10,-67,-99
1739483377.7462475,-16,-78,-41
1739483377.7922475,-84,-34,-19
1739483377.8372476,-35,-116,-46
1739483377.8832476,-36,-22,-127
1739483377.9292476,21,-81,-69
1739483377.9752476,4,-92,-75
1739483378.0202477,42,25,67
1739483378.0662477,-9,-122,-11
1739483378.1122477,-6,84,-35
1739483378.1572475,-5,-14,-63
1739483378.2032475,-70,66,15
1739483378.2492476,71,93,-110
1739483378.2952476,9,34,-49
1739483378.3402476,-63,-142,35
1739483378.3862476,2,49,57
1739483378.4322476,-33,28,20
1739483378.4772477,26,-3,22
1739483378.5232477,-22,-94,23
1739483378.5692475,-23,-46,10
1739483378.6152475,11,49,3
1739483378.6602476,-66,-14,-66
1739483378.7062476,-51,-34,94
1739483378.7522476,-120,-18,51
1739483378.7972476,-9,-43,-49
1739483378.8432477,25,-115,110
1739483378.8892477,2,12,-76
1739483378.9352477,-44,-16,1
1739483378.9802475,-59,-76,-11
1739483379.0262475,48,-65,-61
1739483379.0722475,-2,3,-81
1739483379.1172476,-27,-152,-26
1739483379.1632476,50,33,-92
1739483379.2092476,-24,2,-49
1739483379.2552476,-29,-22,-84
1739483379.3002477,-73,54,3
1739483379.3462474,-36,50,0
1739483379.3922474,63,-67,-11
1739483379.4372475,45,-81,-80
1739483379.4832475,-45,-92,41
1739483379.5292475,27,-79,58
1739483379.5752475,0,2,-13
1739483379.6202476,-7,-122,-57
1739483379.6662476,-102,-4,-47
1739483379.7122476,25,-13,10
1739483379.7572474,-41,-78,-94
1739483379.8032477,1,0,57
1739483379.8492477,2,7,-44
1739483379.8952477,18,-47,-23
1739483379.9402475,26,-35,59
1739483379.9862475,-59,-42,-46
1739483380.0322475,103,-45,0
1739483380.0772476,3,-1,85
1739483380.1232476,-18,-116,-49
1739483380.1692476,85,-107,-36
1739483380.2152476,36,61,57
1739483380.2602477,-30,-74,103
1739483380.3062477,19,-45,73
1739483380.3522477,23,133,-141
1739483380.3972476,33,-117,-90
1739483380.4432476,36,-11,-59
1739483380.4892476,-30,-108,18
1739483380.5352476,54,101,-11
1739483380.5802476,85,-93,-60
1739483380.6262476,31,-69,-40
1739483380.6722476,4,2,121
1739483380.7172475,58,-111,28
1739483380.7632475,73,51,38
1739483380.8092475,60,-129,-76
1739483380.8552475,68,-99,-23
1739483380.9002476,-26,-140,-75
1739483380.9462476,5,-104,-71
1739483380.9922476,-80,48,-74
1739483381.0372477,13,41,-33
1739483381.0832477,-1,-3,-69
1739483381.1292477,36,-87,-136
1739483381.1752477,68,-133,-42
1739483381.2202475,78,-15,21
1739483381.2662475,-21,-50,-107
1739483381.3122475,-29,-194,-215
1739483381.3572476,-55,20,-8
1739483381.4032476,13,79,-26
1739483381.4492476,68,9,-43
1739483381.4952476,54,-99,0
1739483381.5402474,-46,-238,-35
1739483381.5862474,45,5,67
1739483381.6322474,-42,-84,-34
1739483381.6772475,8,-39,80
1739483381.7232475,-49,-24,-103
1739483381.7692475,-17,-92,-114
1739483381.8152475,-4,38,-46
1739483381.8602476,-5,-15,67
1739483381.9062476,47,61,-102
1739483381.9522476,-4,6,-83
1739483381.9972477,89,-73,-64
1739483382.0432477,-24,-108,71
1739483382.0892477,65,-25,-52
1739483382.1352477,-16,-20,1
1739483382.1802475,26,-122,-26
1739483382.2262475,20,-17,-20
1739483382.2722476,-21,-136,9
1739483382.3172476,10,57,-93
1739483382.3632476,-32,-2,131
1739483382.4092476,15,-25,0
1739483382.4552476,17,12,-38
1739483382.5002477,-4,-10,-10
1739483382.5462475,0,-82,-29
1739483382.5922475,-27,2,3
1739483382.6372476,-11,-58,-61
1739483382.6832476,-5,-4,3
1739483382.7292476,-20,-34,-55
1739483382.7752476,-13,-14,-20
1739483382.8202477,-12,-84,-123
1739483382.8662477,-14,-74,77
1739483382.9122477,-19,-10,-91
1739483382.9572475,-9,-62,63
1739483383.0032475,-94,-86,39
1739483383.0492475,11,5,27
1739483383.0952475,4,-61,75
1739483383.1402476,-14,20,-143
1739483383.1862476,95,15,-135
1739483383.2322476,11,-73,17
1739483383.2772477,-46,-32,74
1739483383.3232474,-3,-96,-108
1739483383.3692474,24,-7,-64
1739483383.4152474,9,5,7
1739483383.4602475,-34,-47,-131
1739483383.5062475,-7,86,-60
1739483383.5522475,14,-2,-130
1739483383.5972476,-73,-12,-121
1739483383.6432476,55,99,-21
1739483383.6892476,-116,-22,-97
1739483383.7402475,16,-42,0
1739483383.7862475,-37,88,24
1739483383.8322475,-13,-80,3
1739483383.8772476,20,-53,-49
1739483383.9232476,0,-70,-125
1739483383.9692476,40,-35,-117
1739483384.0152476,-34,72,-98
1739483384.0602477,-35,-52,26
1739483384.1062477,36,21,-94
1739483384.1522477,-3,-38,-144
1739483384.1972475,-111,-24,94
1739483384.2432475,18,25,20
1739483384.2892475,-41,-40,-29
1739483384.3352475,-18,-76,-38
1739483384.3802476,44,-56,-84
1739483384.4262476,56,27,40
1739483384.4722476,-13,15,39
1739483384.5172474,-8,0,-27
1739483384.5632474,30,-25,28
1739483384.6092474,34,73,-6
1739483384.6552474,-62,-48,-19
1739483384.7002475,34,-27,-47
1739483384.7462475,-49,-38,81
1739483384.7922475,40,-95,-147
1739483384.8372476,-16,12,62
1739483384.8832476,-6,28,-10
1739483384.9292476,111,-107,-16
1739483384.9752476,-2,-32,-13
1739483385.0202477,0,-168,86
1739483385.0662477,36,-13,-65
1739483385.1122477,35,-133,-23
1739483385.1572475,46,3,-75
1739483385.2032475,20,-43,-121
1739483385.2492476,-75,-40,-24
1739483385.2952476,27,-65,-24
1739483385.3402476,-38,54,-79
1739483385.3862476,40,15,128
1739483385.4322476,5,65,-173
1739483385.4772477,21,57,-87
1739483385.5232477,42,-43,-70
1739483385.5692475,-28,182,-23
1739483385.6152475,108,-89,-64
1739483385.6602476,30,-187,0
1739483385.7062476,-3,38,36
1739483385.7522476,47,25,34
1739483385.7972476,62,-57,21
1739483385.8432477,-23,44,-56
1739483385.8892477,17,29,-68
1739483385.9352477,-53,-60,-87
1739483385.9802475,-23,58,-110
1739483386.0262475,3,-52,75
1739483386.0722475,-11,-58,5
1739483386.1172476,30,-93,-71
1739483386.1632476,-35,4,-28
1739483386.2092476,2,-63,60
1739483386.2552476,-18,120,-93
1739483386.3002477,-64,110,-81
1739483386.3462474,42,-105,66
1739483386.3922474,-16,-68,-5
1739483386.4372475,-96,-84,73
1739483386.4832475,-46,-150,-50
1739483386.5292475,0,-8,-5
1739483386.5752475,-33,45,88
1739483386.6202476,46,-62,-33
1739483386.6662476,-18,-119,-6
1739483386.7122476,-5,-19,-54
1739483386.7572474,27,64,-13
1739483386.8032477,-46,-1,-118
1739483386.8492477,-67,49,-72
1739483386.8952477,-97,0,15
1739483386.9402475,-51,-37,-98
1739483386.9862475,17,-31,26
1739483387.0322475,-53,-82,84
1739483387.0772476,42,-9,-176
1739483387.1232476,-4,-16,-19
1739483387.1692476,-18,-4,-70
1739483387.2152476,20,53,11
1739483387.2602477,-43,-82,7
1739483387.3062477,-46,-4,18
1739483387.3522477,53,-53,-92
1739483387.3972476,-40,-18,-21
1739483387.4432476,-2,28,-25
1739483387.4892476,-82,-60,-145
1739483387.5352476,-17,-22,18
1739483387.5802476,-64,16,-113
1739483387.6262476,0,59,38
1739483387.6722476,-57,-56,-46
1739483387.7172475,2,-65,-15
1739483387.7632475,57,141,-31
1739483387.8092475,54,-23,-77
1739483387.8552475,56,1,-15
1739483387.9002476,77,-139,98
1739483387.9462476,56,-99,-102
1739483387.9922476,2,113,-138
1739483388.0372477,18,29,-18
1739483388.0832477,31,-53,-85
1739483388.1292477,25,-13,-16
1739483388.1752477,48,-9,-1
1739483388.2202475,60,-81,-69
1739483388.2662475,36,-105,1
1739483388.3122475,44,-69,60
1739483388.3572476,32,33,-65
1739483388.4032476,-61,-34,-13
1739483388.4492476,42,-103,-29
1739483388.4952476,25,-29,-62
1739483388.5402474,77,-59,40
1739483388.5862474,-8,-30,-41
1739483388.6322474,0,-66,44
1739483388.6772475,6,-15,7
1739483388.7232475,-62,-67,16
1739483388.7692475,-48,1,-53
1739483388.8152475,19,-23,6
1739483388.8602476,42,-90,89
1739483388.9062476,-53,-61,-18
1739483388.9522476,-56,13,-154
1739483388.9972477,53,-71,-25
1739483389.0432477,54,64,-76
1739483389.0892477,-37,23,-112
1739483389.1352477,83,-3,-9
1739483389.1802475,-18,-38,-37
1739483389.2262475,-58,-47,-37
1739483389.2722476,-82,-55,-27
1739483389.3172476,56,-52,-103
1739483389.3632476,54,-90,109
1739483389.4092476,22,-38,141
1739483389.4552476,4,-144,57
1739483389.5002477,11,20,56
1739483389.5462475,0,-136,-80
1739483389.5922475,51,-30,-44
1739483389.6372476,51,7,29
1739483389.6832476,-58,-22,-110
1739483389.7292476,23,-84,11
1739483389.7752476,20,33,103
1739483389.8202477,-7,5,-123
1739483389.8662477,48,-82,89
1739483389.9122477,31,-66,-52
1739483389.9572475,27,-26,-31
1739483390.0032475,12,-9,-142
1739483390.0492475,36,57,-33
1739483390.0952475,19,-23,52
1739483390.1402476,-1,36,79
1739483390.1862476,45,-31,-2
1739483390.2322476,-92,116,-84
1739483390.2772477,101,-29,-113
1739483390.3232474,-15,-34,-70
1739483390.3692474,-91,12,-92
1739483390.4142475,34,-5,10
1739483390.4602475,-42,-188,-74
1739483390.5062475,47,-21,-44
1739483390.5522475,36,-7,122
1739483390.5972476,-147,14,-31
1739483390.6432476,30,-33,0
1739483390.6892476,-26,-15,-28
1739483390.7342474,-27,-41,16
1739483390.7802474,44,-20,113
1739483390.8262477,52,6,-4
1739483390.8722477,43,-38,-61
1739483390.9172475,-9,-45,-55
1739483390.9632475,0,-32,33
1739483391.0092475,-18,-17,-91
1739483391.0542476,77,-100,2
1739483391.1002476,-77,57,-61
1739483391.1462476,70,-134,-23
1739483391.1922476,63,-90,-3
1739483391.2372477,-16,-13,1
1739483391.2832477,-44,35,-10
1739483391.3292477,33,-64,13
1739483391.3742476,-101,-96,-53
1739483391.4202476,-28,-194,74
1739483391.4662476,-31,-96,-69
1739483391.5122476,-6,-5,-48
1739483391.5572476,9,-7,-106
1739483391.6032476,-11,126,-29
1739483391.6492476,-77,48,-37
1739483391.6942475,32,-39,-13
1739483391.7402475,0,21,-13
1739483391.7872477,41,-5,-151
1739483391.8332477,22,13,-46
1739483391.8782475,-42,-98,-68
1739483391.9242475,-34,52,-28
1739483391.9702475,10,31,12
1739483392.0162475,-7,-120,-13
1739483392.0612476,-4,108,-88
1739483392.1072476,110,-103,-90
1739483392.1532476,-25,8,-88
1739483392.1982474,24,-101,-32
1739483392.2442474,13,54,15
1739483392.2902474,-73,-69,-17
1739483392.3362474,-42,-13,-48
1739483392.3812475,-23,17,-38
1739483392.4272475,-31,-91,-66
1739483392.4732475,55,-22,-77
1739483392.5182476,-32,47,-60
1739483392.5642476,-14,-54,50
1739483392.6102476,11,55,55
1739483392.6562476,37,7,-9
1739483392.7012477,49,-56,-50
1739483392.7472477,47,-70,72
1739483392.7932477,63,-26,10
1739483392.8382475,-27,-69,-40
1739483392.8842475,46,-36,-31
1739483392.9302475,7,-111,-35
1739483392.9762475,-28,78,-44
1739483393.0212476,-24,-116,92
1739483393.0672476,-48,28,23
1739483393.1132476,-69,-74,28
1739483393.1582477,8,-19,-20
1739483393.2042477,-53,-4,-73
1739483393.2502477,-30,-62,80
1739483393.2962475,14,1,-105
1739483393.3412476,-30,-42,-46
1739483393.3872476,-4,-76,131
1739483393.4332476,23,-85,3
1739483393.4782476,-27,-61,129
1739483393.5242476,82,-69,-90
1739483393.5702477,28,-27,3
1739483393.6162477,-48,-146,38
1739483393.6612475,50,-37,-48
1739483393.7072475,-22,-52,-26
1739483393.7582476,-26,-24,-188
1739483393.8042476,0,-71,-22
1739483393.8502476,83,17,9
1739483393.8962476,-6,-42,48
1739483393.9412477,-33,-52,16
1739483393.9872477,6,2,31
1739483394.0332477,0,22,68
1739483394.0782475,-60,-39,24
1739483394.1242476,32,-8,-20
1739483394.1702476,0,-122,-56
1739483394.2162476,36,-48,-65
1739483394.2612476,-14,-25,-116
1739483394.3072476,-12,-57,-39
1739483394.3532476,-47,-21,-100
1739483394.3982477,-26,63,-88
1739483394.4442475,47,0,-172
1739483394.4902475,-47,-11,-49
1739483394.5362475,-30,-93,4
1739483394.5812476,-38,-77,-114
1739483394.6272476,-42,-37,-4
1739483394.6732476,-27,117,-39
1739483394.7182477,-15,-37,-22
1739483394.7642477,74,60,-92
1739483394.8102477,100,-106,88
1739483394.8562477,45,-4,-123
1739483394.9012475,27,44,-128
1739483394.9472475,-25,-63,1
1739483394.9932475,-1,-41,-10
1739483395.0382476,-7,-126,-10
1739483395.0842476,7,19,-12
1739483395.1302476,-89,-44,-88
1739483395.1762476,24,2,-56
1739483395.2212474,-41,-140,-30
1739483395.2672474,61,-95,-10
1739483395.3132474,24,-41,-111
1739483395.3582475,-21,10,-38
1739483395.4042475,65,-15,-80
1739483395.4502475,25,71,-76
1739483395.4962475,-13,15,-26
1739483395.5412476,-16,45,-90
1739483395.5872476,-18,-21,-35
1739483395.6332476,-20,-5,40
1739483395.6782477,11,67,-139
1739483395.7242477,-20,-82,-24
1739483395.7702477,-38,-23,10
1739483395.8162477,17,-7,-22
1739483395.8612475,-21,-72,-46
1739483395.9072475,-14,-80,7
1739483395.9532475,22,-11,-7
1739483395.9982476,42,-217,13
1739483396.0442476,1,85,-73
1739483396.0902476,-50,64,-90
1739483396.1362476,48,91,-18
1739483396.1812477,-26,-28,-11
1739483396.2272477,8,21,47
1739483396.2732477,-52,15,-10
1739483396.3182476,-12,21,23
1739483396.3642476,-4,-60,-15
1739483396.4102476,-47,-77,15
1739483396.4562476,9,62,-18
1739483396.5012476,25,-63,8
1739483396.5472476,-24,-38,-2
1739483396.5932477,10,53,-65
1739483396.6382475,0,-134,-69
1739483396.6842475,-14,24,-65
1739483396.7302475,-14,-7,-38
1739483396.7762475,-108,-19,-66
1739483396.8212476,6,107,-166
1739483396.8672476,92,-81,-6
1739483396.9132476,-50,-40,-51
1739483396.9582477,-14,-182,-73
1739483397.0042477,46,-85,24
1739483397.0502477,45,-97,29
1739483397.0962474,-67,-10,41
1739483397.1412475,-26,-90,-152
1739483397.1872475,33,-15,-145
1739483397.2332475,80,-59,36
1739483397.2782476,-8,37,73
1739483397.3242476,36,0,-4
1739483397.3702476,-13,-26,18
1739483397.4162476,51,-3,-39
1739483397.4612474,0,-54,-58
1739483397.5072474,3,-62,-39
1739483397.5532477,-1,-33,-55
1739483397.5982475,7,-38,28
1739483397.6442475,-2,83,33
1739483397.6902475,3,-31,-74
1739483397.7362475,-64,-101,-35
1739483397.7812476,-24,-99,-51
1739483397.8272476,16,4,-96
1739483397.8732476,41,-12,-44
1739483397.9182477,-4,23,85
1739483397.9642477,-22,47,3
1739483398.0102477,17,-88,1
1739483398.0562477,-49,71,-63
1739483398.1012475,-1,7,11
1739483398.1472476,62,16,-76
1739483398.1932476,-28,37,59
1739483398.2382476,36,-68,28
1739483398.2842476,8,44,53
1739483398.3302476,-33,-11,-115
1739483398.3762476,-10,53,57
1739483398.4212475,53,28,-80
1739483398.4672475,-46,-30,29
1739483398.5132475,-7,-78,-32
1739483398.5582476,-21,-8,15
1739483398.6042476,-57,4,-85
1739483398.6502476,2,-86,-46
1739483398.6962476,-50,-128,88
1739483398.7412477,-67,22,-65
1739483398.7872477,12,-7,-23
1739483398.8332477,-37,8,-3
1739483398.8782475,7,21,-6
1739483398.9242475,33,-1,21
1739483398.9702475,-17,-17,-4
1739483399.0162475,-2,-33,-35
1739483399.0612476,-10,-73,0
1739483399.1072476,13,88,15
1739483399.1532476,-7,33,-22
1739483399.1982474,-2,-54,138
1739483399.2442474,4,-2,-73
1739483399.2902474,-51,49,-27
1739483399.3362474,-89,85,-27
1739483399.3812475,-32,-86,-18
1739483399.4272475,1,-38,-84
1739483399.4732475,83,-117,-134
1739483399.5182476,-7,-25,-88
1739483399.5642476,-21,7,-146
1739483399.6102476,3,2,28
1739483399.6562476,36,26,-144
1739483399.7012477,-38,81,-43
1739483399.7472477,-94,-49,-15
1739483399.7932477,-59,-126,-97
1739483399.8382475,-38,-94,-211
1739483399.8842475,-2,68,-178
1739483399.9302475,-38,-70,-25
1739483399.9762475,37,91,-84
1739483400.0212476,-23,-95,18
1739483400.0672476,-109,-1,17
1739483400.1132476,18,-54,-51
1739483400.1582477,-41,-65,-42
1739483400.2042477,8,-84,-75
1739483400.2502477,-22,-20,35
1739483400.2962475,96,-206,-126
1739483400.3412476,-150,-92,-36
1739483400.3872476,-123,-40,1
1739483400.4332476,-55,-85,133
1739483400.4782476,-17,-139,-49
1739483400.5242476,39,-66,-63
1739483400.5702477,-22,95,16
1739483400.6162477,-87,-37,73
1739483400.6612475,-36,-55,-23
1739483400.7072475,-61,-33,-36
1739483400.7532475,100,12,9
1739483400.7982476,13,30,-62
1739483400.8442476,-30,-39,47
1739483400.8902476,-16,97,8
1739483400.9362476,-76,-135,-38
1739483400.9812477,-36,5,-36
1739483401.0272477,-94,-49,58
1739483401.0732474,13,-82,-74
1739483401.1182475,2,-86,-27
1739483401.1642475,-27,61,-17
1739483401.2102475,-20,-47,-12
1739483401.2562475,-30,-65,-121
1739483401.3012476,-91,-158,34
1739483401.3472476,19,-43,-35
1739483401.3932476,-106,8,-9
1739483401.4382474,31,-19,-171
1739483401.4842474,9,-19,-8
1739483401.5302474,-28,-165,-86
1739483401.5762477,8,-14,-41
1739483401.6212475,-39,-11,-55
1739483401.6672475,-13,27,0
1739483401.7132475,-1,23,-46
1739483401.7582476,-25,-7,-49
1739483401.8042476,33,-208,-19
1739483401.8502476,33,-84,-168
1739483401.8962476,-31,-141,-90
1739483401.9412477,8,-4,0
1739483401.9872477,-47,-11,-110
1739483402.0332477,-12,-11,-64
1739483402.0782475,-21,-23,-64
1739483402.1242476,12,-81,39
1739483402.1702476,15,21,40
1739483402.2162476,28,42,-9
1739483402.2612476,8,-27,-11
1739483402.3072476,-35,-74,27
1739483402.3532476,84,-34,-17
1739483402.3982477,12,28,100
1739483402.4452477,-27,55,-23
1739483402.4912477,32,-16,-5
1739483402.5372477,-17,-9,-51
1739483402.5822475,65,-134,-116
1739483402.6282475,16,-158,-27
1739483402.6742475,0,-47,-99
1739483402.7202475,-30,-9,62
1739483402.7652476,-70,-39,-109
1739483402.8112476,-37,-125,-95
1739483402.8572476,-50,7,-193
1739483402.9022477,-21,56,25
1739483402.9482474,-36,-115,-149
1739483402.9942474,15,-96,-82
1739483403.0402474,-47,-25,30
1739483403.0852475,-56,-5,49
1739483403.1312475,54,62,-172
1739483403.1772475,9,-50,84
1739483403.2222476,-119,61,22
1739483403.2682476,-53,-41,-143
1739483403.3142476,44,18,-50
1739483403.3602476,25,-4,-87
1739483403.4052474,-2,7,30
1739483403.4512477,64,-66,-67
1739483403.4972477,-10,-105,39
1739483403.5422475,-97,21,-28
1739483403.5882475,-56,-9,-4
1739483403.6342475,13,91,-32
1739483403.6802475,20,-78,-26
1739483403.7252476,14,38,5
1739483403.7772477,17,-5,-108
1739483403.8222475,-21,-41,-52
1739483403.8682475,90,22,-70
1739483403.9142475,42,14,74
1739483403.9602475,-4,-32,-1
1739483404.0052476,-10,-104,51
1739483404.0512476,-46,-39,-171
1739483404.0972476,-31,-9,-55
1739483404.1422474,6,-44,13
1739483404.1882474,0,-96,-98
1739483404.2342474,0,24,19
1739483404.2802474,1,0,-45
1739483404.3252475,8,-80,1
1739483404.3712475,0,-95,-61
1739483404.4172475,-55,-83,34
1739483404.4622476,-58,-19,20
1739483404.5082476,-53,15,75
1739483404.5542476,53,-134,-92
1739483404.6002476,-111,-17,61
1739483404.6452477,43,-36,-4
1739483404.6912477,2,-19,-172
1739483404.7372477,-43,-13,-99
1739483404.7822475,56,86,69
1739483404.8282475,2,-3,-72
1739483404.8742476,-5,-15,-5
1739483404.9202476,-48,-31,-81
1739483404.9652476,68,-78,-77
1739483405.0112476,25,10,-30
1739483405.0572476,20,-112,56
1739483405.1022477,51,2,-30
1739483405.1482477,-77,59,-43
1739483405.1942475,-59,-45,-75
1739483405.2402475,39,22,-77
1739483405.2852476,-88,-65,-56
1739483405.3312476,23,-56,-72
1739483405.3772476,37,0,30
1739483405.4222476,-58,69,-42
1739483405.4682477,19,-20,-91
1739483405.5142477,51,-22,-99
1739483405.5602477,21,-140,18
1739483405.6052475,-28,19,-19
1739483405.6512475,46,110,-120
1739483405.6972475,42,-194,19
1739483405.7422476,-3,13,49
1739483405.7882476,-83,-77,3
1739483405.8342476,-80,103,-119
1739483405.8802476,-60,-19,-30
1739483405.9252477,-25,-97,-89
1739483405.9712474,-23,-5,-67
1739483406.0172474,2,-56,-224
1739483406.0622475,3,42,-15
1739483406.1082475,9,-42,-78
1739483406.1542475,-11,-35,-83
1739483406.2002475,23,-58,-92
1739483406.2452476,33,80,10
1739483406.2912476,41,-26,88
1739483406.3372476,-10,-119,-38
1739483406.3822474,-17,-83,13
1739483406.4282477,48,-94,-36
1739483406.4742477,18,6,41
1739483406.5202477,-33,-71,-50
1739483406.5652475,10,-36,-23
1739483406.6112475,-75,11,39
1739483406.6572475,85,-110,-153
1739483406.7022476,-115,-13,113
1739483406.7482476,-25,31,-9
1739483406.7942476,7,-10,-28
1739483406.8402476,96,-24,-15
1739483406.8852477,95,-26,-31
1739483406.9312477,-53,-161,12
1739483406.9772477,48,20,-84
1739483407.0222476,-55,-91,-38
1739483407.0682476,2,-112,-133
1739483407.1142476,46,-56,-87
1739483407.1602476,33,-68,-18
1739483407.2052476,-43,45,-26
1739483407.2512476,-14,-135,-104
1739483407.2972476,-73,-115,-55
1739483407.3422475,20,-16,-105
1739483407.3882475,-9,-37,-79
1739483407.4342475,-46,-33,-19
1739483407.4802475,-7,-5,40
1739483407.5252476,49,-82,-27
1739483407.5712476,19,-56,-99
1739483407.6172476,-38,61,-8
1739483407.6622477,-137,-53,-59
1739483407.7082477,-7,121,44
1739483407.7542477,-45,-51,-90
1739483407.8002477,5,-56,-29
1739483407.8452475,37,-46,1
1739483407.8912475,15,-164,98
1739483407.9372475,26,-84,-85
1739483407.9822476,17,-120,-1
1739483408.0282476,77,-76,-75
1739483408.0742476,-17,17,-53
1739483408.1202476,-40,-81,-5
1739483408.1652474,45,24,-129
1739483408.2112474,0,-117,22
1739483408.2572474,-48,7,27
1739483408.3022475,41,0,-44
1739483408.3482475,-45,-19,-45
1739483408.3942475,15,-52,-37
1739483408.4402475,-10,-9,25
1739483408.4852476,-88,-27,-37
1739483408.5312476,30,18,25
1739483408.5772476,5,-52,-31
1739483408.6222477,46,-108,-101
1739483408.6682477,-76,-49,-45
1739483408.7142477,0,53,51
1739483408.7602477,39,102,-15
1739483408.8052475,-44,-3,-39
1739483408.8512475,77,-64,23
1739483408.8972476,35,-82,-77
1739483408.9422476,-10,-57,-7
1739483408.9882476,-15,-65,-50
1739483409.0342476,-9,1,-67
1739483409.0802476,-37,-7,-7
1739483409.1252477,-48,-19,-14
1739483409.1712475,15,-52,72
1739483409.2172475,-26,99,-40
1739483409.2622476,-43,-43,-1
1739483409.3082476,-48,53,45
1739483409.3542476,-32,-45,-133
1739483409.4002476,-25,103,0
1739483409.4452477,22,-4,73
1739483409.4912477,19,10,-90
1739483409.5372477,0,-91,-122
1739483409.5822475,-20,-69,-78
1739483409.6282475,16,-96,-2
1739483409.6742475,-43,-183,-102
1739483409.7202475,52,60,-38
1739483409.7652476,6,26,-30
1739483409.8112476,46,-66,-34
1739483409.8572476,76,28,-51
1739483409.9022477,41,40,-21
1739483409.9482474,34,-110,-100
1739483409.9942474,-11,-54,-55
1739483410.0402474,-13,-37,-15
1739483410.0852475,23,-160,-75
1739483410.1312475,-22,-57,32
1739483410.1772475,0,52,-67
1739483410.2222476,9,-126,-200
1739483410.2682476,-3,-57,-58
1739483410.3142476,45,-120,-11
1739483410.3602476,-42,-163,-57
1739483410.4052474,-3,-63,-18
1739483410.4512477,-77,-87,37
1739483410.4972477,-18,-61,-157
1739483410.5422475,-42,41,-134
1739483410.5882475,49,90,-111
1739483410.6342475,-6,-111,-25
1739483410.6802475,-31,-47,5
1739483410.7252476,-36,-115,37
1739483410.7712476,-102,25,-61
1739483410.8172476,-68,39,-77
1739483410.8622477,-2,-58,-42
1739483410.9082477,-49,37,-4
1739483410.9542477,-1,39,-79
1739483411.0002477,-67,-43,-183
1739483411.0452476,-11,-3,-9
1739483411.0912476,-11,-81,-152
1739483411.1372476,-4,75,-26
1739483411.1822476,-44,-145,8
1739483411.2282476,71,100,-149
1739483411.2742476,26,-54,-3
1739483411.3202477,-53,15,1
1739483411.3652475,-1,75,-32
1739483411.4112475,18,50,-152
1739483411.4572475,-29,-97,15
1739483411.5022476,19,-36,-82
1739483411.5482476,24,-12,-68
1739483411.5942476,24,-58,-153
1739483411.6402476,-17,31,-11
1739483411.6852477,73,-124,73
1739483411.7312477,-8,9,-202
1739483411.7772477,74,-24,-66
1739483411.8222475,5,-36,4
1739483411.8682475,-59,-93,47
1739483411.9142475,-10,-67,2
1739483411.9602475,-10,75,-1
1739483412.0052476,0,-10,-166
1739483412.0512476,-36,-29,-120
1739483412.0972476,40,-18,17
1739483412.1422474,-21,-21,-17
1739483412.1882474,-43,9,22
1739483412.2342474,37,-68,-49
1739483412.2802474,1,0,4
1739483412.3252475,-18,135,-107
1739483412.3712475,29,-33,-25
1739483412.4172475,18,-74,12
1739483412.4622476,16,-16,-47
1739483412.5082476,9,-14,-35
1739483412.5542476,-10,-17,37
1739483412.6002476,41,62,-124
1739483412.6452477,-28,-9,-44
1739483412.6912477,29,11,-40
1739483412.7372477,150,-140,-107
1739483412.7822475,45,-42,66
1739483412.8282475,-47,-30,-119
1739483412.8742476,-72,29,0
1739483412.9202476,11,94,11
1739483412.9652476,24,-97,-68
1739483413.0112476,48,-70,-37
1739483413.0572476,90,-66,-45
1739483413.1022477,-35,8,26
1739483413.1482477,-57,-74,-142
1739483413.1942475,16,-178,-36
1739483413.2402475,63,-15,-111
1739483413.2852476,36,-61,-143
1739483413.3312476,52,15,-59
1739483413.3772476,-53,-70,-173
1739483413.4222476,-11,-103,-42
1739483413.4682477,1,-45,-7
1739483413.5142477,56,17,-42
1739483413.5602477,0,19,21
1739483413.6042476,-16,-34,-8
1739483413.6502476,-55,0,125
1739483413.6962476,59,-87,20
1739483413.7412477,13,-76,-64
1739483413.7932477,-12,32,-140
1739483413.8382475,5,56,-15
1739483413.8842475,-4,-1,-103
1739483413.9302475,38,-4,-85
1739483413.9762475,-52,-48,-113
1739483414.0212476,26,-69,-75
1739483414.0672476,-1,111,3
1739483414.1132476,-15,-176,11
1739483414.1582477,13,-92,-29
1739483414.2042477,25,-69,-73
1739483414.2502477,3,-10,-99
1739483414.2962475,20,-161,10
1739483414.3412476,-48,-58,-107
1739483414.3872476,39,-75,-25
1739483414.4332476,86,-37,-139
1739483414.4782476,-9,57,-2
1739483414.5242476,-6,81,76
1739483414.5702477,-41,-38,-23
1739483414.6162477,84,-85,-114
1739483414.6612475,-31,54,-139
1739483414.7072475,-19,-106,59
1739483414.7532475,27,58,-73
1739483414.7982476,10,17,-89
1739483414.8442476,-36,-98,1
1739483414.8902476,-34,-116,-26
1739483414.9362476,42,97,-141
1739483414.9812477,-14,-70,-33
1739483415.0272477,-19,-76,-26
1739483415.0732474,-21,-118,-8
1739483415.1182475,-28,54,-5
1739483415.1642475,-10,-62,-32
1739483415.2102475,-11,-40,17
1739483415.2562475,89,-123,-160
1739483415.3012476,-69,-172,22
1739483415.3472476,-3,-54,61
1739483415.3932476,17,-56,-9
1739483415.4382474,-5,48,4
1739483415.4842474,54,-137,57
1739483415.5302474,-11,-49,-60
1739483415.5762477,-2,105,19
1739483415.6212475,6,-129,31
1739483415.6672475,11,-25,8
1739483415.7132475,32,-33,-33
1739483415.7582476,70,-1,4
1739483415.8042476,-1,-20,45
1739483415.8502476,19,-61,-6
1739483415.8962476,56,63,-3
1739483415.9412477,-36,-46,-48
1739483415.9872477,62,1,-61
1739483416.0332477,-36,-36,-63
1739483416.0782475,32,-87,-69
1739483416.1242476,-33,-82,-150
1739483416.1702476,-52,-96,-90
1739483416.2162476,-24,-94,-64
1739483416.2612476,12,81,-113
1739483416.3072476,-32,-120,-115
1739483416.3532476,69,-75,-28
1739483416.3982477,15,39,-97
1739483416.4442475,-22,40,-140
1739483416.4902475,28,-33,52
1739483416.5362475,1,-59,-27
1739483416.5812476,33,11,42
1739483416.6272476,-56,-48,-18
1739483416.6732476,-31,-72,0
1739483416.7182477,18,81,74
1739483416.7642477,-4,-26,36
1739483416.8102477,15,65,32
1739483416.8562477,-13,-90,-68
1739483416.9012475,-13,-86,42
1739483416.9472475,-6,18,-56
1739483416.9932475,-118,-56,17
1739483417.0382476,100,-75,-12
1739483417.0842476,-21,-4,13
1739483417.1302476,0,-94,-77
1739483417.1762476,7,77,-14
1739483417.2212474,-24,-10,-69
1739483417.2672474,53,-27,3
1739483417.3132474,-31,-38,-14
1739483417.3582475,-16,-124,7
1739483417.4042475,45,-71,9
1739483417.4502475,34,-37,0
1739483417.4962475,-56,-12,-24
1739483417.5412476,-14,-76,112
1739483417.5872476,7,-37,-151
1739483417.6332476,3,-101,-66
1739483417.6782477,3,34,5
1739483417.7242477,-3,53,-46
1739483417.7702477,90,-45,96
1739483417.8162477,-45,2,-56
1739483417.8612475,-118,0,-11
1739483417.9072475,37,1,-54
1739483417.9532475,13,-81,88
1739483417.9982476,-52,30,20
1739483418.0442476,-29,-32,69
1739483418.0902476,-11,38,14
1739483418.1362476,44,-87,-118
1739483418.1812477,77,-31,42
1739483418.2272477,16,-3,76
1739483418.2732477,53,53,9
1739483418.3182476,-4,-186,7
1739483418.3642476,-24,-124,5
1739483418.4102476,45,17,-46
1739483418.4562476,-106,114,-103
1739483418.5012476,0,-10,21
1739483418.5472476,57,-53,-79
1739483418.5932477,24,-17,45
1739483418.6382475,-5,-58,95
1739483418.6842475,5,51,-39
1739483418.7302475,31,-7,-12
1739483418.7762475,-7,-22,-140
1739483418.8212476,-31,16,-121
1739483418.8672476,-15,-20,66
1739483418.9132476,-27,66,-242
1739483418.9582477,-16,-48,43
1739483419.0042477,71,-127,-44
1739483419.0502477,48,-103,2
1739483419.0962474,20,21,-41
1739483419.1412475,5,-77,0
1739483419.1872475,91,9,-50
1739483419.2332475,10,-139,-46
1739483419.2782476,17,85,48
1739483419.3242476,-24,-12,24
1739483419.3702476,0,-5,-17
1739483419.4162476,36,7,-11
1739483419.4612474,52,-15,104
1739483419.5072474,-78,-94,-47
1739483419.5532477,0,46,-12
1739483419.5982475,-67,32,-53
1739483419.6442475,-6,-58,-67
1739483419.6902475,0,-48,-73
1739483419.7362475,17,3,-197
1739483419.7812476,68,27,-63
1739483419.8272476,-1,-34,2
1739483419.8732476,-31,-118,-73
1739483419.9182477,28,17,-22
1739483419.9642477,-7,64,138
1739483420.0102477,-69,-102,-27
1739483420.0562477,-8,-66,47
1739483420.1012475,18,-57,-27
1739483420.1472476,49,-41,-71
1739483420.1932476,23,-73,-92
1739483420.2382476,-19,66,-11
1739483420.2842476,-39,16,72
1739483420.3302476,71,-133,-29
1739483420.3762476,-44,-102,-7
1739483420.4212475,-13,-16,0
1739483420.4672475,48,-91,16
1739483420.5132475,45,-19,14
1739483420.5582476,79,-23,45
1739483420.6042476,2,-85,-92
1739483420.6502476,-32,-46,-27
1739483420.6962476,52,69,-95
1739483420.7412477,31,-11,-87
1739483420.7872477,5,-39,-16
1739483420.8332477,-10,-147,13
1739483420.8782475,36,-17,-68
1739483420.9242475,63,-95,-123
1739483420.9702475,20,39,11
1739483421.0162475,35,-103,-58
1739483421.0612476,60,53,-87
1739483421.1072476,23,15,-222
1739483421.1532476,27,-57,14
1739483421.1982474,-31,-98,20
1739483421.2442474,-17,112,-56
1739483421.2902474,8,133,38
1739483421.3362474,-12,-70,37
1739483421.3812475,-53,-66,-31
1739483421.4272475,40,-35,14
1739483421.4732475,35,-105,-55
1739483421.5182476,0,78,83
1739483421.5642476,15,-43,-40
1739483421.6102476,103,-75,-22
1739483421.6562476,-48,-68,-41
1739483421.7012477,-83,30,-140
1739483421.7472477,-58,-130,-83
1739483421.7932477,0,-64,-12
1739483421.8382475,34,5,-13
1739483421.8842475,39,35,26
1739483421.9302475,60,-51,-90
1739483421.9762475,-29,-90,-32
1739483422.0212476,24,-115,-35
1739483422.0672476,9,-87,-24
1739483422.1132476,84,41,74
1739483422.1582477,-6,12,-33
1739483422.2042477,-28,-108,15
1739483422.2502477,-36,64,-65
1739483422.2952476,-52,-24,-104
1739483422.3412476,-85,114,17
1739483422.3872476,44,-57,-154
1739483422.4332476,-44,-34,-28
1739483422.4782476,-47,-130,-70
1739483422.5242476,-7,33,-94
1739483422.5702477,21,21,-32
1739483422.6162477,-44,-80,-34
1739483422.6612475,14,-95,-27
1739483422.7072475,-42,-4,-65
1739483422.7532475,-6,-44,-47
1739483422.7982476,-28,50,-48
1739483422.8442476,-19,-14,-53
1739483422.8902476,80,13,-34
1739483422.9362476,15,-67,-20
1739483422.9812477,21,29,-21
1739483423.0272477,-8,-106,19
1739483423.0732474,76,93,42
1739483423.1182475,-86,24,-101
1739483423.1642475,27,-93,-45
1739483423.2102475,-37,-46,-73
1739483423.2552476,-60,-2,-20
1739483423.3012476,19,51,-45
1739483423.3472476,7,-15,-66
1739483423.3932476,6,83,0
1739483423.4382474,36,5,-85
1739483423.4842474,19,-41,8
1739483423.5302474,19,-27,-31
1739483423.5752475,40,-43,-2
1739483423.6212475,42,83,-196
1739483423.6672475,13,-19,-29
1739483423.7132475,-91,10,-37
1739483423.7582476,36,-81,-113
1739483423.8102477,15,-37,-56
1739483423.8552475,-42,-84,-57
1739483423.9012475,67,-31,69
1739483423.9472475,57,-63,-101
1739483423.9932475,-39,-98,8
1739483424.0382476,-39,-12,-72
1739483424.0842476,-14,-4,3
1739483424.1302476,-50,-30,-55
1739483424.1752477,6,0,31
1739483424.2212474,-14,16,-32
1739483424.2672474,60,-29,17
1739483424.3132474,-62,-60,-8
1739483424.3582475,-84,-56,-122
1739483424.4042475,-50,-106,-24
1739483424.4502475,57,-101,-88
1739483424.4952476,40,-63,-3
1739483424.5412476,-21,48,15
1739483424.5872476,-49,86,-45
1739483424.6332476,-10,-40,61
1739483424.6782477,-38,-64,-96
1739483424.7242477,38,7,-23
1739483424.7702477,25,-73,-35
1739483424.8152475,22,-41,88
1739483424.8612475,29,23,-42
1739483424.9072475,9,43,-166
1739483424.9532475,-19,-164,-52
1739483424.9982476,-24,6,-7
1739483425.0442476,-2,-168,-34
1739483425.0902476,36,21,-45
1739483425.1352477,17,16,-77
1739483425.1812477,25,42,-19
1739483425.2272477,-10,15,11
1739483425.2732477,-20,-5,63
1739483425.3182476,10,-16,-19
1739483425.3642476,42,-41,-105
1739483425.4102476,6,44,-127
1739483425.4552476,-20,69,11
1739483425.5012476,26,56,20
1739483425.5472476,-43,-61,37
1739483425.5932477,38,-78,-95
1739483425.6382475,-6,-33,47
1739483425.6842475,14,-24,-79
1739483425.7302475,-21,19,-153
1739483425.7752476,13,-92,-54
1739483425.8212476,5,32,0
1739483425.8672476,21,-21,33
1739483425.9132476,10,5,-31
1739483425.9582477,48,-103,-23
1739483426.0042477,-12,-169,70
1739483426.0502477,72,-172,-8
1739483426.0952475,-24,63,-92
1739483426.1412475,49,81,-112
1739483426.1872475,76,3,-84
1739483426.2332475,-20,-12,-112
1739483426.2782476,-83,-66,51
1739483426.3242476,-6,-34,13
1739483426.3702476,90,-22,32
1739483426.4152474,-38,33,29
1739483426.4612474,30,6,56
1739483426.5072474,23,-28,-114
1739483426.5532477,45,-48,24
1739483426.5982475,-34,-87,15
1739483426.6442475,33,-4,-27
1739483426.6902475,-27,53,99
1739483426.7352476,30,-106,-26
1739483426.7812476,7,-50,138
1739483426.8272476,-40,-27,-46
1739483426.8732476,45,-74,-73
1739483426.9182477,17,-99,1
1739483426.9642477,65,-101,-42
1739483427.0102477,-29,-84,70
1739483427.0552475,68,-76,-11
1739483427.1012475,37,-8,19
1739483427.1472476,30,-64,83
1739483427.1932476,19,-6,-4
1739483427.2382476,53,-26,36
1739483427.2842476,-96,-35,-88
1739483427.3302476,9,-128,-5
1739483427.3752477,-47,-81,-128
1739483427.4212475,-43,-31,95
1739483427.4672475,1,-26,23
1739483427.5132475,-54,-19,-94
1739483427.5582476,37,-32,-80
1739483427.6042476,-19,-10,-5
1739483427.6502476,23,11,-19
1739483427.6952477,-32,63,-63
1739483427.7412477,-43,-7,-166
1739483427.7872477,5,51,-114
1739483427.8332477,-2,-70,-24
1739483427.8782475,-60,-32,4
1739483427.9242475,8,-55,-64
1739483427.9702475,-2,61,-4
1739483428.0152476,93,-73,-78
1739483428.0612476,16,-4,-99
1739483428.1072476,-14,33,-61
1739483428.1532476,18,-6,21
1739483428.1982474,-43,18,-42
1739483428.2442474,-20,38,-23
1739483428.2902474,-33,-28,35
1739483428.3352475,-53,-38,-91
1739483428.3812475,-13,44,-18
1739483428.4272475,-38,-82,-127
1739483428.4732475,12,-22,-182
1739483428.5182476,23,-90,57
1739483428.5642476,4,73,-95
1739483428.6102476,41,-25,-44
1739483428.6552474,-54,-124,-117
1739483428.7012477,-110,26,9
1739483428.7472477,-74,-14,-82
1739483428.7932477,-5,-86,-31
1739483428.8382475,25,-97,-70
1739483428.8842475,30,17,-53
1739483428.9302475,-6,-6,-68
1739483428.9752476,-25,-46,-50
1739483429.0212476,41,-9,-32
1739483429.0672476,-51,24,37
1739483429.1132476,-10,-96,-103
1739483429.1582477,-1,-55,4
1739483429.2042477,-66,-68,-143
1739483429.2502477,10,-59,-55
1739483429.2952476,-26,-30,-3
1739483429.3412476,-25,-74,-43
1739483429.3872476,-27,-42,-20
1739483429.4332476,77,-59,56
1739483429.4782476,-70,38,29
1739483429.5242476,-55,-62,23
1739483429.5702477,-97,48,-4
1739483429.6152475,9,0,-110
1739483429.6612475,22,-37,-143
1739483429.7072475,55,-37,-56
1739483429.7532475,10,47,-111
1739483429.7982476,-49,-100,-110
1739483429.8442476,100,109,22
1739483429.8902476,-59,46,50
1739483429.9352477,-40,-84,21
1739483429.9812477,11,-22,-4
1739483430.0272477,-119,19,57
1739483430.0732474,-77,-174,-144
1739483430.1182475,-12,23,-108
1739483430.1642475,-90,-51,-47
1739483430.2102475,-28,-12,7
1739483430.2552476,79,-155,49
1739483430.3012476,0,-3,-44
1739483430.3472476,-58,-124,-10
1739483430.3932476,-1,-63,-3
1739483430.4382474,24,7,-12
1739483430.4842474,7,16,-5
1739483430.5302474,-44,32,-153
1739483430.5752475,67,9,18
1739483430.6212475,34,1,-109
1739483430.6672475,34,-53,46
1739483430.7132475,100,-25,9
1739483430.7582476,-60,-216,1
1739483430.8042476,-17,-2,-32
1739483430.8502476,-13,-106,-102
1739483430.8952477,-15,-124,-52
1739483430.9412477,-10,8,-44
1739483430.9872477,-94,6,-32
1739483431.0332477,4,-49,27
1739483431.0782475,-6,-14,0
1739483431.1242476,53,-7,76
1739483431.1702476,88,9,-54
1739483431.2152476,-19,-123,1
1739483431.2612476,8,-30,77
1739483431.3072476,-54,-63,-49
1739483431.3532476,-13,-121,-32
1739483431.3982477,0,-20,-32
1739483431.4442475,-3,12,-103
1739483431.4902475,48,42,62
1739483431.5352476,6,-78,-74
1739483431.5812476,36,-88,71
1739483431.6272476,-30,-35,-56
1739483431.6732476,-62,140,36
1739483431.7182477,4,-14,-22
1739483431.7642477,-2,-46,-21
1739483431.8102477,-29,-8,-51
1739483431.8552475,-56,-64,100
1739483431.9012475,-47,-78,-71
1739483431.9472475,4,-52,-42
1739483431.9932475,11,-29,214
1739483432.0382476,-54,-126,33
1739483432.0842476,-30,4,1
1739483432.1302476,55,-69,-34
1739483432.1752477,-46,-100,-29
1739483432.2212474,-55,-133,-153
1739483432.2672474,-2,35,70
1739483432.3132474,-38,-7,-66
1739483432.3582475,40,-32,-91
1739483432.4042475,-40,47,-77
1739483432.4502475,-82,-1,-82
1739483432.4952476,79,-24,-98
1739483432.5412476,-12,21,3
1739483432.5872476,-17,-71,-55
1739483432.6332476,-10,-17,-98
1739483432.6782477,-12,11,-23
1739483432.7242477,7,-28,-78
1739483432.7702477,-62,-53,65
1739483432.8152475,46,-4,-13
1739483432.8612475,86,7,-21
1739483432.9072475,23,34,-21
1739483432.9532475,15,101,-37
1739483432.9982476,61,-49,-75
1739483433.0442476,-29,78,7
1739483433.0902476,25,43,-47
1739483433.1352477,2,-10,-113
1739483433.1812477,-85,58,-5
1739483433.2272477,-38,16,-76
1739483433.2732477,27,-119,73
1739483433.3182476,35,95,131
1739483433.3642476,24,-129,53
1739483433.4102476,29,-91,-103
1739483433.4552476,6,-41,-31
1739483433.5012476,45,-73,60
1739483433.5472476,-49,-90,16
1739483433.5932477,18,95,-189
1739483433.6382475,-3,66,21
1739483433.6842475,11,19,-44
1739483433.7302475,-17,-76,-16
1739483433.7812476,-59,-144,33
1739483433.8272476,-30,79,-118
1739483433.8732476,-54,35,-50
1739483433.9182477,-3,-36,-25
1739483433.9642477,-8,-31,-63
1739483434.0102477,-68,-21,-89
1739483434.0552475,11,-26,-133
1739483434.1012475,-41,-89,-74
1739483434.1472476,-20,-115,-33
1739483434.1932476,-19,-184,-136
1739483434.2382476,-78,-121,33
1739483434.2842476,59,-52,-114
1739483434.3302476,51,-47,-154
1739483434.3752477,-83,-16,-110
1739483434.4212475,-88,-32,-58
1739483434.4672475,-22,18,-29
1739483434.5132475,-24,-67,40
1739483434.5582476,14,7,25
1739483434.6042476,-34,39,8
1739483434.6502476,31,136,45
1739483434.6952477,3,-79,37
1739483434.7412477,-1,-51,20
1739483434.7872477,13,58,-113
1739483434.8332477,38,-4,-100
1739483434.8782475,19,4,11
1739483434.9232476,-17,-154,-10
1739483434.9692476,-12,-67,49
1739483435.0142477,22,-74,-68
1739483435.0602477,57,66,-26
1739483435.1062477,0,16,-88
1739483435.1512475,-5,-1,-5
1739483435.1972475,52,-88,-24
1739483435.2432475,-54,-65,30
1739483435.2892475,-31,43,-9
1739483435.3342476,-80,-47,10
1739483435.3802476,10,-88,-6
1739483435.4262476,-28,-65,-25
1739483435.4712474,-47,31,-147
1739483435.5172474,-49,13,-56
1739483435.5632474,-30,-7,58
1739483435.6092474,23,-40,153
1739483435.6542475,23,-18,-13
1739483435.7002475,23,-22,15
1739483435.7462475,56,-66,-50
1739483435.7912476,-11,-93,-20
1739483435.8372476,-17,-113,-51
1739483435.8832476,98,-16,-82
1739483435.9292476,16,27,-37
1739483435.9742477,10,-13,-13
1739483436.0202477,0,-98,-16
1739483436.0662477,-32,-67,-32
1739483436.1112475,-56,-34,40
1739483436.1572475,-42,-27,-26
1739483436.2032475,-3,-9,15
1739483436.2492476,-75,11,-62
1739483436.2942476,-22,11,-80
1739483436.3402476,-8,25,0
1739483436.3862476,25,48,-98
1739483436.4312477,-21,-17,-60
1739483436.4772477,-54,101,25
1739483436.5232477,1,-64,-25
1739483436.5692475,37,-4,-156
1739483436.6142476,25,4,-45
1739483436.6602476,-33,-11,-130
1739483436.7062476,29,-44,-15
1739483436.7512476,-37,-27,-60
1739483436.7972476,-43,-1,10
1739483436.8432477,-85,-143,-40
1739483436.8892477,3,-81,41
1739483436.9342475,-2,1,-15
1739483436.9802475,-31,-13,68
1739483437.0262475,-16,27,34
1739483437.0712476,59,-158,-102
1739483437.1172476,18,6,-15
1739483437.1632476,-15,-48,199
1739483437.2092476,22,-41,-6
1739483437.2542477,-23,-18,-33
1739483437.3002477,-78,-56,-5
1739483437.3462474,-27,-6,-9
1739483437.3912475,24,-15,-59
1739483437.4372475,14,-93,-19
1739483437.4832475,-21,-32,-106
1739483437.5292475,-35,-2,-8
1739483437.5742476,-3,-62,36
1739483437.6202476,-5,-78,-112
1739483437.6662476,-8,18,-25
1739483437.7112474,-60,-42,3
1739483437.7572474,-76,10,2
1739483437.8032477,-57,-18,-45
1739483437.8492477,-28,-98,-123
1739483437.8942475,39,-31,20
1739483437.9402475,-1,-44,-93
1739483437.9862475,22,-78,-86
1739483438.0312476,-4,-60,-26
1739483438.0772476,15,-202,9
1739483438.1232476,-108,68,41
1739483438.1692476,111,-31,-70
1739483438.2142477,-3,22,-10
1739483438.2602477,8,135,-27
1739483438.3062477,-3,1,20
1739483438.3512475,-75,-93,-104
1739483438.3972476,-3,-42,2
1739483438.4432476,49,-93,-79
1739483438.4892476,-16,141,-30
1739483438.5342476,50,-70,99
1739483438.5802476,-30,-99,-97
1739483438.6262476,16,-2,-182
1739483438.6712475,23,-27,-47
1739483438.7172475,72,-68,-21
1739483438.7632475,-91,-57,35
1739483438.8092475,8,60,16
1739483438.8542476,47,-138,-85
1739483438.9002476,6,-34,-15
1739483438.9462476,-24,-127,-75
1739483438.9912477,-5,-66,67
1739483439.0372477,-48,-86,19
1739483439.0832477,-1,14,-41
1739483439.1292477,-61,-110,-39
1739483439.1742475,-35,14,0
1739483439.2202475,-28,4,0
1739483439.2662475,17,-85,-66
1739483439.3112476,100,-111,-146
1739483439.3572476,52,-97,98
1739483439.4032476,0,-128,-65
1739483439.4492476,12,-40,40
1739483439.4942474,-30,-135,-116
1739483439.5402474,59,-48,-74
1739483439.5862474,22,0,-121
1739483439.6312475,-76,25,-61
1739483439.6772475,-16,-33,-6
1739483439.7232475,36,-71,-36
1739483439.7692475,-40,-18,3
1739483439.8142476,28,-61,25
1739483439.8602476,45,103,-149
1739483439.9062476,-47,8,-9
1739483439.9512477,-9,-14,69
1739483439.9972477,44,-35,-98
1739483440.0432477,-34,7,9
1739483440.0892477,0,32,-51
1739483440.1342475,28,104,25
1739483440.1802475,-45,-113,-36
1739483440.2262475,-35,-7,-47
1739483440.2712476,-6,-25,58
1739483440.3172476,35,-72,0
1739483440.3632476,-10,49,-101
1739483440.4092476,22,-102,-2
1739483440.4542477,-4,30,25
1739483440.5002477,32,33,29
1739483440.5462475,-2,-128,-5
1739483440.5912476,-75,114,-30
1739483440.6372476,-60,-193,83
1739483440.6832476,-18,-19,0
1739483440.7292476,-10,-148,-63
1739483440.7742476,47,16,-97
1739483440.8202477,-52,-63,9
1739483440.8662477,18,-42,-20
1739483440.9112475,-17,-91,-67
1739483440.9572475,46,-40,-158
1739483441.0032475,-6,-39,70
1739483441.0492475,-91,141,-87
1739483441.0942476,31,-16,-60
1739483441.1402476,49,26,-55
1739483441.1862476,-50,-3,-2
1739483441.2312477,37,-12,-92
1739483441.2772477,-50,-1,-21
1739483441.3232474,20,2,-96
1739483441.3692474,-120,-57,-107
1739483441.4142475,18,68,-13
1739483441.4602475,71,-60,-48
1739483441.5062475,-23,87,-18
1739483441.5512476,2,26,-17
1739483441.5972476,4,64,-23
1739483441.6432476,-33,-63,-70
1739483441.6892476,47,-50,52
1739483441.7342474,29,-92,-142
1739483441.7802474,-27,-7,-19
1739483441.8262477,0,16,-121
1739483441.8712475,-7,-97,-45
1739483441.9172475,29,14,-80
1739483441.9632475,-60,15,-111
1739483442.0092475,-34,67,-50
1739483442.0542476,-62,1,34
1739483442.1002476,46,-72,-54
1739483442.1462476,-59,-109,-21
1739483442.1912477,-50,-35,4
1739483442.2372477,-21,-1,59
1739483442.2832477,9,-44,-125
1739483442.3292477,70,28,-85
1739483442.3742476,-22,51,-67
1739483442.4202476,15,-13,-62
1739483442.4662476,1,-11,-69
1739483442.5112476,-23,49,8
1739483442.5572476,30,56,-9
1739483442.6032476,31,-4,-58
1739483442.6492476,28,-86,140
1739483442.6942475,39,-22,-5
1739483442.7402475,-6,9,-17
1739483442.7862475,-44,85,13
1739483442.8312476,-50,-61,-23
1739483442.8772476,0,-84,-35
1739483442.9232476,-36,-125,-166
1739483442.9692476,21,60,8
1739483443.0142477,-10,-55,-104
1739483443.0602477,52,-6,17
1739483443.1062477,4,0,18
1739483443.1512475,-2,-32,-113
1739483443.1972475,27,-56,-96
1739483443.2432475,-126,77,-3
1739483443.2892475,14,-34,-39
1739483443.3342476,-1,27,-115
1739483443.3802476,-4,-122,-41
1739483443.4262476,-56,17,-12
1739483443.4712474,-25,-69,19
1739483443.5172474,69,116,-111
1739483443.5632474,59,8,65
1739483443.6092474,-35,-73,-49
1739483443.6542475,47,-100,-11
1739483443.7002475,0,-169,-41
1739483443.7462475,-42,-13,-40
1739483443.7972476,13,-26,32
1739483443.8432477,67,24,-69
1739483443.8892477,-51,-99,43
1739483443.9342475,41,-82,-116
1739483443.9802475,39,-110,-43
1739483444.0262475,88,-124,-13
1739483444.0712476,-114,-99,-26
1739483444.1172476,88,-46,25
1739483444.1632476,-15,9,-51
1739483444.2092476,-35,-69,-134
1739483444.2542477,-7,-29,-74
1739483444.3002477,4,-13,39
1739483444.3462474,-33,-45,14
1739483444.3912475,57,-42,-157
1739483444.4372475,-25,-13,17
1739483444.4832475,57,-56,-1
1739483444.5292475,14,-60,-4
1739483444.5742476,57,-26,142
1739483444.6202476,-54,131,84
1739483444.6662476,49,-36,-64
1739483444.7112474,1,-33,-55
1739483444.7572474,-39,-45,-89
1739483444.8032477,64,-146,-76
1739483444.8492477,14,35,72
1739483444.8942475,-39,25,-13
1739483444.9402475,64,-36,19
1739483444.9862475,40,-94,102
1739483445.0312476,-65,59,81
1739483445.0772476,-7,-155,68
1739483445.1232476,-26,-97,-93
1739483445.1692476,87,-10,-25
1739483445.2142477,-15,-55,82
1739483445.2602477,81,24,-28
1739483445.3062477,-2,-23,-181
1739483445.3512475,-10,-120,-114
1739483445.3972476,-55,63,88
1739483445.4432476,-34,23,-178
1739483445.4892476,-9,0,-33
1739483445.5342476,-44,-87,-80
1739483445.5802476,61,-44,-53
1739483445.6262476,-58,-13,23
1739483445.6712475,-3,-18,-49
1739483445.7172475,4,-68,5
1739483445.7632475,-78,63,120
1739483445.8092475,7,-44,3
1739483445.8542476,43,-70,5
1739483445.9002476,-44,-65,58
1739483445.9462476,-85,-57,4
1739483445.9912477,-61,-191,-1
1739483446.0372477,-93,-67,-83
1739483446.0832477,22,-32,-108
1739483446.1292477,59,-54,-8
1739483446.1742475,12,58,-47
1739483446.2202475,16,-44,29
1739483446.2662475,-76,-5,60
1739483446.3112476,36,130,26
1739483446.3572476,70,48,-6
1739483446.4032476,0,-56,-27
1739483446.4492476,54,-76,-54
1739483446.4942474,22,-50,21
1739483446.5402474,99,1,-133
1739483446.5862474,-15,-117,-39
1739483446.6312475,-80,-86,106
1739483446.6772475,2,47,-11
1739483446.7232475,-23,-82,14
1739483446.7692475,-19,-2,29
1739483446.8142476,-77,-70,-141
1739483446.8602476,43,-93,-46
1739483446.9062476,-11,64,66
1739483446.9512477,51,-29,16
1739483446.9972477,0,-23,61
1739483447.0432477,50,-45,-26
1739483447.0892477,-41,-30,-86
1739483447.1342475,-41,-24,50
1739483447.1802475,83,-65,38
1739483447.2262475,84,33,96
1739483447.2712476,-34,-42,-15
1739483447.3172476,-21,20,-121
1739483447.3632476,13,-123,12
1739483447.4092476,-29,12,41
1739483447.4542477,48,5,17
1739483447.5002477,-9,-84,69
1739483447.5462475,102,-7,-90
1739483447.5912476,-8,-86,-42
1739483447.6372476,-83,-76,-5
1739483447.6832476,-32,-8,86
1739483447.7292476,49,-123,8
1739483447.7742476,-13,3,20
1739483447.8202477,14,41,-48
1739483447.8662477,88,73,53
1739483447.9112475,-10,-17,-18
1739483447.9572475,-53,-70,-49
1739483448.0032475,8,-40,-67
1739483448.0492475,-38,48,-45
1739483448.0942476,-19,-124,-23
1739483448.1402476,52,-29,-49
1739483448.1862476,-14,-16,60
1739483448.2312477,-56,50,-76
1739483448.2772477,21,0,-26
1739483448.3232474,2,-19,38
1739483448.3692474,45,-59,12
1739483448.4142475,-9,-79,-175
1739483448.4602475,34,-65,65
1739483448.5062475,16,43,-88
1739483448.5512476,-53,36,-34
1739483448.5972476,-7,86,-57
1739483448.6432476,27,-31,-137
1739483448.6892476,-19,-6,46
1739483448.7342474,10,-7,-78
1739483448.7802474,29,11,-22
1739483448.8262477,-25,2,87
1739483448.8712475,17,-59,-69
1739483448.9172475,-50,8,7
1739483448.9632475,41,-171,-127
1739483449.0092475,29,-41,-60
1739483449.0542476,-99,-68,-87
1739483449.1002476,90,-61,72
1739483449.1462476,71,-81,24
1739483449.1912477,28,83,75
1739483449.2372477,82,-51,-58
1739483449.2832477,66,25,-88
1739483449.3292477,-80,-78,-56
1739483449.3742476,56,-81,-88
1739483449.4202476,-22,16,31
1739483449.4662476,24,103,-56
1739483449.5112476,93,119,-98
1739483449.5572476,-42,36,0
1739483449.6032476,5,-7,-61
1739483449.6492476,-20,-10,-90
1739483449.6942475,-3,0,-15
1739483449.7402475,41,-37,-19
1739483449.7862475,-31,-14,-221
1739483449.8312476,-12,-80,-71
1739483449.8772476,-2,-47,-128
1739483449.9232476,-44,-18,-63
1739483449.9692476,-130,20,-8
1739483450.0142477,-24,26,-44
1739483450.0602477,-82,20,-114
1739483450.1062477,-90,58,-80
1739483450.1512475,-102,42,-17
1739483450.1972475,-23,76,-45
1739483450.2432475,33,-65,46
1739483450.2892475,-24,-44,-111
1739483450.3342476,-23,-2,-64
1739483450.3802476,-47,50,64
1739483450.4262476,27,-27,-114
1739483450.4712474,-2,-23,48
1739483450.5172474,-18,12,-62
1739483450.5632474,-47,-44,7
1739483450.6092474,44,105,-11
1739483450.6542475,34,87,-66
1739483450.7002475,-77,-20,-40
1739483450.7462475,24,-69,-36
1739483450.7912476,72,67,-2
1739483450.8372476,90,35,3
1739483450.8832476,-17,-10,42
1739483450.9292476,-49,10,99
1739483450.9742477,39,53,5
1739483451.0202477,-73,-36,100
1739483451.0662477,34,101,-23
1739483451.1112475,-16,-18,-21
1739483451.1572475,75,-99,73
1739483451.2032475,-55,-26,88
1739483451.2492476,54,-71,57
1739483451.2942476,16,9,23
1739483451.3402476,16,-19,-37
1739483451.3862476,-67,-64,-63
1739483451.4312477,-19,120,7
1739483451.4772477,-30,62,-16
1739483451.5232477,-17,-56,10
1739483451.5692475,55,-9,35
1739483451.6142476,-64,-90,-63
1739483451.6602476,71,-29,-108
1739483451.7062476,-21,-80,-115
1739483451.7512476,-49,-78,6
1739483451.7972476,-61,0,-73
1739483451.8432477,-12,-48,-16
1739483451.8892477,-59,-104,-8
1739483451.9342475,-63,-138,61
1739483451.9802475,17,-61,88
1739483452.0262475,-8,-12,-98
1739483452.0712476,60,-69,-51
1739483452.1172476,57,-71,72
1739483452.1632476,-60,-48,0
1739483452.2092476,63,1,-47
1739483452.2542477,34,-83,-5
1739483452.3002477,15,-35,-66
1739483452.3462474,6,-110,-81
1739483452.3912475,-25,-100,-82
1739483452.4372475,52,-139,-111
1739483452.4832475,29,-13,49
1739483452.5292475,22,23,0
1739483452.5742476,22,-165,110
1739483452.6202476,23,41,-33
1739483452.6662476,34,79,-2
1739483452.7112474,-36,-184,-50
1739483452.7572474,32,65,-36
1739483452.8032477,-14,52,39
1739483452.8492477,0,77,-126
1739483452.8942475,0,30,17
1739483452.9402475,-73,38,102
1739483452.9862475,43,-5,1
1739483453.0312476,69,-197,-88
1739483453.0772476,65,-47,-189
1739483453.1232476,-24,-80,7
1739483453.1692476,-44,18,-148
1739483453.2142477,15,-26,-134
1739483453.2602477,-15,-46,-76
1739483453.3062477,-70,42,10
1739483453.3512475,-24,-70,-34
1739483453.3972476,11,-50,-74
1739483453.4432476,-23,-28,86
1739483453.4892476,39,-37,145
1739483453.5342476,-76,-74,-69
1739483453.5802476,-9,-62,16
1739483453.6262476,-25,0,77
1739483453.6712475,19,51,-51
1739483453.7172475,-26,-96,110
1739483453.7632475,-22,15,25
1739483453.8142476,42,-33,29
1739483453.8602476,-39,-126,48
1739483453.9062476,131,-175,-88
1739483453.9512477,-79,12,-21
1739483453.9972477,-39,-66,-42
1739483454.0432477,-40,2,-57
1739483454.0892477,30,-105,-103
1739483454.1342475,-72,22,-68
1739483454.1802475,41,-137,8
1739483454.2262475,57,7,-53
1739483454.2712476,-2,-111,55
1739483454.3172476,92,49,92
1739483454.3632476,46,17,-1
1739483454.4092476,-23,-24,1
1739483454.4542477,-21,-6,-33
1739483454.5002477,57,-95,-131
1739483454.5462475,97,-85,-25
1739483454.5912476,-37,-35,-93
1739483454.6372476,66,77,4
1739483454.6832476,92,57,-27
1739483454.7292476,4,-27,-57
1739483454.7742476,-24,-17,-88
1739483454.8202477,-63,107,55
1739483454.8662477,-40,31,-163
1739483454.9112475,-15,-7,-11
1739483454.9572475,-79,89,-24
1739483455.0032475,0,-73,-135
1739483455.0492475,-8,-84,-103
1739483455.0942476,-12,-27,-29
1739483455.1402476,92,-17,39
1739483455.1862476,-64,-14,20
1739483455.2312477,-59,-179,16
1739483455.2772477,33,-128,-37
1739483455.3232474,26,0,-53
1739483455.3692474,-40,-37,11
1739483455.4142475,38,6,6
1739483455.4602475,11,-73,22
1739483455.5062475,57,85,-88
1739483455.5512476,-13,0,2
1739483455.5972476,0,-9,97
1739483455.6432476,-25,-88,3
1739483455.6892476,-64,84,3
1739483455.7342474,-57,-136,-70
1739483455.7802474,36,-109,15
1739483455.8262477,27,-27,71
1739483455.8712475,-76,35,-13
1739483455.9172475,25,-66,-161
1739483455.9632475,13,-30,-25
1739483456.0082476,14,73,-109
1739483456.0542476,-118,71,1
1739483456.1002476,61,-77,18
1739483456.1462476,70,-12,-27
1739483456.1912477,-6,-135,-78
1739483456.2372477,-21,35,-19
1739483456.2832477,17,64,32
1739483456.3282475,26,-128,1
1739483456.3742476,-12,-33,-33
1739483456.4202476,91,-126,-63
1739483456.4662476,-2,-95,10
1739483456.5112476,-78,39,39
1739483456.5572476,-1,60,-50
1739483456.6032476,-18,-101,13
1739483456.6482477,-50,-153,85
1739483456.6942475,-55,-153,25
1739483456.7402475,-13,-9,-123
1739483456.7862475,13,68,-28
1739483456.8312476,18,-22,-41
1739483456.8772476,-26,-67,-52
1739483456.9232476,-78,61,-28
1739483456.9682477,75,-116,-36
1739483457.0142477,28,-7,-114
1739483457.0602477,86,-1,-2
1739483457.1062477,107,-120,65
1739483457.1512475,-27,-25,-30
1739483457.1972475,53,-82,41
1739483457.2432475,5,-106,-17
1739483457.2882476,22,-140,-171
1739483457.3342476,20,-44,-10
1739483457.3802476,-48,3,-139
1739483457.4262476,-6,-74,-136
1739483457.4712474,-86,-48,25
1739483457.5172474,-13,30,-67
1739483457.5632474,0,-138,32
1739483457.6082475,-72,65,37
1739483457.6542475,-6,-76,75
1739483457.7002475,44,-19,3
1739483457.7462475,-42,-56,5
1739483457.7912476,13,-6,-57
1739483457.8372476,2,-3,-73
1739483457.8832476,-139,-122,-118
1739483457.9282477,10,73,-57
1739483457.9742477,-8,-40,-146
1739483458.0202477,38,-109,-57
1739483458.0662477,-6,-28,153
1739483458.1112475,28,67,-3
1739483458.1572475,18,-121,-61
1739483458.2032475,12,-15,-214
1739483458.2482476,43,-23,35
1739483458.2942476,-71,-80,37
1739483458.3402476,25,-29,-21
1739483458.3862476,-100,-46,-46
1739483458.4312477,26,-83,82
1739483458.4772477,-89,-133,-8
1739483458.5232477,10,-30,-76
1739483458.5682476,34,-138,-21
1739483458.6142476,-19,-101,58
1739483458.6602476,32,-72,102
1739483458.7062476,-17,-96,-8
1739483458.7512476,-22,-58,-41
1739483458.7972476,8,52,-52
1739483458.8432477,-13,-1,-38
1739483458.8882475,20,-14,0
1739483458.9342475,20,-52,-136
1739483458.9802475,-13,-57,-106
1739483459.0262475,-24,-90,29
1739483459.0712476,58,-29,-24
1739483459.1172476,-79,26,97
1739483459.1632476,29,-121,36
1739483459.2082477,-33,-148,-109
1739483459.2542477,48,-77,-87
1739483459.3002477,44,-59,-54
1739483459.3462474,26,21,-50
1739483459.3912475,49,-79,-136
1739483459.4372475,-61,22,-22
1739483459.4822476,74,-75,-41
1739483459.5272477,0,-38,-19
1739483459.5732474,51,7,27
1739483459.6192474,24,3,-77
1739483459.6642475,-22,-4,-134
1739483459.7102475,77,-36,-8
1739483459.7562475,-8,33,-66
1739483459.8022475,-19,27,-43
1739483459.8472476,53,14,-76
1739483459.8932476,8,-20,-29
1739483459.9392476,50,-40,-40
1739483459.9842474,19,-124,18
1739483460.0302474,75,-76,61
1739483460.0762477,-1,25,18
1739483460.1222477,4,-12,63
1739483460.1672475,-22,-111,-14
1739483460.2132475,-24,9,-42
1739483460.2592475,26,-70,-57
1739483460.3042476,-7,97,-68
1739483460.3502476,-54,-23,-61
1739483460.3962476,44,25,-160
1739483460.4422476,-1,43,1
1739483460.4872477,33,-108,1
1739483460.5332477,54,-28,-26
1739483460.5792477,-30,-17,-65
1739483460.6242476,7,19,-77
1739483460.6702476,-48,75,-34
1739483460.7162476,-73,77,47
1739483460.7622476,40,4,30
1739483460.8072476,67,-124,49
1739483460.8532476,-62,51,130
1739483460.8992476,2,-58,-51
1739483460.9442475,30,-48,-94
1739483460.9902475,-15,35,-18
1739483461.0362475,108,-82,58
1739483461.0822475,-44,-25,-36
1739483461.1272476,-54,73,47
1739483461.1732476,-18,-53,41
1739483461.2192476,14,-14,-23
1739483461.2642477,37,10,39
1739483461.3102477,51,-54,60
1739483461.3562477,21,10,-99
1739483461.4022477,-26,-77,-185
1739483461.4472475,12,-10,4
1739483461.4932475,15,26,59
1739483461.5392475,10,-48,-24
1739483461.5842476,14,18,12
1739483461.6302476,0,-99,-45
1739483461.6762476,-33,97,-17
1739483461.7222476,22,96,-8
1739483461.7672474,-17,78,-74
1739483461.8132474,27,-29,-46
1739483461.8592474,19,-49,-70
1739483461.9042475,0,61,36
1739483461.9502475,40,-51,-12
1739483461.9962475,-14,-36,-33
1739483462.0422475,-26,-16,-44
1739483462.0872476,-3,-28,-19
1739483462.1332476,16,-97,-64
1739483462.1792476,-3,-41,-63
1739483462.2242477,81,-34,-147
1739483462.2702477,-7,1,-13
1739483462.3162477,39,-124,-89
1739483462.3622477,-68,-22,8
1739483462.4072475,-2,73,-79
1739483462.4532475,27,0,-57
1739483462.4992476,-69,-33,3
1739483462.5442476,7,-51,-60
1739483462.5902476,-54,-1,-97
1739483462.6362476,7,-127,41
1739483462.6822476,-13,49,41
1739483462.7272477,99,18,-102
1739483462.7732477,41,64,137
1739483462.8192475,69,-108,-10
1739483462.8642476,-73,-69,8
1739483462.9102476,28,-40,13
1739483462.9562476,-47,193,0
1739483463.0022476,18,57,-5
1739483463.0472476,-28,-74,-9
1739483463.0932477,-77,19,-43
1739483463.1392477,11,33,23
1739483463.1842475,54,36,111
1739483463.2302475,-28,16,-57
1739483463.2762475,-64,28,36
1739483463.3222475,63,-12,-30
1739483463.3672476,-18,19,-8
1739483463.4132476,-65,-93,-90
1739483463.4592476,80,-74,12
1739483463.5042477,24,-192,-158
1739483463.5502477,-24,1,-85
1739483463.5962474,-37,-29,-91
1739483463.6422474,33,42,43
1739483463.6872475,-18,5,-122
1739483463.7332475,-19,-25,-66
1739483463.7792475,-16,-83,-24
1739483463.8302476,-67,0,-41
1739483463.8762476,7,-12,-33
1739483463.9222476,-55,60,-106
1739483463.9672475,26,-91,51
1739483464.0132475,19,55,-100
1739483464.0592475,-32,-40,22
1739483464.1042476,-8,-90,-119
1739483464.1502476,16,47,-113
1739483464.1962476,5,13,-80
1739483464.2422476,39,35,-2
1739483464.2882476,39,-23,-49
1739483464.3342476,-10,-12,-68
1739483464.3802476,101,1,-5
1739483464.4262476,-80,12,-31
1739483464.4712474,44,-23,-79
1739483464.5172474,84,-57,-14
1739483464.5632474,-104,-158,-43
1739483464.6082475,42,5,-87
1739483464.6542475,-36,32,68
1739483464.7002475,-44,50,-115
1739483464.7462475,-60,-13,-99
1739483464.7912476,20,-41,-66
1739483464.8372476,4,119,-85
1739483464.8832476,37,-12,-76
1739483464.9282477,14,-78,-16
1739483464.9742477,-19,-55,5
1739483465.0202477,24,-66,-40
1739483465.0662477,-38,-96,-78
1739483465.1112475,64,52,61
1739483465.1572475,0,0,59
1739483465.2032475,-40,-45,7
1739483465.2482476,-25,-21,-20
1739483465.2942476,-1,7,-49
1739483465.3402476,83,-110,-94
1739483465.3862476,-40,-47,-121
1739483465.4312477,31,-26,10
1739483465.4772477,26,-32,-35
1739483465.5232477,18,-46,-113
1739483465.5682476,-66,0,-25
1739483465.6142476,7,-62,-106
1739483465.6602476,38,-22,-64
1739483465.7062476,31,-48,-58
1739483465.7512476,23,20,3
1739483465.7972476,30,-38,-22
1739483465.8432477,-30,-79,-37
1739483465.8882475,-12,-77,-7
1739483465.9342475,47,-48,93
1739483465.9802475,28,-62,-13
1739483466.0262475,31,-74,-48
1739483466.0712476,-4,-31,31
1739483466.1172476,48,-82,-54
1739483466.1632476,-16,32,-64
1739483466.2082477,7,-70,53
1739483466.2542477,42,-140,-4
1739483466.3002477,32,-98,-103
1739483466.3462474,-106,-15,-9
1739483466.3912475,57,-82,-20
1739483466.4372475,9,-66,-21
1739483466.4832475,0,-14,-87
1739483466.5282476,-53,-207,30
1739483466.5742476,1,-28,-89
1739483466.6202476,23,-187,0
1739483466.6662476,-64,-38,22
1739483466.7112474,-100,-78,49
1739483466.7572474,-20,-115,72
1739483466.8032477,44,-92,64
1739483466.8482475,29,126,10
1739483466.8942475,62,-6,-58
1739483466.9402475,-58,77,2
1739483466.9862475,45,-4,-66
1739483467.0312476,-6,-25,-44
1739483467.0772476,121,-26,-144
1739483467.1232476,22,-70,-96
1739483467.1682477,45,-52,38
1739483467.2142477,43,14,-59
1739483467.2602477,-95,-169,60
1739483467.3062477,-80,-68,-159
1739483467.3512475,24,-61,-76
1739483467.3972476,1,31,-52
1739483467.4432476,-74,28,-67
1739483467.4882476,14,-2,82
1739483467.5342476,-12,-100,36
1739483467.5802476,-4,83,10
1739483467.6262476,66,46,-90
1739483467.6712475,-31,-69,-10
1739483467.7172475,-10,-7,9
1739483467.7632475,40,-32,-64
1739483467.8082476,-8,19,27
1739483467.8542476,-27,-5,-73
1739483467.9002476,124,162,-90
1739483467.9462476,4,10,33
1739483467.9912477,0,107,-6
1739483468.0372477,-46,5,-175
1739483468.0832477,-54,55,-51
1739483468.1282475,-3,-19,-119
1739483468.1742475,-47,13,-15
1739483468.2202475,-98,-9,26
1739483468.2662475,0,13,-127
1739483468.3112476,-25,-17,-99
1739483468.3572476,-11,-69,-53
1739483468.4032476,68,4,12
1739483468.4482474,-2,-95,-51
1739483468.4942474,40,-18,-47
1739483468.5402474,71,-38,-215
1739483468.5862474,-36,-87,-61
1739483468.6312475,-24,-21,11
1739483468.6772475,-17,1,-71
1739483468.7232475,-27,-203,54
1739483468.7682476,20,-66,-46
1739483468.8142476,-9,-127,-20
1739483468.8602476,-54,11,-81
1739483468.9062476,-71,-60,-24
1739483468.9512477,5,-97,-126
1739483468.9972477,-33,-93,-8
1739483469.0432477,-85,-47,-51
1739483469.0882475,101,54,17
1739483469.1342475,16,-101,3
1739483469.1802475,-21,33,74
1739483469.2262475,-33,7,-34
1739483469.2712476,-13,-145,81
1739483469.3172476,26,-8,-57
1739483469.3632476,-22,-105,65
1739483469.4082477,-69,73,28
1739483469.4542477,-57,11,63
1739483469.5002477,-5,-25,125
1739483469.5462475,-48,-45,14
1739483469.5912476,-24,-35,-2
1739483469.6372476,-3,55,-165
1739483469.6832476,48,-116,-63
1739483469.7282476,-31,7,-6
1739483469.7742476,88,-46,12
1739483469.8202477,36,-134,48
1739483469.8662477,-50,-149,4
1739483469.9112475,19,52,-15
1739483469.9572475,-17,-23,-51
1739483470.0032475,37,-12,-85
1739483470.0482476,84,-56,-70
1739483470.0942476,-29,-73,11
1739483470.1402476,55,-22,-13
1739483470.1862476,26,-106,-42
1739483470.2312477,-67,-49,53
1739483470.2772477,55,-82,-84
1739483470.3232474,14,-34,-79
1739483470.3682475,-28,-33,-37
1739483470.4142475,22,40,74
1739483470.4602475,0,-36,-146
1739483470.5062475,-31,-21,-37
1739483470.5512476,-60,-5,-13
1739483470.5972476,31,-2,-16
1739483470.6432476,4,-46,-25
1739483470.6882474,69,-60,-86
1739483470.7342474,11,36,-25
1739483470.7802474,-65,-149,111
1739483470.8262477,-26,-109,-45
1739483470.8712475,96,38,-124
1739483470.9172475,-31,7,-58
1739483470.9632475,36,-44,-32
1739483471.0082476,0,-118,-16
1739483471.0542476,60,60,36
1739483471.1002476,-23,-15,-6
1739483471.1462476,-43,-47,-57
1739483471.1912477,-11,-9,-107
1739483471.2372477,-11,-29,7
1739483471.2832477,-61,-47,60
1739483471.3282475,19,-116,47
1739483471.3742476,-21,37,-71
1739483471.4202476,8,-86,-98
1739483471.4662476,-59,-15,-84
1739483471.5112476,-38,-19,13
1739483471.5572476,12,-74,23
1739483471.6032476,74,108,-63
1739483471.6482477,-4,-23,-33
1739483471.6942475,27,-74,102
1739483471.7402475,29,-104,45
1739483471.7862475,16,0,-126
1739483471.8312476,72,-48,7
1739483471.8772476,-26,-69,-62
1739483471.9232476,-62,91,-32
1739483471.9682477,8,-62,-39
1739483472.0142477,-30,-1,0
1739483472.0602477,29,-86,-146
1739483472.1062477,18,-116,88
1739483472.1512475,-19,-47,-35
1739483472.1972475,-47,-59,-96
1739483472.2432475,21,10,-76
1739483472.2882476,-40,91,160
1739483472.3342476,-53,-35,53
1739483472.3802476,8,0,-81
1739483472.4262476,3,-171,-39
1739483472.4712474,-22,146,-58
1739483472.5172474,1,8,-66
1739483472.5632474,-18,-37,17
1739483472.6082475,-33,137,-28
1739483472.6542475,6,122,-79
1739483472.7002475,-11,9,20
1739483472.7462475,37,-128,-6
1739483472.7912476,31,-92,-29
1739483472.8372476,-18,-49,-93
1739483472.8832476,27,34,-32
1739483472.9282477,-43,-23,101
1739483472.9742477,-13,-79,-59
1739483473.0202477,34,-112,-105
1739483473.0662477,0,-146,101
1739483473.1112475,16,-30,-88
1739483473.1572475,97,22,-111
1739483473.2032475,-1,-29,-71
1739483473.2482476,-26,-35,-111
1739483473.2942476,96,-138,-248
1739483473.3402476,78,-30,-156
1739483473.3862476,-81,-27,31
1739483473.4312477,21,-54,-66
1739483473.4772477,-9,-68,19
1739483473.5232477,-28,-69,-108
1739483473.5682476,9,-50,-78
1739483473.6142476,18,28,-42
1739483473.6602476,-20,27,-18
1739483473.7062476,-54,79,-36
1739483473.7512476,-14,-95,-7
1739483473.7972476,63,122,-20
1739483473.8482475,-33,-21,-48
1739483473.8942475,-39,-77,-46
1739483473.9402475,2,-78,-2
1739483473.9862475,-95,-81,-10
1739483474.0312476,34,-88,45
1739483474.0772476,-66,75,43
1739483474.1232476,-1,-92,-56
1739483474.1682477,-29,67,-1
1739483474.2142477,24,-50,-85
1739483474.2602477,-54,-87,25
1739483474.3062477,31,-24,-103
1739483474.3512475,-113,81,-70
1739483474.3972476,43,92,-43
1739483474.4432476,-6,3,-9
1739483474.4882476,-94,-59,-113
1739483474.5342476,48,-58,17
1739483474.5802476,-63,-37,9
1739483474.6262476,4,-82,-30
1739483474.6712475,1,-5,-33
1739483474.7172475,37,-20,-134
1739483474.7632475,26,-46,-147
1739483474.8082476,-2,-87,-39
1739483474.8542476,-42,37,-103
1739483474.9002476,-31,133,-52
1739483474.9462476,59,28,-72
1739483474.9912477,-139,-1,-130
1739483475.0372477,23,-54,-112
1739483475.0832477,1,-45,-76
1739483475.1282475,-29,43,11
1739483475.1742475,9,58,-10
1739483475.2202475,-7,-47,-105
1739483475.2662475,32,-152,5
1739483475.3112476,32,-12,-92
1739483475.3572476,0,-84,72
1739483475.4032476,-25,-77,-84
1739483475.4482474,43,-66,-80
1739483475.4942474,83,-42,-33
1739483475.5402474,42,-68,5
1739483475.5862474,17,-8,-127
1739483475.6312475,59,-272,-75
1739483475.6772475,2,9,33
1739483475.7232475,35,-110,55
1739483475.7682476,13,-56,-8
1739483475.8142476,22,-70,-26
1739483475.8602476,40,-4,-19
1739483475.9062476,-38,-19,134
1739483475.9502475,-77,-91,-37
1739483475.9962475,-47,-173,29
1739483476.0422475,-5,-5,-41
1739483476.0872476,43,26,-112
1739483476.1332476,-53,-53,55
1739483476.1792476,-14,-25,0
1739483476.2242477,23,6,-23
1739483476.2702477,88,-62,-107
1739483476.3162477,18,-84,5
1739483476.3622477,2,-53,-9
1739483476.4072475,-64,61,77
1739483476.4532475,-41,53,69
1739483476.4992476,-14,17,-23
1739483476.5442476,-25,-119,-87
1739483476.5902476,-56,-55,-28
1739483476.6362476,-52,-69,-148
1739483476.6822476,-117,-29,-25
1739483476.7272477,52,-4,-90
1739483476.7732477,-19,-57,16
1739483476.8192475,139,-90,-127
1739483476.8642476,-1,-112,-157
1739483476.9102476,41,-30,35
1739483476.9562476,-21,-29,23
1739483477.0022476,-31,-99,42
1739483477.0472476,60,2,100
1739483477.0932477,-7,-51,-17
1739483477.1392477,7,-44,-102
1739483477.1842475,47,22,-130
1739483477.2302475,-26,-17,-94
1739483477.2762475,-60,-61,-87
1739483477.3222475,-50,103,-34
1739483477.3672476,-32,-59,-53
1739483477.4132476,-13,-85,-4
1739483477.4592476,-28,-49,60
1739483477.5042477,-30,15,-111
1739483477.5502477,40,-112,17
1739483477.5962474,24,0,-75
1739483477.6422474,-46,-115,32
1739483477.6872475,20,-112,-18
1739483477.7332475,-37,-115,-75
1739483477.7792475,8,-92,-75
1739483477.8242476,55,48,48
1739483477.8702476,-83,-49,-25
1739483477.9162476,17,-34,72
1739483477.9622476,12,-68,11
1739483478.0072474,-24,-47,28
1739483478.0532477,12,-85,-67
1739483478.0992477,-14,-33,0
1739483478.1442475,-23,-207,-55
1739483478.1902475,36,-180,-121
1739483478.2362475,9,20,-94
1739483478.2822475,44,30,-104
1739483478.3272476,25,-26,-65
1739483478.3732476,91,-72,-12
1739483478.4192476,39,-130,8
1739483478.4642477,-1,8,-132
1739483478.5102477,20,12,-85
1739483478.5562477,-1,5,-118
1739483478.6022477,0,-99,0
1739483478.6472476,5,58,-2
1739483478.6932476,-87,-81,-97
1739483478.7392476,-15,-31,-107
1739483478.7842476,-4,9,-66
1739483478.8302476,-9,-51,-106
1739483478.8762476,-64,-59,24
1739483478.9222476,-15,-65,-41
1739483478.9672475,59,-98,-13
1739483479.0132475,-59,-75,-48
1739483479.0592475,-14,-75,-76
1739483479.1042476,31,56,-8
1739483479.1502476,-60,-83,78
1739483479.1962476,74,-28,-26
1739483479.2422476,-34,-57,-42
1739483479.2872477,6,-40,31
1739483479.3332477,-73,-21,-32
1739483479.3792477,37,-30,0
1739483479.4242475,-72,-47,35
1739483479.4702475,-9,-51,-64
1739483479.5162475,17,-82,-55
1739483479.5622475,-17,13,90
1739483479.6072476,74,6,13
1739483479.6532476,-39,21,-71
1739483479.6992476,23,-34,-30
1739483479.7442474,15,28,16
1739483479.7902474,0,-7,16
1739483479.8362474,-24,13,59
1739483479.8822474,32,-38,13
1739483479.9272475,-71,1,-95
1739483479.9732475,38,16,19
1739483480.0192475,8,-8,-16
1739483480.0642476,-28,-31,-63
1739483480.1102476,67,-114,-80
1739483480.1562476,-78,65,-36
1739483480.2022476,-9,-61,-7
1739483480.2472477,-23,-111,-87
1739483480.2932477,66,44,-60
1739483480.3392477,59,-50,78
1739483480.3842475,-39,105,74
1739483480.4302475,36,4,-95
1739483480.4762475,-106,-101,-7
1739483480.5222476,-55,-67,-75
1739483480.5672476,-11,-147,-108
1739483480.6132476,5,28,-63
1739483480.6592476,18,36,-175
1739483480.7042477,-15,-88,-121
1739483480.7502477,-2,13,-32
1739483480.7962475,-77,-31,103
1739483480.8422475,135,38,-68
1739483480.8872476,-23,-11,12
1739483480.9332476,44,-62,-46
1739483480.9792476,-25,-111,11
1739483481.0242476,-17,25,33
1739483481.0702477,83,30,-26
1739483481.1162477,68,-74,-109
1739483481.1622477,11,16,75
1739483481.2072475,16,32,-71
1739483481.2532475,53,16,1
1739483481.2992475,14,-148,9
1739483481.3442476,-28,179,25
1739483481.3902476,-7,31,4
1739483481.4362476,-27,-15,187
1739483481.4822476,56,-66,-123
1739483481.5272477,21,4,37
1739483481.5732474,-27,-91,-25
1739483481.6192474,-53,-121,-35
1739483481.6642475,19,-50,-35
1739483481.7102475,-24,51,-59
1739483481.7562475,0,57,-84
1739483481.8022475,-21,31,-90
1739483481.8472476,-34,-41,-42
1739483481.8932476,-11,-63,102
1739483481.9392476,-26,-105,-55
1739483481.9842474,15,18,2
1739483482.0302474,-7,-115,24
1739483482.0762477,28,-40,-132
1739483482.1222477,22,30,-146
1739483482.1672475,12,10,33
1739483482.2132475,2,-22,59
1739483482.2592475,59,-185,65
1739483482.3042476,-49,22,8
1739483482.3502476,-66,0,38
1739483482.3962476,1,-25,-5
1739483482.4422476,26,20,36
1739483482.4872477,34,23,-158
1739483482.5332477,-42,-46,-33
1739483482.5792477,-2,52,-86
1739483482.6242476,24,15,-9
1739483482.6702476,15,17,0
1739483482.7162476,18,-19,25
1739483482.7622476,12,-31,-53
1739483482.8072476,-102,-78,-102
1739483482.8532476,130,7,-11
1739483482.8992476,-29,56,-94
1739483482.9442475,133,-137,129
1739483482.9902475,-25,-116,-113
1739483483.0362475,-52,-28,-113
1739483483.0822475,-126,-20,24
1739483483.1272476,-65,-34,-27
1739483483.1732476,77,-133,-44
1739483483.2192476,50,-105,58
1739483483.2642477,-2,-182,-10
1739483483.3102477,-22,-80,94
1739483483.3562477,-33,-110,76
1739483483.4012475,-11,-45,-14
1739483483.4472475,35,-85,-60
1739483483.4932475,-49,-30,53
1739483483.5392475,2,-97,-26
1739483483.5842476,37,-97,-113
1739483483.6302476,-15,-112,67
1739483483.6762476,8,-69,0
1739483483.7222476,2,11,-31
1739483483.7672474,-12,-38,1
1739483483.8192475,9,-21,-56
1739483483.8642476,-41,-66,64
1739483483.9102476,-66,-62,-8
1739483483.9562476,67,-111,-32
1739483484.0022476,-62,-30,78
1739483484.0472476,39,39,-38
1739483484.0932477,-60,-50,2
1739483484.1392477,-22,0,-84
1739483484.1842475,7,-209,4
1739483484.2302475,38,11,41
1739483484.2762475,57,-37,45
1739483484.3222475,-2,12,-39
1739483484.3672476,37,-53,-55
1739483484.4132476,13,-79,-12
1739483484.4592476,-55,6,65
1739483484.5042477,92,-15,-56
1739483484.5502477,-18,-38,-108
1739483484.5962474,32,-21,-6
1739483484.6422474,30,69,94
1739483484.6872475,-87,-62,-80
1739483484.7332475,69,-23,-47
1739483484.7792475,12,-161,2
1739483484.8242476,-72,-32,-26
1739483484.8702476,10,-135,-100
1739483484.9162476,-37,-112,71
1739483484.9622476,-17,-12,-2
1739483485.0072474,-8,-182,-62
1739483485.0532477,-33,-68,17
1739483485.0992477,67,-63,-60
1739483485.1442475,-41,134,-26
1739483485.1902475,-32,-14,-43
1739483485.2362475,-62,-76,90
1739483485.2822475,49,21,-145
1739483485.3272476,-13,-60,104
1739483485.3732476,16,-45,-36
1739483485.4192476,-32,22,6
1739483485.4642477,-10,8,-89
1739483485.5102477,-2,-140,97
1739483485.5562477,100,-27,-2
1739483485.6022477,27,-9,-64
1739483485.6472476,-58,-38,31
1739483485.6932476,9,36,56
1739483485.7392476,25,-82,73
1739483485.7842476,58,67,48
1739483485.8302476,103,-47,1
1739483485.8762476,94,-9,-19
1739483485.9222476,-7,-3,50
1739483485.9672475,-30,-2,11
1739483486.0132475,0,-66,-73
1739483486.0592475,79,-49,-30
1739483486.1042476,4,-43,-15
1739483486.1502476,-9,-38,-91
1739483486.1962476,129,-39,51
1739483486.2422476,38,-39,16
1739483486.2872477,6,47,-37
1739483486.3332477,-25,-24,37
1739483486.3792477,35,19,-89
1739483486.4242475,12,-84,21
1739483486.4702475,92,65,-51
1739483486.5162475,18,-93,-39
1739483486.5622475,62,53,-99
1739483486.6072476,-6,18,0
1739483486.6532476,2,12,38
1739483486.6992476,7,75,-18
1739483486.7442474,26,11,-33
1739483486.7902474,-14,28,44
1739483486.8362474,-21,-12,-63
1739483486.8822474,53,-81,-130
1739483486.9272475,62,-63,-95
1739483486.9732475,47,-27,-18
1739483487.0192475,-51,14,-90
1739483487.0642476,-22,62,-10
1739483487.1102476,-32,64,51
1739483487.1562476,133,-17,91
1739483487.2022476,39,-97,-44
1739483487.2472477,24,-40,-77
1739483487.2932477,-50,24,-84
1739483487.3392477,-63,-22,-25
1739483487.3842475,-7,24,63
1739483487.4302475,6,15,-44
1739483487.4762475,42,-11,87
1739483487.5222476,0,-59,-58
1739483487.5672476,-28,-32,-55
1739483487.6132476,-3,7,-125
1739483487.6592476,19,-13,-130
1739483487.7042477,-20,-82,19
1739483487.7502477,-9,-78,-63
1739483487.7962475,10,-24,-1
1739483487.8422475,-37,-130,0
1739483487.8872476,26,12,-77
1739483487.9332476,-70,-74,-15
1739483487.9792476,-33,-6,-94
1739483488.0242476,-47,-50,77
1739483488.0702477,43,123,-58
1739483488.1162477,-18,-166,-2
1739483488.1622477,52,-21,-4
1739483488.2072475,-11,-188,-30
1739483488.2532475,16,-41,-113
1739483488.2992475,-4,-50,-10
1739483488.3442476,19,23,-29
1739483488.3902476,-48,-64,-55
1739483488.4362476,45,23,-9
1739483488.4812477,-4,-52,-33
1739483488.5272477,-80,74,17
1739483488.5732474,45,-31,-24
1739483488.6192474,20,-42,-81
1739483488.6642475,8,89,29
1739483488.7102475,38,-39,-70
1739483488.7562475,6,-51,-38
1739483488.8022475,-46,-104,-14
1739483488.8472476,-4,-49,-80
1739483488.8932476,27,-87,-63
1739483488.9392476,36,97,-43
1739483488.9842474,42,-71,-206
1739483489.0302474,-39,36,12
1739483489.0762477,-35,-84,-23
1739483489.1212475,7,-131,-43
1739483489.1672475,28,79,-11
1739483489.2132475,-27,84,-36
1739483489.2592475,-15,48,-162
1739483489.3042476,-26,-38,32
1739483489.3502476,-67,80,-55
1739483489.3962476,-12,15,-48
1739483489.4412477,-21,-84,-95
1739483489.4872477,67,-61,-17
1739483489.5332477,-13,116,22
1739483489.5792477,-61,-20,-62
1739483489.6242476,-43,92,-74
1739483489.6702476,-23,-19,44
1739483489.7162476,-1,-21,-121
1739483489.7612476,-1,-112,48
1739483489.8072476,26,-40,71
1739483489.8532476,16,-55,-72
1739483489.8992476,-23,-20,-26
1739483489.9442475,89,3,-60
1739483489.9902475,-29,-20,-41
1739483490.0362475,29,3,-55
1739483490.0812476,28,-65,-73
1739483490.1272476,-26,64,-57
1739483490.1732476,29,-55,-89
1739483490.2192476,-82,4,21
1739483490.2642477,1,-83,-6
1739483490.3102477,17,-13,-46
1739483490.3562477,45,-15,-37
1739483490.4012475,37,99,-42
1739483490.4472475,-80,6,-46
1739483490.4932475,-33,-86,-4
1739483490.5392475,-35,-132,-60
1739483490.5842476,32,35,45
1739483490.6302476,15,-51,13
1739483490.6762476,9,-89,-32
1739483490.7212474,75,-57,0
1739483490.7672474,54,-43,12
1739483490.8132474,82,-55,-4
1739483490.8592474,-53,8,-53
1739483490.9042475,-34,-28,-60
1739483490.9502475,-31,-96,-17
1739483490.9962475,-41,-34,-12
1739483491.0412476,82,-101,-153
1739483491.0872476,-77,124,-209
1739483491.1332476,70,-43,72
1739483491.1792476,-93,72,45
1739483491.2242477,-4,-127,-136
1739483491.2702477,-3,-146,-95
1739483491.3162477,8,-157,-99
1739483491.3612475,-5,-47,0
1739483491.4072475,-88,12,11
1739483491.4532475,72,-79,-137
1739483491.4992476,-20,-50,-40
1739483491.5442476,-57,-16,-11
1739483491.5902476,8,-15,62
1739483491.6362476,28,37,49
1739483491.6812477,-1,81,-8
1739483491.7272477,-18,0,-38
1739483491.7732477,6,-172,32
1739483491.8192475,-2,-8,3
1739483491.8642476,-16,-70,-142
1739483491.9102476,9,-82,-36
1739483491.9562476,2,23,-98
1739483492.0012476,-31,-54,-74
1739483492.0472476,3,-24,-32
1739483492.0932477,18,-39,-43
1739483492.1392477,34,-66,-29
1739483492.1842475,-26,31,29
1739483492.2302475,-25,-107,44
1739483492.2762475,38,-102,-185
1739483492.3212476,-69,-170,-12
1739483492.3672476,102,-18,-40
1739483492.4132476,25,-26,-94
1739483492.4592476,-11,51,-116
1739483492.5042477,-5,-92,68
1739483492.5502477,-26,-51,19
1739483492.5962474,12,-15,11
1739483492.6412475,5,-35,-14
1739483492.6872475,5,-34,-54
1739483492.7332475,-5,-31,-28
1739483492.7792475,-5,-91,-142
1739483492.8242476,-25,33,20
1739483492.8702476,20,-113,-93
1739483492.9162476,-2,0,-121
1739483492.9612474,-42,-51,-1
1739483493.0072474,-5,-26,-105
1739483493.0532477,34,-63,21
1739483493.0992477,-94,-116,-116
1739483493.1442475,34,129,-68
1739483493.1902475,8,-25,-8
1739483493.2362475,43,-157,-119
1739483493.2812476,26,-43,-36
1739483493.3272476,-14,-72,-59
1739483493.3732476,22,-127,-41
1739483493.4192476,17,-43,-29
1739483493.4642477,-11,-58,41
1739483493.5102477,-35,-12,-13
1739483493.5562477,-15,-38,-84
1739483493.6012475,-32,50,14
1739483493.6472476,36,-171,-148
1739483493.6932476,-1,-107,-24
1739483493.7392476,50,-13,-81
1739483493.7842476,-48,76,-128
1739483493.8362474,-24,-12,-59
1739483493.8812475,28,-115,70
1739483493.9272475,-13,-68,-30
1739483493.9732475,14,-17,3
1739483494.0192475,-10,-101,-7
1739483494.0642476,25,56,-12
1739483494.1102476,31,-44,-146
1739483494.1562476,16,20,-73
1739483494.2012477,-13,-43,-13
1739483494.2472477,4,44,12
1739483494.2932477,-18,69,-5
1739483494.3392477,84,46,8
1739483494.3842475,-57,41,-106
1739483494.4302475,40,-130,-36
1739483494.4762475,46,44,-42
1739483494.5212476,104,-108,5
1739483494.5672476,65,28,-42
1739483494.6132476,0,-18,63
1739483494.6592476,-30,33,-21
1739483494.7042477,-16,31,63
1739483494.7502477,-35,-95,-15
1739483494.7962475,-28,-5,2
1739483494.8412476,-14,16,28
1739483494.8872476,-4,37,-11
1739483494.9332476,-43,-28,92
1739483494.9792476,85,-66,-72
1739483495.0242476,-11,-38,42
1739483495.0702477,-7,18,-6
1739483495.1162477,-49,-34,47
1739483495.1612475,26,39,-24
1739483495.2072475,-30,20,-76
1739483495.2532475,0,38,3
1739483495.2992475,34,-69,46
1739483495.3442476,-26,4,-69
1739483495.3902476,-33,-102,-72
1739483495.4362476,23,9,2
1739483495.4812477,5,-79,-8
1739483495.5272477,-32,-66,16
1739483495.5732474,34,51,-27
1739483495.6192474,4,-3,31
1739483495.6642475,16,3,-6
1739483495.7102475,-68,44,57
1739483495.7562475,-53,58,-74
1739483495.8012476,-12,-64,-62
1739483495.8472476,65,-45,-11
1739483495.8932476,16,-23,-159
1739483495.9392476,3,-15,-111
1739483495.9842474,37,-63,-82
1739483496.0302474,44,-7,-2
1739483496.0762477,18,69,49
1739483496.1212475,-12,-54,-53
1739483496.1672475,-3,75,-40
1739483496.2132475,-39,-54,-24
1739483496.2592475,-35,2,54
1739483496.3042476,-26,-64,-13
1739483496.3502476,-50,-34,-76
1739483496.3962476,-36,-62,-39
1739483496.4412477,23,-33,-108
1739483496.4872477,16,-69,-58
1739483496.5332477,-73,-172,-65
1739483496.5792477,-12,-40,10
1739483496.6242476,-30,18,-75
1739483496.6702476,-57,50,-55
1739483496.7162476,-13,156,-7
1739483496.7612476,-5,-78,48
1739483496.8072476,19,-76,0
1739483496.8532476,-40,-59,-51
1739483496.8992476,-69,123,-74
1739483496.9442475,43,-72,0
1739483496.9902475,-42,-39,70
1739483497.0362475,-132,-125,2
1739483497.0812476,26,80,-96
1739483497.1272476,-106,17,-112
1739483497.1732476,16,6,32
1739483497.2192476,-35,-95,-43
1739483497.2642477,-68,19,-1
1739483497.3102477,6,-116,-30
1739483497.3562477,12,56,47
1739483497.4012475,-6,-12,-78
1739483497.4472475,-70,-59,-134
1739483497.4932475,-81,43,1
1739483497.5392475,26,-14,23
1739483497.5842476,0,-83,-3
1739483497.6302476,25,-30,-21
1739483497.6762476,-56,130,0
1739483497.7212474,-71,99,-49
1739483497.7672474,-48,-143,-99
1739483497.8132474,8,56,25
1739483497.8592474,124,-5,-28
1739483497.9042475,-91,-60,-45
1739483497.9502475,48,-67,-84
1739483497.9962475,30,41,-26
1739483498.0412476,-49,-42,-30
1739483498.0872476,-99,26,-8
1739483498.1332476,2,76,80
1739483498.1792476,-30,-128,81
1739483498.2242477,15,-81,-22
1739483498.2702477,-29,74,-30
1739483498.3162477,23,1,2
1739483498.3612475,16,-7,-58
1739483498.4072475,59,3,-66
1739483498.4532475,4,0,-167
1739483498.4992476,-79,-110,0
1739483498.5442476,-32,22,-44
1739483498.5902476,12,-3,-101
1739483498.6362476,0,-36,82
1739483498.6812477,31,-13,35
1739483498.7272477,-72,-58,-174
1739483498.7732477,60,-36,-57
1739483498.8192475,106,12,-45
1739483498.8642476,10,-57,-23
1739483498.9102476,-6,-39,8
1739483498.9562476,40,5,-114
1739483499.0012476,-30,-52,-46
1739483499.0472476,31,5,29
1739483499.0932477,3,-20,-53
1739483499.1392477,-40,-32,18
1739483499.1842475,-21,40,33
1739483499.2302475,-47,14,36
1739483499.2762475,11,11,10
1739483499.3212476,30,111,-79
1739483499.3672476,77,-181,49
1739483499.4132476,-52,-27,-57
1739483499.4592476,44,-72,4
1739483499.5042477,53,-92,-54
1739483499.5502477,45,-22,-124
1739483499.5962474,45,-76,58
1739483499.6412475,-28,134,-66
1739483499.6872475,33,-41,-36
1739483499.7332475,-17,-78,-180
1739483499.7792475,-10,30,-15
1739483499.8242476,57,-95,65
1739483499.8702476,10,4,-139
1739483499.9162476,14,55,-44
1739483499.9612474,-18,-70,0
1739483500.0072474,67,-123,-34
1739483500.0532477,30,-46,26
1739483500.0992477,36,-104,-41
1739483500.1442475,-32,-43,-18
1739483500.1902475,29,-50,-93
1739483500.2362475,-13,-89,-44
1739483500.2812476,61,-70,55
1739483500.3272476,29,22,-74
1739483500.3732476,67,-54,29
1739483500.4192476,-76,-17,-93
1739483500.4642477,-23,-104,-31
1739483500.5102477,-42,-58,-97
1739483500.5552475,49,-24,-167
1739483500.6002476,-66,-22,-16
1739483500.6462476,-58,60,-21
1739483500.6922476,-10,-94,-94
1739483500.7372477,-55,-102,-99
1739483500.7832477,37,-33,-51
1739483500.8292477,-30,4,25
1739483500.8752477,-12,-60,-100
1739483500.9202476,14,85,174
1739483500.9662476,-2,-50,-76
1739483501.0122476,48,41,-126
1739483501.0572476,-13,-65,61
1739483501.1032476,-10,-78,-15
1739483501.1492476,-11,38,-16
1739483501.1952477,18,130,-65
1739483501.2402475,3,-102,-32
1739483501.2862475,27,-34,-78
1739483501.3322475,-25,31,-30
1739483501.3772476,-66,-31,-123
1739483501.4232476,38,-34,13
1739483501.4692476,35,-86,41
1739483501.5152476,-79,97,-106
1739483501.5602477,4,-50,100
1739483501.6062477,-29,33,53
1739483501.6522477,-98,-53,-96
1739483501.6972475,-13,-57,-90
1739483501.7432475,-70,15,-26
1739483501.7892475,-37,-41,37
1739483501.8352475,-15,-140,-16
1739483501.8802476,-44,-73,13
1739483501.9262476,25,-62,-73
1739483501.9722476,-47,-9,19
1739483502.0172474,9,-94,7
1739483502.0632474,-37,9,-70
1739483502.1092474,11,-1,-44
1739483502.1552474,26,-32,-98
1739483502.2002475,-7,-79,-66
1739483502.2462475,10,-86,36
1739483502.2922475,-62,-61,-78
1739483502.3372476,-15,-11,-82
1739483502.3832476,35,64,-71
1739483502.4292476,-5,38,52
1739483502.4752476,39,-19,-60
1739483502.5202477,-52,-28,27
1739483502.5662477,-63,-110,-69
1739483502.6122477,-52,2,6
1739483502.6572475,-40,25,24
1739483502.7032475,28,99,75
1739483502.7492476,3,47,7
1739483502.7952476,-46,-15,-46
1739483502.8402476,-2,18,16
1739483502.8862476,-73,-27,-37
1739483502.9322476,41,-92,13
1739483502.9772477,24,-64,-27
1739483503.0232477,32,-18,-92
1739483503.0692475,-30,-33,2
1739483503.1152475,-55,21,-13
1739483503.1602476,-9,-42,-72
1739483503.2062476,-21,-103,-46
1739483503.2522476,-63,13,-82
1739483503.2972476,-12,61,-102
1739483503.3432477,-60,-1,-10
1739483503.3892477,-24,-29,-29
1739483503.4352477,12,50,-39
1739483503.4802475,-9,-39,60
1739483503.5262475,-120,0,48
1739483503.5722475,2,-12,2
1739483503.6172476,-61,-21,-155
1739483503.6632476,-8,-1,-107
1739483503.7092476,15,57,-95
1739483503.7552476,39,-116,-34
1739483503.8002477,6,32,73
1739483503.8522477,22,14,31
1739483503.8972476,-46,-81,56
1739483503.9432476,48,-146,-100
1739483503.9892476,-13,-11,-2
1739483504.0352476,-4,-53,-92
1739483504.0802476,-6,-135,-63
1739483504.1262476,-29,-69,-34
1739483504.1722476,-25,-35,-69
1739483504.2172475,52,-52,-55
1739483504.2632475,67,-56,46
1739483504.3092475,42,-56,-104
1739483504.3552475,-62,59,-60
1739483504.4002476,-92,25,16
1739483504.4462476,20,-30,-206
1739483504.4922476,9,-122,-53
1739483504.5372477,-20,-65,-39
1739483504.5832477,-86,-87,-95
1739483504.6292477,-23,-61,15
1739483504.6752477,78,-80,-103
1739483504.7202475,7,12,70
1739483504.7662475,-85,-33,-46
1739483504.8122475,72,-92,0
1739483504.8592474,-95,-175,26
1739483504.9042475,-34,-101,-15
1739483504.9502475,-26,-35,-41
1739483504.9962475,45,-54,9
1739483505.0412476,-36,5,-40
1739483505.0872476,-32,-1,42
1739483505.1332476,-28,-71,26
1739483505.1792476,23,-30,-55
1739483505.2242477,11,16,-33
1739483505.2702477,36,-60,0
1739483505.3162477,-18,-81,55
1739483505.3612475,5,8,35
1739483505.4072475,-83,51,-132
1739483505.4532475,-79,-13,-39
1739483505.4992476,41,-42,48
1739483505.5442476,-16,25,38
1739483505.5902476,47,-18,-32
1739483505.6362476,0,-70,-156
1739483505.6812477,-58,-135,-89
1739483505.7272477,-34,-103,-55
1739483505.7732477,7,6,-182
1739483505.8192475,-4,99,126
1739483505.8642476,76,-96,-165
1739483505.9102476,-54,59,3
1739483505.9562476,-23,43,-114
1739483506.0012476,25,-18,-27
1739483506.0472476,22,-75,-109
1739483506.0932477,62,-94,8
1739483506.1392477,-36,-119,1
1739483506.1842475,28,62,143
1739483506.2302475,27,-76,-43
1739483506.2762475,0,-135,18
1739483506.3212476,-75,-25,28
1739483506.3672476,-52,-69,58
1739483506.4132476,-38,-1,28
1739483506.4592476,12,-46,41
1739483506.5042477,24,24,-1
1739483506.5502477,-40,-107,-92
1739483506.5962474,30,-46,0
1739483506.6412475,-12,1,-131
1739483506.6872475,-28,29,22
1739483506.7332475,-50,37,59
1739483506.7792475,-42,-15,66
1739483506.8242476,30,12,-83
1739483506.8702476,-31,-81,-161
1739483506.9162476,-4,29,102
1739483506.9612474,58,24,-75
1739483507.0072474,-15,19,19
1739483507.0532477,-33,-105,-81
1739483507.0992477,20,-26,-83
1739483507.1442475,1,-103,-137
1739483507.1902475,-65,-25,-137
1739483507.2362475,20,-70,-14
1739483507.2812476,32,-12,53
1739483507.3272476,33,-4,-125
1739483507.3732476,-103,29,-41
1739483507.4192476,93,60,-59
1739483507.4642477,50,10,-73
1739483507.5102477,-14,18,-11
1739483507.5562477,26,-30,10
1739483507.6012475,32,-78,56
1739483507.6472476,-93,15,51
1739483507.6932476,18,-30,-59
1739483507.7392476,14,20,57
1739483507.7842476,-5,-75,-23
1739483507.8302476,92,8,-29
1739483507.8762476,-10,-29,-31
1739483507.9212475,-49,-55,-42
1739483507.9672475,-3,-100,35
1739483508.0132475,-5,-16,10
1739483508.0592475,-7,-25,15
1739483508.1042476,48,24,-22
1739483508.1502476,49,-72,0
1739483508.1962476,31,52,-40
1739483508.2412477,-16,-15,-159
1739483508.2872477,-79,-119,9
1739483508.3332477,18,12,-102
1739483508.3792477,25,-52,-47
1739483508.4242475,-21,-19,-62
1739483508.4702475,22,-53,-105
1739483508.5162475,-40,-99,-12
1739483508.5612476,22,0,-79
1739483508.6072476,72,-56,-59
1739483508.6532476,17,90,-4
1739483508.6992476,20,-26,93
1739483508.7442474,-21,-42,-50
1739483508.7902474,26,-52,-49
1739483508.8362474,28,0,31
1739483508.8812475,-27,-55,-41
1739483508.9272475,-13,-57,-60
1739483508.9732475,-16,-95,96
1739483509.0192475,-37,-43,-63
1739483509.0642476,15,41,-115
1739483509.1102476,-39,-95,-8
1739483509.1562476,-28,-7,-124
1739483509.2012477,51,-116,152
1739483509.2472477,-29,-15,34
1739483509.2932477,32,-4,-18
1739483509.3392477,39,-6,-9
1739483509.3842475,-33,23,15
1739483509.4302475,18,12,-39
1739483509.4762475,37,-84,26
1739483509.5212476,-76,-25,-22
1739483509.5672476,-62,-13,-6
1739483509.6132476,-24,13,-129
1739483509.6592476,7,-58,-55
1739483509.7042477,-30,-45,3
1739483509.7502477,-17,-73,-20
1739483509.7962475,-43,-83,14
1739483509.8412476,90,8,12
1739483509.8872476,22,-94,-17
1739483509.9332476,14,-18,2
1739483509.9792476,-2,-114,8
1739483510.0242476,-45,-57,-100
1739483510.0702477,60,-32,13
1739483510.1162477,-99,3,-60
1739483510.1612475,6,-32,-76
1739483510.2072475,-103,-43,-16
1739483510.2532475,31,-124,76
1739483510.2992475,-21,-35,-144
1739483510.3442476,7,-46,4
1739483510.3902476,-44,-19,-168
1739483510.4362476,33,0,0
1739483510.4812477,2,-48,-23
1739483510.5272477,94,-30,-93
1739483510.5732474,-31,-87,35
1739483510.6192474,4,-10,-56
1739483510.6642475,15,-64,-76
1739483510.7102475,40,-48,-53
1739483510.7562475,-49,45,-38
1739483510.8012476,8,-28,113
1739483510.8472476,0,28,-5
1739483510.8932476,-38,7,-47
1739483510.9392476,81,-64,-60
1739483510.9842474,-26,17,-54
1739483511.0302474,-22,19,-143
1739483511.0762477,48,52,-13
1739483511.1212475,28,-104,53
1739483511.1672475,-28,-87,83
1739483511.2132475,109,-72,-55
1739483511.2592475,-4,-85,81
1739483511.3042476,-11,-82,-23
1739483511.3502476,-112,73,-133
1739483511.3962476,-11,-86,-26
1739483511.4412477,-56,-31,-51
1739483511.4872477,51,-34,92
1739483511.5332477,21,-16,-152
1739483511.5792477,-2,-53,22
1739483511.6242476,56,4,-154
1739483511.6702476,67,-30,82
1739483511.7162476,-19,-47,-71
1739483511.7612476,-18,41,35
1739483511.8072476,-133,-39,49
1739483511.8532476,-7,-65,-62
1739483511.8992476,-18,-21,-93
1739483511.9442475,57,-38,-4
1739483511.9902475,20,-54,2
1739483512.0362475,-60,-167,-114
1739483512.0812476,-110,29,6
1739483512.1272476,3,-45,25
1739483512.1732476,-23,-97,-31
1739483512.2192476,60,-16,30
1739483512.2642477,92,26,-84
1739483512.3102477,-13,9,-156
1739483512.3562477,-6,-77,-35
1739483512.4012475,-35,-53,-129
1739483512.4472475,4,-12,-133
1739483512.4932475,73,80,1
1739483512.5392475,25,0,-23
1739483512.5842476,-43,-17,109
1739483512.6302476,-17,69,-120
1739483512.6762476,-56,-91,17
1739483512.7212474,-4,-49,-93
1739483512.7672474,45,-4,55
1739483512.8132474,28,-18,64
1739483512.8592474,-29,-31,22
1739483512.9042475,-28,115,15
1739483512.9502475,100,-10,-136
1739483512.9962475,33,-10,-22
1739483513.0412476,-10,13,58
1739483513.0872476,-14,-42,-28
1739483513.1332476,-29,-9,-54
1739483513.1792476,-26,-1,-74
1739483513.2242477,-9,47,-15
1739483513.2702477,42,-52,44
1739483513.3162477,13,76,19
1739483513.3612475,-111,7,-60
1739483513.4072475,15,32,-184
1739483513.4532475,97,38,-176
1739483513.4992476,43,-16,-11
1739483513.5442476,36,82,99
1739483513.5902476,-26,-49,-31
1739483513.6362476,8,-8,42
1739483513.6812477,81,2,14
1739483513.7272477,-18,-37,11
1739483513.7732477,-29,13,93
1739483513.8192475,42,-72,38
1739483513.8702476,14,26,-48
1739483513.9162476,7,-22,-12
1739483513.9612474,-41,55,-117
1739483514.0072474,-39,149,28
1739483514.0532477,-12,-7,-46
1739483514.0992477,-45,-127,-58
1739483514.1442475,8,-20,-43
1739483514.1902475,29,8,9
1739483514.2362475,-55,-141,-146
1739483514.2812476,18,20,97
1739483514.3272476,-28,-37,-92
1739483514.3732476,8,71,-41
1739483514.4192476,44,-131,-154
1739483514.4642477,38,-40,25
1739483514.5102477,31,-65,43
1739483514.5562477,41,0,-114
1739483514.6012475,7,-149,-36
1739483514.6472476,29,-109,-12
1739483514.6932476,60,65,-11
1739483514.7392476,73,-27,-54
1739483514.7842476,-39,6,92
1739483514.8302476,85,-3,46
1739483514.8762476,71,-145,4
1739483514.9212475,5,-49,-28
1739483514.9672475,-78,-18,-97
1739483515.0132475,-34,-12,-73
1739483515.0592475,48,63,-110
1739483515.1042476,4,11,-13
1739483515.1502476,10,-49,-19
1739483515.1962476,40,-15,18
1739483515.2412477,13,-51,31
1739483515.2872477,-25,24,-128
1739483515.3332477,-31,8,38
1739483515.3792477,-41,-92,-98
1739483515.4242475,14,13,54
1739483515.4702475,4,-132,-94
1739483515.5162475,-61,-102,4
1739483515.5612476,-3,-66,-68
1739483515.6072476,-12,-18,-82
1739483515.6532476,-63,14,-37
1739483515.6992476,-5,-32,-112
1739483515.7442474,-43,4,22
1739483515.7902474,-49,-36,15
1739483515.8362474,18,-25,17
1739483515.8812475,53,75,-97
1739483515.9272475,-26,54,-20
1739483515.9732475,-37,48,-54
1739483516.0192475,-17,-38,61
1739483516.0642476,-28,-26,-93
1739483516.1102476,-9,1,-85
1739483516.1562476,98,-99,52
1739483516.2012477,-31,-36,-143
1739483516.2472477,15,-73,18
1739483516.2932477,-48,40,21
1739483516.3392477,5,-63,33
1739483516.3842475,-39,-56,-64
1739483516.4302475,-41,-62,-14
1739483516.4762475,6,-143,-50
1739483516.5202477,-34,64,-113
1739483516.5662477,34,-49,44
1739483516.6122477,-10,86,-77
1739483516.6572475,-66,22,37
1739483516.7032475,11,-123,74
1739483516.7492476,-3,-22,-17
1739483516.7952476,-13,-110,-92
1739483516.8402476,48,37,165
1739483516.8862476,-30,-40,-4
1739483516.9322476,41,-27,-22
1739483516.9772477,9,-25,-12
1739483517.0232477,-16,-122,145
1739483517.0692475,-67,62,17
1739483517.1152475,-24,-70,94
1739483517.1602476,-32,152,-59
1739483517.2062476,-53,-94,-15
1739483517.2522476,50,-119,-91
1739483517.2972476,-40,-6,-6
1739483517.3432477,78,103,-13
1739483517.3892477,-34,-102,-112
1739483517.4352477,16,1,2
1739483517.4802475,36,27,-104
1739483517.5262475,11,9,23
1739483517.5722475,-15,-8,-85
1739483517.6172476,-22,-82,-20
1739483517.6632476,-39,10,-45
1739483517.7092476,35,-33,-57
1739483517.7552476,30,-27,-53
1739483517.8002477,21,31,-47
1739483517.8462474,12,-83,-29
1739483517.8922474,7,25,118
1739483517.9372475,-62,-26,-64
1739483517.9832475,-87,10,0
1739483518.0292475,14,-65,57
1739483518.0752475,19,121,-83
1739483518.1202476,1,-97,136
1739483518.1662476,68,-35,-44
1739483518.2122476,114,-87,0
1739483518.2572474,-30,42,43
1739483518.3032477,92,-23,-79
1739483518.3492477,32,-21,49
1739483518.3952477,17,-87,-121
1739483518.4402475,107,-11,-141
1739483518.4862475,-24,-56,-56
1739483518.5322475,-14,12,34
1739483518.5772476,64,-75,24
1739483518.6232476,49,-103,143
1739483518.6692476,31,-97,-5
1739483518.7152476,-48,-20,-56
1739483518.7602477,-14,4,-136
1739483518.8062477,-27,-22,-76
1739483518.8522477,-11,-66,-4
1739483518.8972476,-86,-20,-2
1739483518.9432476,34,-5,-92
1739483518.9892476,24,15,-74
1739483519.0352476,12,-19,-104
1739483519.0802476,-9,-62,-60
1739483519.1262476,6,-75,-198
1739483519.1722476,-18,38,64
1739483519.2172475,39,-13,67
1739483519.2632475,54,15,24
1739483519.3092475,-30,-26,-96
1739483519.3552475,-23,-92,7
1739483519.4002476,-30,88,-116
1739483519.4462476,49,113,-56
1739483519.4922476,-46,-90,-59
1739483519.5372477,5,-135,-75
1739483519.5832477,106,87,48
1739483519.6292477,24,-15,4
1739483519.6752477,46,-133,-86
1739483519.7202475,-30,-14,-37
1739483519.7662475,-8,22,37
1739483519.8122475,-15,-102,26
1739483519.8572476,4,83,-123
1739483519.9032476,-22,12,95
1739483519.9492476,47,11,-46
1739483519.9952476,11,-95,-8
1739483520.0402474,-3,-32,-13
1739483520.0862474,-17,4,41
1739483520.1322474,-14,-86,-23
1739483520.1772475,21,-109,-13
1739483520.2232475,40,-67,-40
1739483520.2692475,-45,-50,-158
1739483520.3152475,-2,-14,-97
1739483520.3602476,0,74,-70
1739483520.4062476,27,-1,14
1739483520.4522476,-48,-82,-51
1739483520.4972477,39,-11,-41
1739483520.5432477,-38,68,67
1739483520.5892477,2,19,-61
1739483520.6352477,60,3,-50
1739483520.6802475,41,-37,50
1739483520.7262475,-61,-36,-46
1739483520.7722476,-7,-24,-91
1739483520.8172476,44,-13,-38
1739483520.8632476,15,-9,-8
1739483520.9092476,-62,20,-33
1739483520.9552476,59,-13,-37
1739483521.0002477,-32,10,-119
1739483521.0462475,-37,42,-36
1739483521.0922475,-109,-60,-71
1739483521.1372476,16,13,-13
1739483521.1832476,-77,-132,-98
1739483521.2292476,-65,-22,8
1739483521.2742476,11,71,-7
1739483521.3202477,12,-163,2
1739483521.3662477,-89,146,-60
1739483521.4122477,1,46,-9
1739483521.4572475,-45,32,85
1739483521.5032475,55,68,-45
1739483521.5492475,73,-204,-20
1739483521.5942476,-60,0,-5
1739483521.6402476,-70,77,-137
1739483521.6862476,44,4,102
1739483521.7322476,9,-62,-2
1739483521.7772477,-1,85,67
1739483521.8232474,-6,-136,16
1739483521.8692474,3,-150,60
1739483521.9142475,-37,20,93
1739483521.9602475,-12,-69,-89
1739483522.0062475,5,43,-102
1739483522.0522475,-38,-3,-9
1739483522.0972476,16,-76,10
1739483522.1432476,5,44,-48
1739483522.1892476,77,-18,-43
1739483522.2342474,13,18,-27
1739483522.2802474,43,40,74
1739483522.3262477,-55,-25,96
1739483522.3722477,-43,-79,-32
1739483522.4172475,-104,7,30
1739483522.4632475,-56,-57,15
1739483522.5092475,23,40,34
1739483522.5542476,23,-74,0
1739483522.6002476,-47,-123,-80
1739483522.6462476,37,-130,-27
1739483522.6922476,-25,-15,29
1739483522.7372477,-1,-112,-44
1739483522.7832477,48,28,0
1739483522.8292477,-10,-105,-76
1739483522.8742476,30,-90,-33
1739483522.9202476,-21,-119,-131
1739483522.9662476,47,-27,61
1739483523.0122476,-18,74,0
1739483523.0572476,0,-44,-148
1739483523.1032476,-15,26,71
1739483523.1492476,35,0,-9
1739483523.1942475,58,-53,7
1739483523.2402475,18,7,-34
1739483523.2862475,-13,-8,77
1739483523.3322475,0,-3,-13
1739483523.3772476,59,-29,-58
1739483523.4232476,82,-13,-32
1739483523.4692476,-64,-55,-118
1739483523.5142477,-8,54,46
1739483523.5602477,0,-78,-34
1739483523.6062477,-37,59,17
1739483523.6522477,-57,-185,-38
1739483523.6972475,62,-82,-72
1739483523.7432475,66,-106,-71
1739483523.7892475,39,40,-73
1739483523.8342476,-42,22,11
1739483523.8862476,-53,-42,-51
1739483523.9322476,-15,101,-94
1739483523.9772477,55,-17,10
1739483524.0232477,-6,6,-35
1739483524.0692475,28,25,-104
1739483524.1142476,-4,12,-53
1739483524.1602476,27,-111,-71
1739483524.2062476,7,46,-134
1739483524.2522476,99,51,31
1739483524.2972476,42,-36,-87
1739483524.3432477,-21,-76,-85
1739483524.3892477,31,-127,12
1739483524.4342475,-54,-12,-122
1739483524.4802475,-21,6,-92
1739483524.5262475,25,-6,-87
1739483524.5722475,1,79,-73
1739483524.6172476,33,-29,-71
1739483524.6632476,-40,-82,9
1739483524.7092476,67,-1,46
1739483524.7542477,16,-65,-50
1739483524.8002477,2,91,-117
1739483524.8462474,-50,-40,67
1739483524.8922474,-9,-98,-46
1739483524.9372475,-2,-145,26
1739483524.9832475,41,-43,43
1739483525.0292475,50,27,-70
1739483525.0742476,80,23,59
1739483525.1202476,-45,-136,-27
1739483525.1662476,-63,-40,39
1739483525.2122476,-21,-94,-80
1739483525.2572474,-14,-62,-40
1739483525.3032477,2,13,20
1739483525.3492477,-42,47,36
1739483525.3942475,-13,-31,-83
1739483525.4402475,-24,-137,-154
1739483525.4862475,15,-62,1
1739483525.5322475,-4,51,133
1739483525.5772476,-21,-81,17
1739483525.6232476,-9,46,7
1739483525.6692476,59,-58,-48
1739483525.7142477,18,13,-55
1739483525.7602477,-13,13,18
1739483525.8062477,38,-20,-69
1739483525.8522477,0,-26,-33
1739483525.8972476,37,22,5
1739483525.9432476,30,12,-103
1739483525.9892476,-60,-30,-34
1739483526.0342476,24,-67,-136
1739483526.0802476,0,-23,-42
1739483526.1262476,-1,-38,-9
1739483526.1722476,27,-42,70
1739483526.2172475,-9,-47,-108
1739483526.2632475,-58,-21,18
1739483526.3092475,-25,-23,45
1739483526.3542476,7,3,99
1739483526.4002476,-95,-15,-89
1739483526.4462476,-65,36,-121
1739483526.4922476,-52,-133,47
1739483526.5372477,-30,-40,-91
1739483526.5832477,-48,46,-7
1739483526.6292477,30,0,-61
1739483526.6742475,42,5,-108
1739483526.7202475,17,-23,-126
1739483526.7662475,-33,-66,-56
1739483526.8122475,-70,-24,35
1739483526.8572476,-19,90,-100
1739483526.9032476,-49,12,-37
1739483526.9492476,43,53,105
1739483526.9942474,25,19,-26
1739483527.0402474,12,-109,18
1739483527.0862474,-44,-6,-64
1739483527.1322474,22,33,-131
1739483527.1772475,5,-128,-2
1739483527.2232475,-95,-86,24
1739483527.2692475,13,50,-44
1739483527.3142476,-30,-193,-58
1739483527.3602476,-15,-144,-118
1739483527.4062476,-129,-25,-60
1739483527.4522476,-36,-16,-4
1739483527.4972477,62,-11,-13
1739483527.5432477,-8,-70,-31
1739483527.5892477,-46,-68,-124
1739483527.6342475,-83,-98,15
1739483527.6802475,27,-33,-92
1739483527.7262475,2,-168,45
1739483527.7722476,43,-21,-88
1739483527.8172476,-46,-7,-179
1739483527.8632476,31,21,-20
1739483527.9092476,-19,-108,-106
1739483527.9542477,-51,-1,-61
1739483528.0002477,40,-19,-150
1739483528.0462475,-60,-110,80
1739483528.0922475,-3,-102,8
1739483528.1372476,28,-71,32
1739483528.1832476,52,-29,-38
1739483528.2292476,-4,-29,-13
1739483528.2742476,-72,-100,-48
1739483528.3202477,-36,-30,51
1739483528.3662477,48,-39,42
1739483528.4122477,-46,-62,16
1739483528.4572475,-30,-63,-147
1739483528.5032475,-27,-32,-81
1739483528.5492475,-26,-168,5
1739483528.5942476,35,-45,-57
1739483528.6402476,-82,11,-48
1739483528.6862476,-20,-30,13
1739483528.7322476,30,-3,-6
1739483528.7772477,-13,61,-132
1739483528.8232474,59,-90,47
1739483528.8692474,-118,-59,-99
1739483528.9142475,10,-94,-84
1739483528.9602475,-19,-39,26
1739483529.0062475,19,-38,-39
1739483529.0522475,32,54,-23
1739483529.0972476,90,34,-30
1739483529.1432476,-18,-83,-1
1739483529.1892476,-7,-19,-22
1739483529.2342474,40,-148,10
1739483529.2802474,-39,55,25
1739483529.3262477,-59,-56,7
1739483529.3722477,-36,-29,-93
1739483529.4172475,34,-64,-48
1739483529.4632475,-13,45,-4
1739483529.5092475,-80,-29,184
1739483529.5542476,-55,-131,-23
1739483529.6002476,11,-78,-16
1739483529.6462476,30,-38,44
1739483529.6922476,1,6,-21
1739483529.7372477,28,0,-29
1739483529.7832477,-29,-3,-11
1739483529.8292477,-27,-161,-48
1739483529.8742476,1,-124,-55
1739483529.9202476,-21,80,51
1739483529.9662476,-45,-21,-91
1739483530.0122476,51,-30,-133
1739483530.0572476,5,22,13
1739483530.1032476,-47,-47,33
1739483530.1492476,17,86,17
1739483530.1942475,-48,-29,-49
1739483530.2402475,-27,-89,-19
1739483530.2862475,75,-36,-3
1739483530.3322475,64,60,-36
1739483530.3772476,-43,-15,9
1739483530.4232476,92,-138,98
1739483530.4692476,-14,-23,-99
1739483530.5142477,42,-38,62
1739483530.5602477,-4,-44,-56
1739483530.6062477,46,-31,27
1739483530.6522477,41,-67,4
1739483530.6972475,-67,-124,-81
1739483530.7432475,18,-25,64
1739483530.7892475,-20,-65,-50
1739483530.8342476,7,38,-34
1739483530.8802476,80,-34,-25
1739483530.9262476,9,-28,-133
1739483530.9722476,10,-152,60
1739483531.0172474,-1,-50,-121
1739483531.0632474,6,53,17
1739483531.1092474,-35,-36,-164
1739483531.1542475,-43,-58,-24
1739483531.2002475,-17,-229,18
1739483531.2462475,19,78,8
1739483531.2922475,-7,63,-6
1739483531.3372476,-60,19,-81
1739483531.3832476,-37,-21,-47
1739483531.4292476,-21,43,-113
1739483531.4742477,30,-44,14
1739483531.5202477,-23,3,57
1739483531.5662477,-52,-95,74
1739483531.6122477,-54,-21,56
1739483531.6572475,1,-68,-102
1739483531.7032475,28,-76,0
1739483531.7492476,-55,-17,-78
1739483531.7942476,67,-56,53
1739483531.8402476,64,-40,73
1739483531.8862476,-17,21,7
1739483531.9322476,88,24,-211
1739483531.9772477,-55,19,-70
1739483532.0232477,-11,-92,-25
1739483532.0692475,-7,-128,-30
1739483532.1142476,-23,44,-10
1739483532.1602476,-30,-22,22
1739483532.2062476,-39,-69,15
1739483532.2522476,70,54,27
1739483532.2972476,16,53,-48
1739483532.3432477,-30,-97,14
1739483532.3892477,24,-39,85
1739483532.4342475,29,-56,-172
1739483532.4802475,1,0,-22
1739483532.5262475,-55,-41,-76
1739483532.5722475,-18,-43,-108
1739483532.6172476,-35,-27,14
1739483532.6632476,-88,-25,18
1739483532.7092476,-2,-62,-66
1739483532.7542477,20,20,4
1739483532.8002477,-23,-43,4
1739483532.8462474,-22,91,-34
1739483532.8922474,40,-40,-174
1739483532.9372475,21,-145,-22
1739483532.9832475,-38,-35,-59
1739483533.0292475,35,16,-3
1739483533.0742476,45,108,-77
1739483533.1202476,-5,-7,-108
1739483533.1662476,30,-62,-58
1739483533.2122476,56,2,1
1739483533.2572474,-25,-111,-54
1739483533.3032477,-5,5,-44
1739483533.3492477,0,-69,53
1739483533.3942475,9,-46,-127
1739483533.4402475,33,-108,-29
1739483533.4862475,39,-54,-189
1739483533.5322475,67,-126,-101
1739483533.5772476,0,11,-11
1739483533.6232476,35,0,-32
1739483533.6692476,47,-9,-19
1739483533.7142477,0,35,8
1739483533.7602477,-42,-27,-63
1739483533.8062477,36,-6,20
1739483533.8572476,-60,99,-88
1739483533.9032476,-21,31,-112
1739483533.9492476,-51,-79,-76
1739483533.9942474,-18,-45,79
1739483534.0402474,9,-84,-13
1739483534.0862474,15,48,-45
1739483534.1322474,-48,-73,-84
1739483534.1772475,38,-2,-29
1739483534.2232475,3,-85,-31
1739483534.2692475,45,-34,-84
1739483534.3142476,-43,25,23
1739483534.3602476,47,-30,25
1739483534.4062476,-14,19,-111
1739483534.4522476,51,-178,22
1739483534.4972477,-55,-143,-141
1739483534.5432477,-61,-7,-52
1739483534.5892477,-4,-11,78
1739483534.6342475,32,-86,58
1739483534.6802475,50,-74,-47
1739483534.7262475,-44,-19,-94
1739483534.7722476,-35,-129,-81
1739483534.8172476,-39,-85,-4
1739483534.8632476,-58,-91,3
1739483534.9092476,27,-40,-81
1739483534.9542477,-12,-69,-26
1739483535.0002477,51,-60,-13
1739483535.0462475,-15,-23,-51
1739483535.0922475,54,-90,42
1739483535.1372476,-7,-79,88
1739483535.1832476,95,-50,-38
1739483535.2292476,-32,-67,-128
1739483535.2742476,-62,-85,21
1739483535.3202477,39,58,-112
1739483535.3662477,48,-58,-49
1739483535.4122477,30,-174,159
1739483535.4572475,9,34,-24
1739483535.5032475,-29,-4,-11
1739483535.5492475,95,34,-67
1739483535.5942476,-40,-123,-76
1739483535.6402476,97,6,34
1739483535.6862476,3,126,60
1739483535.7322476,-32,-45,-87
1739483535.7772477,-70,-7,-97
1739483535.8232474,-19,21,76
1739483535.8692474,57,-30,-53
1739483535.9142475,-11,-91,-119
1739483535.9602475,26,-70,17
1739483536.0062475,14,-82,50
1739483536.0522475,-14,-1,-67
1739483536.0972476,-57,-125,-119
1739483536.1432476,14,-28,68
1739483536.1892476,10,-128,-32
1739483536.2342474,4,94,-48
1739483536.2802474,-7,-101,-103
1739483536.3262477,-88,127,-84
1739483536.3722477,-26,9,-11
1739483536.4172475,22,-46,-59
1739483536.4632475,-28,-77,63
1739483536.5092475,21,-46,-49
1739483536.5542476,-10,-57,-10
1739483536.6002476,33,-72,136
1739483536.6462476,62,2,-69
1739483536.6922476,-32,-27,-220
1739483536.7372477,3,6,-4
1739483536.7832477,90,-28,-27
1739483536.8292477,-31,-37,-48
1739483536.8742476,29,-12,36
1739483536.9202476,-7,-5,6
1739483536.9662476,-4,-101,-34
1739483537.0122476,-56,-99,-17
1739483537.0572476,13,15,-46
1739483537.1032476,-68,145,11
1739483537.1492476,-12,-93,-111
1739483537.1942475,7,-14,-74
1739483537.2402475,101,-42,62
1739483537.2862475,21,38,-71
1739483537.3322475,22,-106,-32
1739483537.3772476,-1,-60,-14
1739483537.4232476,23,-126,52
1739483537.4692476,12,-12,-29
1739483537.5142477,-26,-65,-127
1739483537.5602477,-3,-59,36
1739483537.6062477,-2,-57,9
1739483537.6522477,35,-84,-140
1739483537.6972475,0,85,59
1739483537.7432475,-34,-173,-34
1739483537.7892475,-10,-57,-77
1739483537.8342476,31,-42,-67
1739483537.8802476,67,12,65
1739483537.9262476,-31,-27,-81
1739483537.9722476,-25,-151,44
1739483538.0172474,53,-18,1
1739483538.0632474,0,-45,-86
1739483538.1092474,-2,19,5
1739483538.1542475,29,-10,-62
1739483538.2002475,60,-122,65
1739483538.2462475,72,-40,-28
1739483538.2922475,-1,-77,19
1739483538.3372476,49,-26,-121
1739483538.3832476,-34,-91,13
1739483538.4292476,-7,-7,-44
1739483538.4742477,54,-146,70
1739483538.5202477,-23,-69,46
1739483538.5662477,30,-74,-23
1739483538.6122477,-38,-29,30
1739483538.6572475,-106,-79,-145
1739483538.7032475,17,74,-26
1739483538.7492476,-10,-91,167
1739483538.7942476,21,-158,46
1739483538.8402476,-44,-59,-76
1739483538.8862476,74,50,-85
1739483538.9322476,-31,11,-8
1739483538.9772477,29,44,66
1739483539.0232477,-65,-99,-121
1739483539.0692475,44,-108,-173
1739483539.1142476,29,0,17
1739483539.1602476,9,57,-12
1739483539.2062476,73,-32,-64
1739483539.2522476,-53,-9,-89
1739483539.2972476,29,-14,-139
1739483539.3432477,0,32,-69
1739483539.3892477,-83,-153,-72
1739483539.4342475,1,-59,17
1739483539.4802475,52,-154,3
1739483539.5262475,-23,-63,-88
1739483539.5722475,-2,-91,-18
1739483539.6172476,35,-38,83
1739483539.6632476,52,-116,-66
1739483539.7092476,-123,69,21
1739483539.7542477,67,-30,-133
1739483539.8002477,-56,-41,-25
1739483539.8462474,19,-44,-28
1739483539.8922474,-35,41,-2
1739483539.9372475,21,-20,18
1739483539.9832475,-31,-39,-74
1739483540.0292475,27,-96,-43
1739483540.0742476,-56,-95,-45
1739483540.1202476,4,-132,-125
1739483540.1662476,-49,-33,154
1739483540.2122476,-89,-1,2
1739483540.2572474,-11,-41,42
1739483540.3032477,2,94,86
1739483540.3492477,3,-72,6
1739483540.3942475,-14,-21,-109
1739483540.4402475,30,-54,51
1739483540.4862475,-20,-25,12
1739483540.5322475,-82,-3,-73
1739483540.5772476,44,-68,-74
1739483540.6232476,9,52,29
1739483540.6692476,62,-24,8
1739483540.7142477,0,-64,-45
1739483540.7602477,-66,29,-166
1739483540.8062477,-56,-149,-85
1739483540.8522477,10,16,-76
1739483540.8972476,-32,-123,-16
1739483540.9432476,-72,-69,-58
1739483540.9892476,9,-5,-44
1739483541.0342476,-28,33,69
1739483541.0802476,69,-36,-5
1739483541.1262476,-28,5,6
1739483541.1722476,10,-118,-114
1739483541.2172475,53,-12,81
1739483541.2632475,-45,53,-15
1739483541.3092475,-109,-67,61
1739483541.3542476,-1,-12,0
1739483541.4002476,9,90,2
1739483541.4462476,16,-99,-171
1739483541.4922476,-22,71,-4
1739483541.5372477,-55,-33,-163
1739483541.5832477,45,28,-148
1739483541.6292477,21,-114,-16
1739483541.6742475,2,-212,-70
1739483541.7202475,41,-12,-22
1739483541.7662475,62,68,-134
1739483541.8122475,-2,-59,-46
1739483541.8572476,4,-171,-103
1739483541.9032476,1,-39,-64
1739483541.9492476,-49,-9,16
1739483541.9942474,58,-124,-106
1739483542.0402474,58,-86,-143
1739483542.0862474,29,-18,-63
1739483542.1302476,-8,0,41
1739483542.1762476,-31,99,-100
1739483542.2222476,-14,-24,8
1739483542.2682476,18,-40,-57
1739483542.3132474,46,-56,12
1739483542.3592474,-10,15,-116
1739483542.4052474,8,4,-150
1739483542.4502475,-28,-39,-131
1739483542.4962475,-98,-7,-91
1739483542.5422475,74,-36,-94
1739483542.5882475,-35,-63,64
1739483542.6332476,-20,-95,-24
1739483542.6792476,-32,-149,-154
1739483542.7252476,84,-90,-71
1739483542.7702477,-13,-67,9
1739483542.8162477,9,-75,-63
1739483542.8622477,68,52,17
1739483542.9082477,-5,43,66
1739483542.9532475,20,-64,-116
1739483542.9992476,97,-120,-41
1739483543.0452476,21,-58,-110
1739483543.0902476,6,-98,-106
1739483543.1362476,20,10,-8
1739483543.1822476,19,6,29
1739483543.2282476,78,-54,-40
1739483543.2732477,18,56,-13
1739483543.3192475,-70,-47,56
1739483543.3652475,43,-6,73
1739483543.4102476,-36,-15,-34
1739483543.4562476,-27,-211,-19
1739483543.5022476,0,-37,-35
1739483543.5482476,-4,-88,-119
1739483543.5932477,-29,-99,-28
1739483543.6392477,17,6,-1
1739483543.6852477,-14,11,20
1739483543.7302475,3,-76,-73
1739483543.7762475,67,54,-124
1739483543.8222475,-26,-31,-132
1739483543.8732476,90,-12,37
1739483543.9192476,24,-18,-69
1739483543.9652476,29,-10,-72
1739483544.0102477,12,-114,-32
1739483544.0562477,63,-106,-22
1739483544.1022477,103,-72,-113
1739483544.1482477,-17,-35,126
1739483544.1932476,-30,-55,5
1739483544.2392476,4,24,6
1739483544.2852476,-38,49,-74
1739483544.3302476,-44,-89,26
1739483544.3762476,-88,-83,24
1739483544.4222476,7,-12,-9
1739483544.4682477,37,-86,82
1739483544.5132475,37,-118,9
1739483544.5592475,5,-32,26
1739483544.6052475,5,42,11
1739483544.6502476,-22,-19,-34
1739483544.6962476,41,-10,-3
1739483544.7422476,48,6,-102
1739483544.7882476,0,21,-80
1739483544.8332477,77,4,35
1739483544.8792477,64,-18,-130
1739483544.9252477,0,-60,0
1739483544.9702475,-79,-41,-21
1739483545.0162475,-30,3,44
1739483545.0622475,16,-10,-74
1739483545.1082475,-38,-83,-46
1739483545.1532476,-7,-77,7
1739483545.1992476,-23,-13,-23
1739483545.2452476,-9,-71,-1
1739483545.2902474,17,-114,-145
1739483545.3362474,58,-10,-31
1739483545.3822474,9,-36,-10
1739483545.4282477,-25,39,118
1739483545.4732475,21,134,44
1739483545.5192475,76,98,31
1739483545.5652475,31,-38,22
1739483545.6102476,-71,-127,34
1739483545.6562476,-17,83,-18
1739483545.7022476,-58,-21,133
1739483545.7482476,8,-120,26
1739483545.7932477,45,-24,-6
1739483545.8392477,78,-108,-147
1739483545.8852477,5,59,35
1739483545.9302475,17,-9,-43
1739483545.9762475,-49,-72,31
1739483546.0222476,-36,-18,-44
1739483546.0682476,-25,4,-74
1739483546.1132476,-8,-118,-115
1739483546.1592476,42,65,-36
1739483546.2052476,84,-95,-41
1739483546.2502477,-11,102,-71
1739483546.2962475,30,71,-35
1739483546.3422475,0,-34,-97
1739483546.3882475,-26,-122,-30
1739483546.4332476,-2,-28,105
1739483546.4792476,16,-69,28
1739483546.5252476,-53,-128,-55
1739483546.5702477,-7,-28,20
1739483546.6162477,-9,-16,37
1739483546.6622477,-56,56,16
1739483546.7082477,34,99,86
1739483546.7532475,-37,-124,43
1739483546.7992475,-66,-34,92
1739483546.8452475,-58,-50,73
1739483546.8902476,-1,-22,-128
1739483546.9372475,-4,58,-54
1739483546.9832475,11,-15,-67
1739483547.0292475,-32,80,20
1739483547.0742476,-14,-6,-15
1739483547.1202476,-29,-74,50
1739483547.1662476,53,-105,-37
1739483547.2122476,60,-113,-41
1739483547.2572474,-1,33,-80
1739483547.3032477,11,-13,-98
1739483547.3492477,15,-25,14
1739483547.3942475,-73,-150,-34
1739483547.4402475,-41,-2,-53
1739483547.4862475,72,-7,-117
1739483547.5322475,-36,58,-47
1739483547.5772476,68,-37,120
1739483547.6232476,46,43,-32
1739483547.6692476,-14,-40,24
1739483547.7142477,-14,2,-44
1739483547.7602477,-37,-40,90
1739483547.8062477,-15,42,-38
1739483547.8522477,36,-109,93
1739483547.8972476,19,13,-69
1739483547.9432476,-87,-56,9
1739483547.9892476,52,-49,-51
1739483548.0342476,78,-95,-138
1739483548.0802476,-83,-90,-64
1739483548.1262476,-58,-46,12
1739483548.1722476,33,-253,-91
1739483548.2172475,8,39,25
1739483548.2632475,60,-15,105
1739483548.3092475,-52,100,-173
1739483548.3542476,37,-127,-34
1739483548.4002476,73,-103,-95
1739483548.4462476,-46,0,-95
1739483548.4922476,2,-41,-59
1739483548.5372477,48,23,-51
1739483548.5832477,-12,28,-6
1739483548.6292477,-12,142,25
1739483548.6742475,-30,10,-5
1739483548.7202475,-11,-76,-88
1739483548.7662475,72,5,-83
1739483548.8122475,15,-119,-50
1739483548.8572476,12,-89,-79
1739483548.9032476,9,77,-136
1739483548.9492476,-18,-68,0
1739483548.9942474,6,-92,-21
1739483549.0402474,43,81,-66
1739483549.0862474,26,-85,86
1739483549.1322474,-42,-18,-104
1739483549.1772475,5,-44,-34
1739483549.2232475,-29,114,0
1739483549.2692475,49,1,-80
1739483549.3142476,-33,-194,-106
1739483549.3602476,14,-113,-12
1739483549.4062476,24,-7,37
1739483549.4522476,128,5,-81
1739483549.4972477,-83,-138,-83
1739483549.5432477,0,-50,-19
1739483549.5892477,-63,-42,30
1739483549.6342475,101,35,-104
1739483549.6802475,-73,-66,-103
1739483549.7262475,48,-73,73
1739483549.7712476,65,-47,-82
1739483549.8172476,-19,-76,-24
1739483549.8632476,-29,-80,-44
1739483549.9092476,14,-93,84
1739483549.9542477,2,-118,66
1739483550.0002477,-6,-7,-46
1739483550.0462475,-95,12,60
1739483550.0922475,-14,-154,-96
1739483550.1372476,16,-29,-27
1739483550.1832476,-57,-24,41
1739483550.2292476,34,-41,-51
1739483550.2742476,-35,-40,-82
1739483550.3202477,-21,-76,-46
1739483550.3662477,31,-37,-17
1739483550.4122477,-81,32,-18
1739483550.4572475,-2,-81,-12
1739483550.5032475,-43,-94,-24
1739483550.5492475,-35,18,-15
1739483550.5942476,8,-5,-101
1739483550.6402476,16,9,-16
1739483550.6862476,77,65,-63
1739483550.7322476,50,-79,31
1739483550.7772477,-4,-59,-18
1739483550.8232474,-5,-26,-15
1739483550.8692474,0,73,-68
1739483550.9142475,9,-37,24
1739483550.9602475,59,-75,25
1739483551.0062475,-29,40,-47
1739483551.0522475,-23,62,-110
1739483551.0972476,55,-53,26
1739483551.1432476,-44,62,92
1739483551.1892476,13,-59,29
1739483551.2342474,1,-6,-39
1739483551.2802474,30,-15,53
1739483551.3262477,24,-71,-9
1739483551.3722477,-35,14,-52
1739483551.4172475,48,-69,-141
1739483551.4632475,32,-31,-65
1739483551.5092475,-86,-96,-29
1739483551.5542476,19,-19,-3
1739483551.6002476,-47,-152,-1
1739483551.6462476,-16,-7,-22
1739483551.6922476,7,-59,-49
1739483551.7372477,60,61,-114
1739483551.7832477,50,-9,-23
1739483551.8292477,0,-33,43
1739483551.8742476,61,43,-8
1739483551.9202476,19,-31,3
1739483551.9662476,-16,-60,-10
1739483552.0122476,-7,-97,-102
1739483552.0572476,20,-39,22
1739483552.1032476,-117,-30,68
1739483552.1492476,-6,-56,-71
1739483552.1942475,-29,-100,18
1739483552.2402475,18,-71,-112
1739483552.2862475,38,53,36
1739483552.3322475,-20,-62,17
1739483552.3772476,-22,-120,-6
1739483552.4232476,-126,-74,37
1739483552.4692476,28,-17,-28
1739483552.5142477,33,-75,-27
1739483552.5602477,84,-21,23
1739483552.6062477,5,-13,-63
1739483552.6522477,69,-25,-121
1739483552.6972475,41,2,-20
1739483552.7432475,98,-72,16
1739483552.7892475,27,-217,-98
1739483552.8342476,34,-11,-4
1739483552.8802476,-100,-146,-54
1739483552.9262476,-71,-41,-17
1739483552.9722476,-16,77,-23
1739483553.0172474,-14,-97,67
1739483553.0632474,-5,19,28
1739483553.1092474,-57,30,41
1739483553.1542475,-2,68,31
1739483553.2002475,10,-71,-7
1739483553.2462475,-14,96,52
1739483553.2922475,51,-1,-54
1739483553.3372476,71,53,-52
1739483553.3832476,-88,24,-40
1739483553.4292476,30,-95,-150
1739483553.4742477,36,-73,-56
1739483553.5202477,-43,-14,-61
1739483553.5662477,-11,-24,-52
1739483553.6122477,-86,-142,-67
1739483553.6572475,-1,20,-15
1739483553.7032475,75,-29,65
1739483553.7492476,-28,-34,-138
1739483553.7942476,21,-5,109
1739483553.8402476,-19,-64,-16
1739483553.8922474,32,-1,-186
1739483553.9372475,105,27,-54
1739483553.9832475,75,33,-84
1739483554.0292475,58,4,-41
1739483554.0742476,-62,23,0
1739483554.1202476,-58,-47,18
1739483554.1662476,21,-66,30
1739483554.2122476,-12,-41,-70
1739483554.2572474,-28,17,-88
1739483554.3032477,-11,-96,-43
1739483554.3492477,20,-43,-57
1739483554.3942475,40,65,-121
1739483554.4402475,28,-116,-126
1739483554.4862475,38,-56,23
1739483554.5312476,-33,-115,-53
1739483554.5772476,38,-65,-44
1739483554.6232476,-11,-1,64
1739483554.6692476,37,6,-80
1739483554.7142477,-32,-85,-49
1739483554.7602477,-21,-47,70
1739483554.8062477,18,89,-33
1739483554.8512475,3,87,173
1739483554.8972476,45,-91,-112
1739483554.9432476,27,-39,-140
1739483554.9892476,11,-27,39
1739483555.0342476,-54,-70,-61
1739483555.0802476,-10,-68,24
1739483555.1262476,-33,-19,-12
1739483555.1712475,-31,43,-84
1739483555.2172475,45,-26,17
1739483555.2632475,84,28,134
1739483555.3092475,-51,1,11
1739483555.3542476,28,2,-23
1739483555.4002476,7,-40,9
1739483555.4462476,0,29,-6
1739483555.4912477,25,-90,14
1739483555.5372477,-95,-49,-119
1739483555.5832477,-3,-76,-44
1739483555.6292477,-42,17,32
1739483555.6742475,32,12,13
1739483555.7202475,-11,-23,25
1739483555.7662475,12,-36,-58
1739483555.8112476,41,-200,-71
1739483555.8572476,88,-43,-27
1739483555.9032476,-56,64,-29
1739483555.9492476,2,-52,73
1739483555.9942474,-21,-95,-41
1739483556.0402474,-46,-98,-54
1739483556.0862474,6,-14,-75
1739483556.1312475,27,-78,-32
1739483556.1772475,30,-53,36
1739483556.2232475,14,-20,16
1739483556.2692475,-32,-110,-52
1739483556.3142476,80,-67,90
1739483556.3602476,18,-34,-95
1739483556.4062476,-84,31,-142
1739483556.4512477,62,72,95
1739483556.4972477,26,-30,-13
1739483556.5432477,-24,-101,-118
1739483556.5892477,0,22,-59
1739483556.6342475,37,-72,-84
1739483556.6802475,-2,-83,-120
1739483556.7262475,-14,-79,-21
1739483556.7712476,5,-18,-18
1739483556.8172476,6,-21,-83
1739483556.8632476,48,5,-24
1739483556.9092476,-31,34,-97
1739483556.9542477,83,-105,-13
1739483557.0002477,-32,-146,2
1739483557.0462475,2,-142,-62
1739483557.0912476,45,-68,-78
1739483557.1372476,-25,50,-41
1739483557.1832476,-27,27,-115
1739483557.2292476,-22,-29,-26
1739483557.2742476,-17,-14,-114
1739483557.3202477,49,-77,-153
1739483557.3662477,-36,-76,-111
1739483557.4112475,89,-147,-77
1739483557.4572475,-94,0,84
1739483557.5032475,50,-91,-69
1739483557.5492475,-10,-182,-53
1739483557.5942476,-51,-82,-82
1739483557.6402476,-2,-158,-86
1739483557.6862476,38,-23,10
1739483557.7312477,-7,-28,-36
1739483557.7772477,49,-53,-25
1739483557.8232474,13,-35,-16
1739483557.8692474,-5,-28,119
1739483557.9142475,47,-63,-48
1739483557.9602475,-46,-74,135
1739483558.0062475,82,51,-20
1739483558.0512476,9,-136,-30
1739483558.0962474,11,16,12
1739483558.1422474,-17,-135,-130
1739483558.1872475,-66,13,-58
1739483558.2332475,0,37,-10
1739483558.2792475,-59,-31,-17
1739483558.3252475,-6,31,-85
1739483558.3702476,1,-82,-47
1739483558.4162476,-72,3,-14
1739483558.4622476,92,-12,7
1739483558.5072474,56,-38,-26
1739483558.5532477,-83,-135,-84
1739483558.5992477,-17,-82,0
1739483558.6452477,51,-37,-27
1739483558.6902475,19,-43,34
1739483558.7362475,46,-33,-51
1739483558.7822475,-56,-18,106
1739483558.8272476,-37,-26,-87
1739483558.8732476,-14,-6,-51
1739483558.9192476,-38,-64,42
1739483558.9652476,5,-35,-22
1739483559.0102477,-14,20,-64
1739483559.0562477,-11,53,-87
1739483559.1022477,-38,24,-126
1739483559.1472476,-9,49,39
1739483559.1932476,74,-36,-3
1739483559.2392476,-25,-169,-97
1739483559.2852476,-20,-151,2
1739483559.3302476,-11,-17,15
1739483559.3762476,5,8,-52
1739483559.4222476,-68,96,-32
1739483559.4672475,-95,-16,-22
1739483559.5132475,18,-11,-43
1739483559.5592475,52,10,0
1739483559.6052475,1,55,25
1739483559.6502476,-21,-49,18
1739483559.6962476,-56,-11,-18
1739483559.7422476,29,122,-88
1739483559.7872477,29,-54,78
1739483559.8332477,26,-207,-59
1739483559.8792477,-28,1,50
1739483559.9252477,60,-14,49
1739483559.9702475,7,38,-174
1739483560.0162475,7,-98,-39
1739483560.0622475,12,59,-2
1739483560.1072476,-72,9,-68
1739483560.1532476,-18,-36,-73
1739483560.1992476,46,26,-50
1739483560.2452476,-42,-51,-33
1739483560.2902474,-35,16,25
1739483560.3362474,57,-100,-130
1739483560.3822474,-73,47,-15
1739483560.4272475,69,38,43
1739483560.4732475,38,128,-107
1739483560.5192475,39,66,-48
1739483560.5652475,12,-2,-168
1739483560.6102476,8,-46,-113
1739483560.6562476,43,12,-18
1739483560.7022476,9,-27,-35
1739483560.7472477,-51,-19,28
1739483560.7932477,29,124,-140
1739483560.8392477,-63,-40,-49
1739483560.8852477,49,-85,-37
1739483560.9302475,-32,-12,-46
1739483560.9762475,-16,-38,-10
1739483561.0222476,35,-17,-81
1739483561.0672476,30,-40,68
1739483561.1132476,77,-32,-27
1739483561.1592476,-2,-3,-123
1739483561.2052476,-87,-65,-100
1739483561.2502477,-55,-33,-56
1739483561.2962475,41,77,86
1739483561.3422475,29,-74,-9
1739483561.3872476,88,80,8
1739483561.4332476,33,36,32
1739483561.4792476,-8,-31,-87
1739483561.5252476,25,-5,-39
1739483561.5702477,4,-88,53
1739483561.6162477,-15,-22,-78
1739483561.6622477,50,164,-11
1739483561.7072475,-30,-22,-109
1739483561.7532475,-56,10,3
1739483561.7992475,-15,72,6
1739483561.8452475,-1,-50,-55
1739483561.8902476,8,32,-146
1739483561.9362476,-50,-36,-44
1739483561.9822476,-3,-30,-95
1739483562.0272477,-63,25,-124
1739483562.0732474,-9,-32,97
1739483562.1192474,-9,-48,-5
1739483562.1652474,16,42,-159
1739483562.2102475,-52,-71,-90
1739483562.2562475,82,-6,-28
1739483562.3022475,18,-52,20
1739483562.3472476,44,-86,-100
1739483562.3932476,-12,50,29
1739483562.4392476,-15,82,-69
1739483562.4852476,-11,-29,-118
1739483562.5302474,-80,-75,-103
1739483562.5762477,69,54,-62
1739483562.6222477,45,44,-10
1739483562.6672475,-7,-50,-63
1739483562.7132475,8,36,-106
1739483562.7592475,-12,73,-13
1739483562.8052475,-88,21,27
1739483562.8502476,67,-8,96
1739483562.8962476,-41,-75,-74
1739483562.9422476,38,-22,-66
1739483562.9872477,-8,-219,-1
1739483563.0332477,54,-92,-169
1739483563.0792477,-29,-31,-65
1739483563.1252477,-44,-81,-107
1739483563.1702476,65,-38,135
1739483563.2162476,1,52,-43
1739483563.2622476,122,92,-103
1739483563.3072476,17,-189,-130
1739483563.3532476,-60,-22,-102
1739483563.3992476,-19,28,-36
1739483563.4452477,73,-112,-69
1739483563.4902475,35,-16,-33
1739483563.5362475,38,-34,-15
1739483563.5822475,23,-67,-33
1739483563.6272476,92,-44,-32
1739483563.6732476,55,-14,-29
1739483563.7192476,-73,-49,13
1739483563.7652476,-95,-187,-87
1739483563.8102477,-3,68,-46
1739483563.8562477,-30,-44,2
1739483563.9072475,-12,25,-34
1739483563.9532475,34,-46,-202
1739483563.9992476,-30,-145,19
1739483564.0452476,51,68,-7
1739483564.0902476,13,4,32
1739483564.1362476,-48,41,-15
1739483564.1822476,-36,-67,-53
1739483564.2272477,-25,-51,-31
1739483564.2732477,37,6,-160
1739483564.3192475,63,22,-46
1739483564.3652475,-23,-11,-140
1739483564.4102476,71,-100,-21
1739483564.4552476,-59,-33,2
1739483564.5012476,10,-14,21
1739483564.5462475,-11,-52,-9
1739483564.5922475,43,106,-66
1739483564.6382475,-13,-6,-115
1739483564.6832476,36,83,-80
1739483564.7292476,2,-19,40
1739483564.7752476,2,-100,85
1739483564.8212476,-14,-32,-46
1739483564.8662477,-118,-8,-2
1739483564.9122477,-48,-134,22
1739483564.9582477,13,8,-57
1739483565.0032475,-67,-58,-137
1739483565.0492475,-89,70,-132
1739483565.0952475,-76,-9,-8
1739483565.1412475,18,-11,-30
1739483565.1862476,-40,-46,-53
1739483565.2322476,-27,-142,75
1739483565.2782476,-60,-56,-27
1739483565.3232474,23,62,-62
1739483565.3692474,-79,-28,77
1739483565.4152474,-79,11,105
1739483565.4612474,26,-134,-15
1739483565.5062475,-74,-93,23
1739483565.5522475,-4,-134,-2
1739483565.5982475,59,33,20
1739483565.6432476,-80,-59,-2
1739483565.6892476,65,4,-18
1739483565.7352476,89,36,-67
1739483565.7812476,-82,-70,-37
1739483565.8262477,132,-43,-54
1739483565.8722477,59,29,48
1739483565.9182477,63,19,-101
1739483565.9632475,-38,-4,31
1739483566.0092475,41,-137,-51
1739483566.0552475,-120,28,-4
1739483566.1012475,21,-87,3
1739483566.1462476,83,-119,-107
1739483566.1922476,6,13,-41
1739483566.2382476,39,-41,24
1739483566.2832477,-52,-4,-103
1739483566.3292477,99,-181,-35
1739483566.3752477,-45,-70,-4
1739483566.4212475,2,131,23
1739483566.4662476,-19,-11,-36
1739483566.5122476,-36,-95,-128
1739483566.5582476,10,-2,-109
1739483566.6032476,23,-70,10
1739483566.6492476,33,36,-144
1739483566.6952477,-62,-23,46
1739483566.7412477,-5,-25,42
1739483566.7862475,-16,1,-34
1739483566.8322475,49,-18,-81
1739483566.8782475,36,-34,0
1739483566.9232476,-70,23,-26
1739483566.9692476,60,32,26
1739483567.0152476,-2,-31,-47
1739483567.0612476,74,-36,-110
1739483567.1062477,-73,-11,-117
1739483567.1522477,68,-34,-43
1739483567.1982474,99,-4,-61
1739483567.2432475,-32,129,-87
1739483567.2892475,-43,-27,-109
1739483567.3352475,-51,-117,-54
1739483567.3812475,6,-52,-1
1739483567.4262476,16,-46,-225
1739483567.4722476,-34,61,-15
1739483567.5182476,26,-122,23
1739483567.5632474,-4,-13,65
1739483567.6092474,-58,11,51
1739483567.6552474,33,-18,-109
1739483567.7012477,-64,25,-8
1739483567.7462475,-62,17,-52
1739483567.7922475,-35,7,-55
1739483567.8382475,-51,-111,44
1739483567.8832476,41,-52,-29
1739483567.9292476,-39,47,16
1739483567.9752476,16,-118,-22
1739483568.0212476,-36,41,-32
1739483568.0662477,17,36,-24
1739483568.1122477,-51,-63,-24
1739483568.1582477,-55,-29,-51
1739483568.2032475,9,-32,-7
1739483568.2492476,8,-94,-61
1739483568.2952476,70,-36,-10
1739483568.3412476,96,14,0
1739483568.3862476,-69,11,-11
1739483568.4322476,29,-30,-79
1739483568.4782476,27,-110,20
1739483568.5232477,-18,-95,-61
1739483568.5692475,47,14,-6
1739483568.6152475,-39,-7,-45
1739483568.6612475,70,-74,-105
1739483568.7062476,28,-16,-114
1739483568.7522476,-1,-67,-66
1739483568.7982476,-22,61,30
1739483568.8432477,-11,-97,-130
1739483568.8892477,98,30,-46
1739483568.9352477,-6,33,-15
1739483568.9812477,25,-42,-148
1739483569.0262475,-58,77,72
1739483569.0722475,0,17,-75
1739483569.1182475,-34,-35,-96
1739483569.1632476,-27,63,0
1739483569.2092476,99,-4,74
1739483569.2552476,-6,-17,-119
1739483569.3012476,95,-52,-70
1739483569.3462474,-27,43,-39
1739483569.3922474,-15,-91,-125
1739483569.4382474,-71,-55,-33
1739483569.4832475,36,-118,-39
1739483569.5292475,-52,-19,-32
1739483569.5752475,35,0,-41
1739483569.6212475,-37,-11,-73
1739483569.6662476,-18,29,-55
1739483569.7122476,-11,-33,15
1739483569.7582476,0,-13,-113
1739483569.8032477,71,-14,-40
1739483569.8492477,35,-76,45
1739483569.8952477,-17,-71,102
1739483569.9412477,1,-82,5
1739483569.9862475,21,-16,50
1739483570.0322475,-18,-17,-129
1739483570.0782475,36,10,-31
1739483570.1232476,47,54,-8
1739483570.1692476,-40,-85,-55
1739483570.2152476,10,-108,-72
1739483570.2612476,14,-144,-24
1739483570.3062477,-20,26,64
1739483570.3522477,46,-82,-15
1739483570.3982477,24,0,24
1739483570.4432476,-63,-47,-43
1739483570.4892476,92,-4,-45
1739483570.5352476,-15,-111,-9
1739483570.5812476,22,104,-102
1739483570.6262476,20,94,130
1739483570.6722476,-4,-27,-49
1739483570.7182477,-5,-18,-13
1739483570.7632475,8,-91,-41
1739483570.8092475,-33,-39,21
1739483570.8552475,-56,-21,-54
1739483570.9012475,74,-38,-42
1739483570.9462476,86,-72,-93
1739483570.9922476,37,-50,-161
1739483571.0382476,-49,-23,33
1739483571.0832477,-4,-16,-51
1739483571.1292477,95,-66,-59
1739483571.1752477,-60,3,-65
1739483571.2212474,22,-16,-95
1739483571.2662475,-9,-159,105
1739483571.3122475,-10,-23,-5
1739483571.3582475,-8,-135,74
1739483571.4032476,25,-26,25
1739483571.4492476,67,-16,-99
1739483571.4952476,-13,-111,-39
1739483571.5412476,-6,-73,-141
1739483571.5862474,6,-55,-77
1739483571.6322474,51,-26,-79
1739483571.6782477,7,38,-17
1739483571.7232475,-41,-17,38
1739483571.7692475,-3,36,12
1739483571.8152475,32,-60,-26
1739483571.8612475,81,26,-70
1739483571.9062476,-35,-65,-85
1739483571.9522476,-4,-87,-100
1739483571.9992476,-4,-154,-30
1739483572.0452476,-12,-39,-32
1739483572.0902476,-47,-29,15
1739483572.1362476,60,-148,34
1739483572.1822476,-106,-67,-32
1739483572.2272477,-1,43,66
1739483572.2732477,-8,-69,4
1739483572.3192475,22,-14,-47
1739483572.3652475,6,0,-146
1739483572.4102476,-25,-71,-108
1739483572.4562476,-39,-57,-8
1739483572.5022476,50,86,78
1739483572.5472476,77,-74,-4
1739483572.5932477,-39,-113,-3
1739483572.6392477,19,-60,-21
1739483572.6852477,0,-78,-130
1739483572.7302475,-1,-25,38
1739483572.7762475,17,-78,28
1739483572.8222475,51,-14,-129
1739483572.8672476,53,-8,-17
1739483572.9132476,-63,-29,-59
1739483572.9592476,-26,11,-87
1739483573.0052476,-69,23,-28
1739483573.0502477,77,20,34
1739483573.0962474,-70,1,89
1739483573.1422474,1,-55,-70
1739483573.1872475,77,-28,8
1739483573.2332475,-55,47,0
1739483573.2792475,73,-8,-104
1739483573.3252475,-60,-97,-32
1739483573.3702476,50,-28,67
1739483573.4162476,28,36,-61
1739483573.4622476,-86,15,-23
1739483573.5072474,17,-81,-39
1739483573.5532477,41,18,-139
1739483573.5992477,-55,-53,-92
1739483573.6452477,-16,-77,-73
1739483573.6902475,76,-42,-49
1739483573.7362475,39,98,-73
1739483573.7822475,0,-62,-59
1739483573.8272476,-31,-37,-39
1739483573.8732476,5,-64,0
1739483573.9252477,-27,11,-97
1739483573.9702475,36,106,-54
1739483574.0162475,-49,29,-6
1739483574.0622475,-65,-23,1
1739483574.1072476,-19,-107,-26
1739483574.1532476,52,-158,-108
1739483574.1992476,81,-46,-57
1739483574.2452476,-6,-87,20
1739483574.2902474,31,-160,-23
1739483574.3362474,-130,-19,-70
1739483574.3822474,31,34,-112
1739483574.4272475,2,14,-68
1739483574.4732475,-13,-15,-126
1739483574.5192475,2,41,67
1739483574.5652475,20,-88,-91
1739483574.6102476,82,-52,-27
1739483574.6562476,9,-20,-77
1739483574.7022476,-35,-91,-94
1739483574.7472477,51,-30,185
1739483574.7932477,34,88,-59
1739483574.8392477,-103,-59,19
1739483574.8852477,-83,-39,-26
1739483574.9302475,54,-10,26
1739483574.9762475,-29,-81,-98
1739483575.0222476,7,-64,11
1739483575.0672476,36,-104,-50
1739483575.1132476,13,156,24
1739483575.1592476,12,-136,-121
1739483575.2052476,-52,59,-47
1739483575.2502477,2,-71,-37
1739483575.2962475,22,-128,-64
1739483575.3422475,9,16,132
1739483575.3872476,65,84,23
1739483575.4332476,-35,-97,29
1739483575.4792476,-14,-9,-105
1739483575.5252476,72,-52,-63
1739483575.5702477,-127,-63,-105
1739483575.6162477,25,-10,-93
1739483575.6622477,-43,25,14
1739483575.7072475,-5,65,-67
1739483575.7532475,45,-68,-63
1739483575.7992475,-29,-193,-106
1739483575.8452475,-6,23,-15
1739483575.8902476,50,67,-61
1739483575.9362476,34,5,-11
1739483575.9822476,15,-63,-60
1739483576.0272477,-55,-4,-105
1739483576.0732474,88,-111,85
1739483576.1192474,-15,-14,120
1739483576.1652474,29,63,27
1739483576.2102475,-34,-48,26
1739483576.2562475,14,-54,62
1739483576.3022475,-85,-52,-37
1739483576.3472476,28,-31,11
1739483576.3932476,61,73,23
1739483576.4392476,-48,-28,-90
1739483576.4852476,-3,-66,19
1739483576.5302474,41,9,40
1739483576.5762477,16,-129,-163
1739483576.6222477,-55,-12,-2
1739483576.6672475,-19,20,96
1739483576.7132475,-7,-32,-49
1739483576.7592475,25,1,-47
1739483576.8052475,-33,-106,-56
1739483576.8502476,-75,-30,-87
1739483576.8962476,-27,-98,-109
1739483576.9422476,-51,-70,-66
1739483576.9872477,-54,-150,-85
1739483577.0332477,-44,-28,52
1739483577.0792477,-63,-44,10
1739483577.1252477,20,-49,-88
1739483577.1702476,-8,-16,-58
1739483577.2162476,-4,-146,-109
1739483577.2622476,71,5,-39
1739483577.3072476,-4,-70,10
1739483577.3532476,-28,-2,-83
1739483577.3992476,-25,48,-23
1739483577.4452477,0,22,-67
1739483577.4902475,-61,-6,39
1739483577.5362475,-17,-32,-42
1739483577.5822475,-18,-6,-25
1739483577.6272476,0,-14,-90
1739483577.6732476,-68,-22,92
1739483577.7192476,64,19,-111
1739483577.7652476,50,-31,-140
1739483577.8102477,-51,-52,-110
1739483577.8562477,-4,-174,-7
1739483577.9022477,54,-43,-65
1739483577.9472475,-40,-96,-30
1739483577.9932475,22,-87,41
1739483578.0392475,-3,-186,-93
1739483578.0852475,34,93,67
1739483578.1302476,-27,-138,-57
1739483578.1762476,-53,40,141
1739483578.2222476,-59,-4,-106
1739483578.2672474,65,25,-36
1739483578.3132474,-7,-16,-110
1739483578.3592474,59,-19,4
1739483578.4052474,28,-25,9
1739483578.4502475,-1,87,-58
1739483578.4962475,13,-23,-232
1739483578.5422475,-52,-58,-26
1739483578.5872476,-13,-8,-27
1739483578.6332476,-116,2,-30
1739483578.6792476,-53,-88,-136
1739483578.7252476,-5,-78,-50
1739483578.7702477,-44,4,-17
1739483578.8162477,9,-111,-142
1739483578.8622477,-12,-30,78
1739483578.9072475,15,1,-61
1739483578.9532475,6,-31,-43
1739483578.9992476,24,-119,-54
1739483579.0452476,-34,-46,-52
1739483579.0902476,-13,-32,-65
1739483579.1362476,-17,-92,-106
1739483579.1822476,56,37,35
1739483579.2272477,48,-33,-53
1739483579.2732477,48,-91,-16
1739483579.3192475,26,-47,-26
1739483579.3652475,-14,50,-89
1739483579.4102476,9,7,4
1739483579.4562476,-73,50,66
1739483579.5022476,26,-1,-155
1739483579.5472476,-30,-28,-54
1739483579.5932477,12,-81,-36
1739483579.6392477,64,-103,-64
1739483579.6852477,-39,-4,-132
1739483579.7302475,7,-19,44
1739483579.7762475,2,-79,29
1739483579.8222475,31,-31,-35
1739483579.8672476,40,-25,64
1739483579.9132476,28,-149,40
1739483579.9592476,17,55,-14
1739483580.0052476,100,-51,-27
1739483580.0502477,-32,-40,-84
1739483580.0962474,47,-27,-151
1739483580.1422474,16,-55,6
1739483580.1872475,40,73,-49
1739483580.2332475,12,49,-68
1739483580.2792475,-73,26,-42
1739483580.3252475,-52,-104,-21
1739483580.3702476,-56,-4,-11
1739483580.4162476,9,11,83
1739483580.4622476,-47,-144,-119
1739483580.5072474,24,63,-106
1739483580.5532477,76,-45,9
1739483580.5992477,0,-64,-42
1739483580.6452477,-11,-102,-136
1739483580.6902475,-1,14,0
1739483580.7362475,-38,-92,-43
1739483580.7822475,-39,12,-55
1739483580.8272476,-33,-54,-175
1739483580.8732476,54,-33,7
1739483580.9192476,4,-41,100
1739483580.9652476,17,-49,-120
1739483581.0102477,-20,-48,29
1739483581.0562477,9,-53,-30
1739483581.1022477,-71,-108,-203
1739483581.1472476,-82,-40,-95
1739483581.1932476,1,11,-28
1739483581.2392476,-78,28,-7
1739483581.2852476,12,-91,-55
1739483581.3302476,13,39,-82
1739483581.3762476,-31,-10,9
1739483581.4222476,-49,-206,-112
1739483581.4672475,40,31,-64
1739483581.5132475,-35,-24,129
1739483581.5592475,18,-85,24
1739483581.6052475,-90,-48,-76
1739483581.6502476,23,-137,-41
1739483581.6962476,29,-47,-100
1739483581.7422476,47,13,24
1739483581.7872477,18,-85,-53
1739483581.8332477,-26,-28,-92
1739483581.8792477,-9,-146,-17
1739483581.9252477,-38,82,-18
1739483581.9702475,56,-113,200
1739483582.0162475,-41,22,-22
1739483582.0622475,12,61,-30
1739483582.1072476,58,-35,8
1739483582.1532476,13,57,94
1739483582.1992476,68,-27,-89
1739483582.2452476,11,-17,-42
1739483582.2902474,-2,2,-80
1739483582.3362474,10,61,23
1739483582.3822474,-47,-50,-182
1739483582.4272475,-33,-120,-108
1739483582.4732475,38,-11,72
1739483582.5192475,-5,-138,-8
1739483582.5652475,50,-15,-142
1739483582.6102476,-84,98,-78
1739483582.6562476,-45,52,-74
1739483582.7022476,-28,-6,103
1739483582.7472477,8,1,-112
1739483582.7932477,-55,-58,-51
1739483582.8392477,-50,-70,-92
1739483582.8852477,4,-33,61
1739483582.9302475,-6,-42,57
1739483582.9762475,-89,64,-35
1739483583.0222476,-54,-68,-141
1739483583.0672476,-21,-78,-22
1739483583.1132476,-2,-148,16
1739483583.1592476,59,-57,-30
1739483583.2052476,-27,-120,-15
1739483583.2502477,-15,44,-21
1739483583.2962475,13,53,-128
1739483583.3422475,-14,53,-98
1739483583.3872476,52,-109,-24
1739483583.4332476,-60,-136,-63
1739483583.4792476,-42,50,111
1739483583.5252476,88,-33,14
1739483583.5702477,-28,-46,-101
1739483583.6162477,4,97,-59
1739483583.6622477,46,-79,-138
1739483583.7062476,28,1,-112
1739483583.7522476,7,-121,-111
1739483583.7982476,52,-73,-177
1739483583.8432477,53,-61,-61
1739483583.8952477,42,113,-19
1739483583.9412477,-2,-53,-40
1739483583.9862475,16,25,-113
1739483584.0322475,43,-151,-4
1739483584.0782475,40,-25,-21
1739483584.1232476,-53,-104,-53
1739483584.1692476,91,-15,59
1739483584.2152476,113,-29,-11
1739483584.2612476,-18,-56,-61
1739483584.3062477,-73,-76,23
1739483584.3522477,6,-127,-92
1739483584.3982477,-60,-26,0
1739483584.4432476,-12,-40,-29
1739483584.4892476,55,33,-79
1739483584.5352476,2,2,105
1739483584.5812476,12,0,-92
1739483584.6262476,30,-39,22
1739483584.6722476,-86,12,-71
1739483584.7182477,34,-5,-18
1739483584.7632475,-42,-50,-33
1739483584.8092475,45,-25,24
1739483584.8552475,-23,22,-134
1739483584.9012475,-65,-30,35
1739483584.9462476,16,-47,-137
1739483584.9922476,91,-59,18
1739483585.0382476,-36,-2,0
1739483585.0832477,-7,65,-18
1739483585.1292477,2,-5,0
1739483585.1752477,61,-41,-42
1739483585.2212474,-50,-54,89
1739483585.2662475,0,38,3
1739483585.3122475,-70,-62,-125
1739483585.3582475,-34,54,-31
1739483585.4032476,3,14,-56
1739483585.4492476,19,-71,-17
1739483585.4952476,-88,34,-6
1739483585.5412476,65,1,-160
1739483585.5862474,60,-25,-6
1739483585.6322474,-5,26,-35
1739483585.6782477,-18,42,-144
1739483585.7232475,-107,88,110
1739483585.7692475,-64,-128,45
1739483585.8152475,-15,-65,-26
1739483585.8612475,124,-7,-82
1739483585.9062476,52,1,0
1739483585.9522476,-26,-22,33
1739483585.9982476,-71,-22,-40
1739483586.0432477,-15,-78,-6
1739483586.0892477,57,-7,-84
1739483586.1352477,18,23,6
1739483586.1812477,-1,44,55
1739483586.2262475,-81,-36,51
1739483586.2722476,89,-53,63
1739483586.3182476,-98,-162,-17
1739483586.3632476,-14,-28,-36
1739483586.4092476,22,-71,-3
1739483586.4552476,-31,-88,-59
1739483586.5012476,10,53,34
1739483586.5462475,10,31,22
1739483586.5922475,-5,-14,120
1739483586.6382475,-5,-10,3
1739483586.6832476,-5,-86,-10
1739483586.7292476,-28,44,41
1739483586.7752476,-96,-50,-42
1739483586.8212476,82,23,-84
1739483586.8662477,50,51,13
1739483586.9122477,16,33,-12
1739483586.9582477,-37,-112,-5
1739483587.0032475,13,-15,-111
1739483587.0492475,61,23,-10
1739483587.0952475,-48,58,7
1739483587.1412475,29,29,-49
1739483587.1862476,-2,-143,46
1739483587.2322476,19,27,-38
1739483587.2782476,15,-72,62
1739483587.3232474,28,-152,-20
1739483587.3692474,7,104,22
1739483587.4152474,30,18,-13
1739483587.4602475,-36,-19,-33
1739483587.5062475,-7,-67,-37
1739483587.5522475,22,-92,-77
1739483587.5982475,31,18,-106
1739483587.6432476,90,-48,-21
1739483587.6892476,-52,-89,68
1739483587.7352476,28,-12,-35
1739483587.7802474,-1,-150,-155
1739483587.8262477,82,-137,-164
1739483587.8722477,48,-16,-27
1739483587.9182477,-14,45,-2
1739483587.9632475,14,52,30
1739483588.0092475,34,10,101
1739483588.0552475,79,64,-85
1739483588.1002476,56,-81,49
1739483588.1462476,11,19,55
1739483588.1922476,0,-97,33
1739483588.2382476,-55,-42,3
1739483588.2832477,8,-130,-74
1739483588.3292477,-1,-70,-3
1739483588.3752477,-2,4,-127
1739483588.4202476,-53,-102,-66
1739483588.4662476,13,-224,32
1739483588.5112476,21,-118,17
1739483588.5562477,-7,-51,-151
1739483588.6022477,-50,77,85
1739483588.6482477,-55,-121,-16
1739483588.6942475,-43,-47,-67
1739483588.7392476,5,-180,38
1739483588.7852476,-33,13,12
1739483588.8312476,43,-85,32
1739483588.8762476,-30,-6,-143
1739483588.9222476,5,59,146
1739483588.9682477,11,-75,-53
1739483589.0142477,32,92,106
1739483589.0592475,-63,-3,-97
1739483589.1052475,-86,-115,63
1739483589.1512475,-18,37,-22
1739483589.1962476,-3,-65,-112
1739483589.2422476,-8,-107,-35
1739483589.2882476,6,-18,-32
1739483589.3342476,-116,-58,6
1739483589.3792477,31,51,-88
1739483589.4252477,-57,-8,-141
1739483589.4712474,68,-39,120
1739483589.5162475,13,-1,11
1739483589.5622475,96,-1,36
1739483589.6082475,12,-41,6
1739483589.6542475,-47,-104,-42
1739483589.6992476,-65,48,27
1739483589.7452476,-52,14,17
1739483589.7912476,-26,68,-56
1739483589.8362474,106,-47,-75
1739483589.8822474,0,-116,18
1739483589.9282477,20,-64,-34
1739483589.9742477,-44,74,-47
1739483590.0192475,61,53,-88
1739483590.0652475,11,-29,-27
1739483590.1112475,-9,-66,-49
1739483590.1562476,-54,97,-197
1739483590.2022476,49,58,37
1739483590.2482476,26,-100,105
1739483590.2942476,61,-16,-95
1739483590.3392477,-27,-63,-36
1739483590.3852477,57,24,-43
1739483590.4312477,-47,-49,135
1739483590.4762475,-65,-36,126
1739483590.5222476,-2,-40,-81
1739483590.5682476,-134,33,-76
1739483590.6142476,-55,-75,0
1739483590.6592476,-41,-11,-13
1739483590.7052476,35,-6,-24
1739483590.7512476,-44,-65,-111
1739483590.7962475,61,-79,35
1739483590.8422475,54,19,-58
1739483590.8882475,5,-11,-156
1739483590.9342475,41,3,-37
1739483590.9792476,15,-57,87
1739483591.0252476,-19,30,-150
1739483591.0712476,-57,2,-51
1739483591.1162477,-32,65,61
1739483591.1622477,-33,37,-29
1739483591.2082477,58,-18,-98
1739483591.2542477,23,-68,123
1739483591.2992475,24,-56,-55
1739483591.3452475,44,-68,9
1739483591.3912475,-5,-52,-107
1739483591.4362476,0,-40,-98
1739483591.4822476,46,-63,91
1739483591.5282476,-19,14,-79
1739483591.5742476,32,-70,-27
1739483591.6192474,91,-96,0
1739483591.6652474,-113,-59,-72
1739483591.7112474,4,-15,117
1739483591.7562475,-29,-89,-2
1739483591.8022475,19,40,-44
1739483591.8482475,-43,-144,69
1739483591.8942475,18,-43,-179
1739483591.9392476,-34,-109,-38
1739483591.9852476,-21,-49,5
1739483592.0312476,-2,-71,-67
1739483592.0762477,-59,137,-34
1739483592.1222477,23,-67,-25
1739483592.1682477,-67,-40,-72
1739483592.2142477,-22,64,18
1739483592.2592475,53,-20,-1
1739483592.3052475,-56,-63,-18
1739483592.3512475,21,-36,-4
1739483592.3962476,53,106,-60
1739483592.4422476,-44,-107,53
1739483592.4882476,-8,-55,-35
1739483592.5342476,36,-69,111
1739483592.5792477,56,-49,-67
1739483592.6252477,-53,96,-9
1739483592.6712475,-25,41,-63
1739483592.7162476,93,-50,-90
1739483592.7622476,-8,70,-57
1739483592.8082476,-27,29,21
1739483592.8542476,-20,-34,-59
1739483592.8992476,35,-66,-60
1739483592.9452477,47,-178,12
1739483592.9912477,28,-88,-97
1739483593.0362475,17,-112,4
1739483593.0822475,1,14,-70
1739483593.1282475,-45,115,-53
1739483593.1742475,24,-1,-115
1739483593.2192476,33,-14,-126
1739483593.2652476,81,-50,-13
1739483593.3112476,24,0,-51
1739483593.3562477,16,-32,-94
1739483593.4022477,46,-12,-145
1739483593.4482474,39,-90,73
1739483593.4942474,5,-32,-31
1739483593.5392475,-52,-101,-1
1739483593.5852475,55,-38,-67
1739483593.6312475,-25,-3,25
1739483593.6762476,22,-98,45
1739483593.7222476,-32,-9,-3
1739483593.7682476,40,-148,-48
1739483593.8142476,-41,-85,43
1739483593.8592474,-107,-115,0
1739483593.9112475,-25,-19,-12
1739483593.9562476,7,70,-115
1739483594.0022476,-22,75,-55
1739483594.0482476,-3,25,-127
1739483594.0942476,0,98,-144
1739483594.1392477,20,-89,-15
1739483594.1852477,-88,34,-37
1739483594.2312477,4,-30,-34
1739483594.2762475,-34,-74,-5
1739483594.3232474,-53,28,-39
1739483594.3692474,56,-5,-46
1739483594.4152474,71,23,-33
1739483594.4602475,15,-1,-42
1739483594.5062475,-40,-206,-33
1739483594.5522475,22,-60,-48
1739483594.5982475,92,-118,32
1739483594.6432476,13,-24,31
1739483594.6892476,-42,-3,-65
1739483594.7352476,17,-129,-13
1739483594.7802474,-30,-59,18
1739483594.8262477,-14,27,96
1739483594.8722477,44,42,-110
1739483594.9182477,53,-38,-50
1739483594.9632475,40,-94,-64
1739483595.0092475,-17,63,-70
1739483595.0552475,106,-44,-42
1739483595.1002476,-3,87,14
1739483595.1462476,-80,-63,-64
1739483595.1922476,23,-48,143
1739483595.2382476,-3,-21,-26
1739483595.2832477,-5,133,-37
1739483595.3292477,-32,-70,38
1739483595.3752477,-3,-96,8
1739483595.4202476,-46,-38,-176
1739483595.4662476,16,-19,-15
1739483595.5122476,92,86,94
1739483595.5582476,24,-81,-99
1739483595.6032476,0,-17,-73
1739483595.6492476,-23,-52,59
1739483595.6952477,50,-58,35
1739483595.7402475,-4,7,-58
1739483595.7862475,-119,-120,-10
1739483595.8322475,-15,-90,52
1739483595.8782475,12,-29,-124
1739483595.9232476,-13,3,-59
1739483595.9692476,44,-28,14
1739483596.0152476,126,128,27
1739483596.0602477,43,-66,-65
1739483596.1062477,26,-50,-39
1739483596.1522477,1,-114,-59
1739483596.1982474,11,30,-1
1739483596.2432475,-52,27,47
1739483596.2892475,-2,-26,138
1739483596.3352475,-18,-131,38
1739483596.3802476,-16,-19,15
1739483596.4262476,22,-180,-10
1739483596.4722476,-50,17,16
1739483596.5182476,3,22,-55
1739483596.5632474,3,44,-197
1739483596.6092474,-112,-167,23
1739483596.6552474,22,74,104
1739483596.7002475,-33,5,-83
1739483596.7462475,52,-62,-59
1739483596.7922475,-23,-69,74
1739483596.8382475,7,-54,24
1739483596.8832476,23,-16,5
1739483596.9292476,16,-104,-42
1739483596.9752476,16,-67,42
1739483597.0202477,64,-44,-115
1739483597.0662477,26,-94,-48
1739483597.1122477,23,-29,-38
1739483597.1582477,3,-16,-27
1739483597.2032475,15,-126,9
1739483597.2492476,-11,15,-109
1739483597.2952476,-35,-29,-160
1739483597.3402476,-3,-47,-16
1739483597.3862476,-33,-41,63
1739483597.4322476,40,60,16
1739483597.4782476,12,-92,102
1739483597.5232477,-74,-25,10
1739483597.5692475,0,39,-37
1739483597.6152475,30,4,-43
1739483597.6602476,14,-2,-12
1739483597.7062476,28,44,-57
1739483597.7522476,-24,-49,-13
1739483597.7982476,100,-26,26
1739483597.8432477,-15,-33,14
1739483597.8892477,-50,-79,-7
1739483597.9352477,-53,85,30
1739483597.9802475,7,-30,-102
1739483598.0262475,80,-108,-17
1739483598.0722475,-26,21,-63
1739483598.1182475,47,-76,-29
1739483598.1632476,106,38,134
1739483598.2092476,-37,-43,13
1739483598.2552476,-17,-107,64
1739483598.3002477,-53,3,47
1739483598.3462474,-18,-55,-97
1739483598.3922474,56,0,-48
1739483598.4382474,-19,3,-5
1739483598.4832475,7,-56,41
1739483598.5292475,-80,-79,54
1739483598.5752475,-10,21,-37
1739483598.6202476,-2,-62,0
1739483598.6662476,-30,15,62
1739483598.7122476,12,-114,-5
1739483598.7582476,-47,-3,-16
1739483598.8032477,-6,-15,11
1739483598.8492477,-37,-17,36
1739483598.8952477,13,72,-26
1739483598.9402475,4,-148,-44
1739483598.9862475,-106,79,100
1739483599.0322475,93,-124,22
1739483599.0782475,-18,31,-21
1739483599.1232476,88,-82,10
1739483599.1692476,-11,-107,-39
1739483599.2152476,-15,-127,20
1739483599.2602477,25,8,-91
1739483599.3062477,0,-23,37
1739483599.3522477,0,-123,7
1739483599.3982477,90,-10,-76
1739483599.4432476,-27,-97,97
1739483599.4892476,4,56,-5
1739483599.5352476,-19,57,65
1739483599.5802476,-10,73,-69
1739483599.6262476,54,-48,-135
1739483599.6722476,88,-64,-51
1739483599.7182477,-19,-97,19
1739483599.7632475,-7,55,40
1739483599.8092475,31,-40,-68
1739483599.8552475,-21,27,-158
1739483599.9002476,-54,-43,-15
1739483599.9462476,-8,148,36
1739483599.9922476,9,-34,-17
1739483600.0382476,-27,3,-35
1739483600.0832477,18,60,0
1739483600.1292477,-8,27,-74
1739483600.1752477,-6,-39,-68
1739483600.2202475,14,20,-41
1739483600.2662475,28,-40,-57
1739483600.3122475,-38,-199,-13
1739483600.3582475,-22,-57,55
1739483600.4032476,-16,3,-74
1739483600.4492476,24,-60,44
1739483600.4952476,10,-24,18
1739483600.5402474,32,-54,4
1739483600.5862474,-14,0,18
1739483600.6322474,-28,-63,19
1739483600.6782477,-17,-127,-213
1739483600.7232475,12,-100,-74
1739483600.7692475,0,-15,-25
1739483600.8152475,-14,-69,65
1739483600.8602476,55,-36,-38
1739483600.9062476,81,64,-38
1739483600.9522476,81,0,-127
1739483600.9982476,-35,1,16
1739483601.0432477,87,2,-39
1739483601.0892477,-25,-35,-116
1739483601.1352477,-15,37,-70
1739483601.1802475,-9,-35,6
1739483601.2262475,9,-60,-25
1739483601.2722476,33,-80,-141
1739483601.3182476,-26,29,40
1739483601.3632476,64,-126,-191
1739483601.4092476,-44,-51,7
1739483601.4552476,61,36,-22
1739483601.5002477,28,78,-97
1739483601.5462475,-9,19,-59
1739483601.5922475,0,-45,-58
1739483601.6382475,27,-48,-50
1739483601.6832476,62,-120,-112
1739483601.7292476,25,-32,5
1739483601.7752476,-6,23,-42
1739483601.8202477,-77,19,12
1739483601.8662477,55,36,1
1739483601.9122477,21,-262,11
1739483601.9582477,-27,59,-135
1739483602.0032475,76,-176,145
1739483602.0492475,38,30,32
1739483602.0952475,42,128,52
1739483602.1402476,-3,-53,49
1739483602.1862476,-51,-57,-86
1739483602.2322476,-7,-17,17
1739483602.2782476,-37,-27,-42
1739483602.3232474,101,-62,-39
1739483602.3692474,15,-28,-126
1739483602.4152474,0,-56,-2
1739483602.4602475,-33,103,-85
1739483602.5062475,27,-32,-71
1739483602.5522475,-28,-105,-53
1739483602.5982475,-61,-161,-26
1739483602.6432476,-27,17,-79
1739483602.6892476,4,-24,-57
1739483602.7352476,24,98,26
1739483602.7802474,-21,-177,-56
1739483602.8262477,-54,11,-18
1739483602.8722477,-52,1,9
1739483602.9182477,17,-102,51
1739483602.9632475,3,11,125
1739483603.0092475,3,11,-28
1739483603.0552475,48,18,103
1739483603.1002476,55,38,-18
1739483603.1462476,8,9,114
1739483603.1922476,-26,-67,-8
1739483603.2382476,61,-24,66
1739483603.2832477,-3,-111,-36
1739483603.3292477,-55,-107,76
1739483603.3752477,103,-38,-30
1739483603.4202476,-27,-183,0
1739483603.4662476,6,-54,-110
1739483603.5122476,32,118,3
1739483603.5582476,38,-82,-49
1739483603.6032476,31,54,77
1739483603.6492476,107,44,-162
1739483603.6952477,-9,-29,-142
1739483603.7402475,-29,-17,-143
1739483603.7862475,-51,-33,-67
1739483603.8322475,-39,-61,-14
1739483603.8782475,66,84,64
1739483603.9292476,-28,-37,15
1739483603.9752476,6,-28,-8
1739483604.0202477,-77,-45,-100
1739483604.0662477,-70,-57,42
1739483604.1122477,13,-20,46
1739483604.1582477,-70,51,-14
1739483604.2032475,11,14,15
1739483604.2492476,-23,-29,-64
1739483604.2952476,-119,-27,0
1739483604.3402476,-13,-41,16
1739483604.3862476,2,16,-79
1739483604.4322476,28,-86,-36
1739483604.4762475,80,-104,-81
1739483604.5222476,-49,41,-72
1739483604.5682476,37,78,-9
1739483604.6142476,-21,11,15
1739483604.6592476,-8,-111,-72
1739483604.7052476,-45,-81,63
1739483604.7512476,38,-48,-52
1739483604.7962475,-37,59,-163
1739483604.8422475,-44,-49,-69
1739483604.8882475,-30,-19,-92
1739483604.9342475,-38,-35,-52
1739483604.9792476,-10,-71,52
1739483605.0252476,-55,29,-5
1739483605.0712476,-58,19,-44
1739483605.1162477,-32,-61,19
1739483605.1622477,-38,-33,-62
1739483605.2082477,29,-126,-64
1739483605.2542477,36,22,15
1739483605.2992475,49,-50,-121
1739483605.3452475,78,2,3
1739483605.3912475,-77,-101,-15
1739483605.4362476,-2,33,0
1739483605.4822476,4,-50,125
1739483605.5282476,-9,59,79
1739483605.5742476,-17,47,8
1739483605.6192474,21,-98,-92
1739483605.6652474,66,30,-98
1739483605.7112474,35,-66,-139
1739483605.7562475,20,-8,-16
1739483605.8022475,24,56,-107
1739483605.8482475,-26,33,-82
1739483605.8942475,4,13,-84
1739483605.9392476,70,-20,-91
1739483605.9852476,36,-46,-2
1739483606.0312476,34,-16,-30
1739483606.0762477,30,-86,-30
1739483606.1222477,50,-10,-74
1739483606.1682477,-5,-126,-39
1739483606.2142477,34,-10,1
1739483606.2592475,79,-46,-24
1739483606.3052475,-61,-69,-42
1739483606.3512475,-13,38,11
1739483606.3962476,59,-47,-105
1739483606.4422476,44,21,126
1739483606.4882476,86,-39,150
1739483606.5342476,-12,-76,-19
1739483606.5792477,-88,-22,75
1739483606.6252477,32,3,-126
1739483606.6712475,24,-43,73
1739483606.7162476,14,41,11
1739483606.7622476,48,-57,-23
1739483606.8082476,-70,64,50
1739483606.8542476,-10,-76,-119
1739483606.8992476,-42,-59,-3
1739483606.9452477,13,-27,-78
1739483606.9912477,26,9,-42
1739483607.0362475,16,-165,-19
1739483607.0822475,11,-91,-43
1739483607.1282475,20,-1,73
1739483607.1742475,54,-79,-67
1739483607.2192476,-14,-30,-102
1739483607.2652476,1,-11,13
1739483607.3112476,-40,66,-111
1739483607.3562477,86,-27,-43
1739483607.4022477,-1,40,-98
1739483607.4482474,-42,-60,-44
1739483607.4942474,-21,4,-90
1739483607.5392475,-7,-66,-83
1739483607.5852475,28,-13,-132
1739483607.6312475,-37,34,-34
1739483607.6762476,64,-37,3
1739483607.7222476,-8,9,-116
1739483607.7682476,-77,-68,13
1739483607.8142476,35,0,-18
1739483607.8592474,-7,68,-125
1739483607.9052474,8,-43,79
1739483607.9512477,69,-93,-13
1739483607.9962475,-52,84,-4
1739483608.0422475,-8,-48,-33
1739483608.0882475,46,-75,6
1739483608.1342475,7,-27,-13
1739483608.1792476,1,-79,-140
1739483608.2252476,65,-65,-127
1739483608.2712476,41,-113,-1
1739483608.3162477,53,23,-53
1739483608.3622477,73,-19,2
1739483608.4082477,77,47,16
1739483608.4542477,18,-119,-2
1739483608.4992476,-11,-22,12
1739483608.5452476,-53,-6,-96
1739483608.5912476,-3,-66,-99
1739483608.6362476,-48,78,-12
1739483608.6822476,38,-29,-90
1739483608.7282476,1,-116,-50
1739483608.7742476,-62,42,45
1739483608.8192475,67,73,-59
1739483608.8652475,-42,-122,-93
1739483608.9112475,-12,14,-145
1739483608.9562476,8,-61,0
1739483609.0022476,-15,-164,-164
1739483609.0482476,41,5,0
1739483609.0942476,6,-39,-125
1739483609.1392477,-38,20,-44
1739483609.1852477,19,69,105
1739483609.2312477,7,-100,-64
1739483609.2762475,-19,-10,-61
1739483609.3222475,49,-151,-65
1739483609.3682475,-8,-44,-75
1739483609.4142475,-26,-46,-8
1739483609.4592476,15,-27,10
1739483609.5052476,30,-131,-80
1739483609.5512476,-21,-93,103
1739483609.5962474,73,-65,23
1739483609.6422474,-66,-40,26
1739483609.6882474,-68,-60,-109
1739483609.7342474,-50,4,34
1739483609.7792475,-34,34,-10
1739483609.8252475,50,-41,-74
1739483609.8712475,9,5,69
1739483609.9162476,-73,4,0
1739483609.9622476,-10,72,-44
1739483610.0082476,-57,-32,-63
1739483610.0542476,21,-35,-141
1739483610.0992477,11,37,-36
1739483610.1452477,81,133,-151
1739483610.1912477,-51,-2,-172
1739483610.2362475,67,-41,-102
1739483610.2822475,118,-73,40
1739483610.3282475,110,41,-109
1739483610.3742476,-45,-106,78
1739483610.4192476,39,-17,-136
1739483610.4652476,18,5,-117
1739483610.5112476,30,-17,-116
1739483610.5562477,-39,2,-48
1739483610.6022477,-11,133,-36
1739483610.6482477,-3,-112,32
1739483610.6942475,-10,34,-101
1739483610.7392476,7,-16,-79
1739483610.7852476,99,-73,16
1739483610.8312476,-80,-40,-75
1739483610.8762476,-38,10,-65
1739483610.9222476,9,-59,6
1739483610.9682477,-4,-90,-62
1739483611.0142477,38,-157,37
1739483611.0592475,58,-31,-10
1739483611.1052475,-6,-43,-83
1739483611.1512475,-13,-128,-21
1739483611.1962476,-40,-82,-14
1739483611.2422476,38,13,-64
1739483611.2882476,51,-61,12
1739483611.3342476,-7,-34,-73
1739483611.3792477,-7,-30,5
1739483611.4252477,106,-31,4
1739483611.4712474,-12,-124,-15
1739483611.5162475,35,-13,6
1739483611.5622475,45,21,7
1739483611.6082475,-33,-72,16
1739483611.6542475,81,-143,-34
1739483611.6992476,35,-67,-135
1739483611.7452476,44,-33,-115
1739483611.7912476,32,25,-19
1739483611.8362474,14,-93,4
1739483611.8822474,61,-27,-89
1739483611.9282477,-46,30,-21
1739483611.9742477,28,-3,36
1739483612.0192475,100,-37,-6
1739483612.0652475,40,-97,-42
1739483612.1112475,7,-189,55
1739483612.1562476,5,-5,96
1739483612.2022476,9,-47,-123
1739483612.2482476,11,-13,-149
1739483612.2942476,-44,-40,-67
1739483612.3392477,-26,62,-79
1739483612.3852477,-24,60,0
1739483612.4312477,-6,-70,-28
1739483612.4762475,18,-83,-154
1739483612.5222476,-12,2,2
1739483612.5682476,-10,-56,-32
1739483612.6142476,91,-85,101
1739483612.6592476,8,-133,-62
1739483612.7052476,-67,16,47
1739483612.7512476,-28,-44,14
1739483612.7962475,-64,-96,40
1739483612.8422475,81,35,21
1739483612.8882475,-11,-1,-68
1739483612.9342475,38,-15,-78
1739483612.9792476,9,3,-89
1739483613.0252476,-2,-57,79
1739483613.0712476,-50,-68,-57
1739483613.1162477,-9,54,-17
1739483613.1622477,-51,38,-118
1739483613.2082477,-15,-92,66
1739483613.2542477,23,61,-80
1739483613.2992475,-19,-8,-177
1739483613.3452475,45,-15,-79
1739483613.3912475,-87,-58,-131
1739483613.4362476,-21,-22,140
1739483613.4822476,30,0,7
1739483613.5282476,-28,88,-12
1739483613.5742476,-59,-12,-107
1739483613.6192474,-64,-52,-146
1739483613.6652474,92,-59,-66
1739483613.7112474,-3,-90,-91
1739483613.7562475,-36,-34,3
1739483613.8022475,-50,-18,-30
1739483613.8482475,19,55,-2
1739483613.8942475,24,49,106
1739483613.9452477,88,-1,-2
1739483613.9912477,-32,54,-80
1739483614.0362475,-50,-8,-106
1739483614.0822475,46,-77,-34
1739483614.1282475,5,-19,35
1739483614.1742475,-6,-171,-38
1739483614.2192476,-64,14,-10
1739483614.2652476,23,37,-66
1739483614.3112476,-23,62,-133
1739483614.3562477,29,-43,33
1739483614.4022477,-55,-14,-133
1739483614.4482474,62,-59,-46
1739483614.4942474,15,-65,33
1739483614.5392475,45,-185,-60
1739483614.5852475,-26,-42,-71
1739483614.6312475,22,61,102
1739483614.6762476,-59,-28,-12
1739483614.7222476,-22,38,48
1739483614.7682476,49,-45,-24
1739483614.8142476,-38,-72,7
1739483614.8592474,10,-67,13
1739483614.9052474,89,-127,-44
1739483614.9512477,17,-41,-128
1739483614.9962475,-42,-60,36
1739483615.0422475,21,-33,-44
1739483615.0882475,-33,8,140
1739483615.1342475,-22,2,39
1739483615.1792476,-37,-98,-38
1739483615.2252476,12,-79,78
1739483615.2712476,-37,-52,-35
1739483615.3162477,-54,-54,2
1739483615.3622477,60,-11,-4
1739483615.4082477,-11,-1,-107
1739483615.4542477,-3,-52,-8
1739483615.4992476,5,1,-53
1739483615.5452476,-15,96,-90
1739483615.5912476,19,-23,23
1739483615.6362476,13,-61,56
1739483615.6822476,51,-47,-18
1739483615.7282476,-31,6,7
1739483615.7742476,3,7,-6
1739483615.8192475,48,23,-14
1739483615.8652475,-29,-88,-35
1739483615.9112475,1,-87,-32
1739483615.9562476,9,-49,46
1739483616.0022476,-6,-10,-57
1739483616.0482476,34,-177,-37
1739483616.0942476,-104,-12,-52
1739483616.1392477,-44,-84,-62
1739483616.1852477,50,-9,-57
1739483616.2312477,-45,2,16
1739483616.2762475,16,-3,28
1739483616.3222475,-26,-42,-38
1739483616.3682475,4,73,43
1739483616.4142475,13,35,-84
1739483616.4592476,32,-103,-25
1739483616.5052476,-30,112,47
1739483616.5512476,-19,31,-54
1739483616.5962474,0,-120,7
1739483616.6422474,87,-145,-14
1739483616.6882474,-6,-120,-141
1739483616.7342474,46,61,0
1739483616.7792475,-74,-128,103
1739483616.8252475,18,-87,7
1739483616.8712475,71,-137,47
1739483616.9162476,-43,2,70
1739483616.9622476,-25,-128,-40
1739483617.0082476,-27,-52,-88
1739483617.0542476,-6,-12,-73
1739483617.0992477,-21,-96,-53
1739483617.1452477,-50,-46,-84
1739483617.1912477,0,-70,19
1739483617.2362475,18,15,-30
1739483617.2822475,-32,24,-18
1739483617.3282475,101,-59,117
1739483617.3742476,-34,22,-11
1739483617.4192476,-10,-36,13
1739483617.4652476,-2,-90,-60
1739483617.5112476,3,-104,-83
1739483617.5562477,67,-49,70
1739483617.6022477,49,33,22
1739483617.6482477,-56,-64,36
1739483617.6942475,-19,24,-62
1739483617.7392476,23,3,6
1739483617.7852476,-85,-104,23
1739483617.8312476,9,-100,12
1739483617.8762476,39,-7,4
1739483617.9222476,-25,76,-34
1739483617.9682477,4,-81,-114
1739483618.0142477,22,-69,-64
1739483618.0592475,68,-116,-121
1739483618.1052475,-4,-153,-40
1739483618.1512475,53,-24,-18
1739483618.1962476,26,-52,-35
1739483618.2422476,-22,-121,-17
1739483618.2882476,-57,48,-117
1739483618.3342476,-53,-17,13
1739483618.3792477,-32,-33,75
1739483618.4252477,-13,-10,12
1739483618.4712474,-17,-39,-132
1739483618.5162475,18,-42,63
1739483618.5622475,47,-48,-85
1739483618.6082475,-41,-5,-90
1739483618.6542475,-41,0,-109
1739483618.6992476,45,-64,-79
1739483618.7452476,9,0,-211
1739483618.7912476,-135,-39,-60
1739483618.8362474,27,-74,-65
1739483618.8822474,84,8,79
1739483618.9282477,-25,88,-95
1739483618.9742477,9,-123,-27
1739483619.0192475,-98,-159,-22
1739483619.0652475,62,-86,-108
1739483619.1112475,31,-62,-15
1739483619.1562476,13,-20,39
1739483619.2022476,-57,-13,41
1739483619.2482476,-3,-89,-5
1739483619.2942476,7,-128,62
1739483619.3392477,91,-35,33
1739483619.3852477,-13,-59,-68
1739483619.4312477,39,-46,85
1739483619.4762475,-1,51,-63
1739483619.5222476,-32,-54,-160
1739483619.5682476,-32,31,-16
1739483619.6142476,21,-2,-136
1739483619.6592476,25,-182,-104
1739483619.7052476,-3,3,-149
1739483619.7512476,40,-34,-20
1739483619.7962475,40,-48,-140
1739483619.8422475,-45,-53,-53
1739483619.8882475,-29,-47,20
1739483619.9342475,32,-18,111
1739483619.9792476,-14,-19,-35
1739483620.0252476,-2,22,109
1739483620.0712476,-11,4,180
1739483620.1162477,29,30,-47
1739483620.1622477,-70,0,-50
1739483620.2082477,6,50,71
1739483620.2532475,-25,17,83
1739483620.2992475,-12,-48,-38
1739483620.3452475,37,39,26
1739483620.3912475,-47,38,5
1739483620.4362476,-3,40,-67
1739483620.4822476,21,20,43
1739483620.5282476,1,16,40
1739483620.5732474,-25,-3,-79
1739483620.6192474,28,94,-95
1739483620.6652474,35,-113,41
1739483620.7112474,-7,24,6
1739483620.7562475,89,7,0
1739483620.8022475,45,-5,51
1739483620.8482475,-11,-45,-105
1739483620.8932476,-9,-53,7
1739483620.9392476,86,42,55
1739483620.9852476,8,-74,36
1739483621.0312476,-29,-114,-134
1739483621.0762477,83,96,-38
1739483621.1222477,61,-102,-38
1739483621.1682477,-64,-45,9
1739483621.2132475,-4,-250,4
1739483621.2592475,-23,35,36
1739483621.3052475,-13,3,-44
1739483621.3512475,11,-34,-108
1739483621.3962476,-62,-39,-59
1739483621.4422476,-38,29,70
1739483621.4882476,52,-12,-45
1739483621.5332477,126,-191,-68
1739483621.5792477,-13,6,58
1739483621.6252477,-11,18,28
1739483621.6712475,28,37,-4
1739483621.7162476,8,51,5
1739483621.7622476,-58,-200,-194
1739483621.8082476,-3,-92,-37
1739483621.8532476,0,65,47
1739483621.8992476,21,-133,22
1739483621.9452477,33,-181,-33
1739483621.9912477,18,-95,-18
1739483622.0362475,-11,3,-28
1739483622.0822475,27,-28,-133
1739483622.1282475,3,87,-12
1739483622.1732476,-102,-29,-99
1739483622.2192476,6,30,84
1739483622.2652476,-22,73,-24
1739483622.3112476,-11,-35,-112
1739483622.3562477,21,32,-48
1739483622.4022477,5,-106,91
1739483622.4482474,-59,-43,-123
1739483622.4932475,17,39,-73
1739483622.5392475,-11,-4,16
1739483622.5852475,27,-1,-66
1739483622.6312475,-14,12,-73
1739483622.6762476,0,1,67
1739483622.7222476,-19,-90,-76
1739483622.7682476,19,157,0
1739483622.8132474,-8,20,63
1739483622.8592474,92,59,12
1739483622.9052474,18,32,14
1739483622.9512477,13,-55,-11
1739483622.9962475,-1,-68,-60
1739483623.0422475,-61,53,-64
1739483623.0882475,-57,101,19
1739483623.1332476,76,-147,27
1739483623.1792476,17,-58,1
1739483623.2252476,60,-98,-37
1739483623.2712476,-5,-86,-15
1739483623.3162477,-22,-18,42
1739483623.3622477,12,29,-85
1739483623.4082477,13,20,-82
1739483623.4532475,0,-80,-104
1739483623.4992476,-60,-17,-7
1739483623.5452476,-4,-52,30
1739483623.5912476,24,-40,-90
1739483623.6362476,-21,-77,105
1739483623.6822476,43,-32,25
1739483623.7282476,-85,31,-30
1739483623.7732477,-22,-43,-7
1739483623.8192475,36,-34,3
1739483623.8652475,20,-62,-122
1739483623.9112475,-33,-1,-76
1739483623.9622476,-15,7,-100
1739483624.0082476,29,0,-61
1739483624.0532477,-12,19,-88
1739483624.0992477,-42,-41,-104
1739483624.1452477,-14,38,79
1739483624.1912477,-17,-6,-46
1739483624.2362475,-15,-83,-42
1739483624.2822475,-10,52,54
1739483624.3282475,17,-10,24
1739483624.3732476,44,-12,11
1739483624.4192476,-3,-24,48
1739483624.4652476,-52,-38,-117
1739483624.5112476,53,1,-176
1739483624.5562477,43,-116,21
1739483624.6022477,-50,9,-144
1739483624.6482477,21,-36,-79
1739483624.6932476,35,6,11
1739483624.7392476,30,0,-39
1739483624.7852476,-87,-41,-72
1739483624.8312476,14,-122,103
1739483624.8762476,53,-68,-89
1739483624.9222476,-15,-29,-155
1739483624.9682477,62,-82,-1
1739483625.0132475,-40,11,-34
1739483625.0592475,8,-5,16
1739483625.1052475,-44,-71,-167
1739483625.1512475,6,-23,-116
1739483625.1962476,-19,-80,-53
1739483625.2422476,58,10,41
1739483625.2882476,47,-60,-149
1739483625.3332477,12,60,-120
1739483625.3792477,-34,-39,-112
1739483625.4252477,-68,27,-31
1739483625.4712474,-5,-7,-44
1739483625.5162475,-53,-5,-2
1739483625.5622475,61,58,75
1739483625.6082475,115,-74,-57
1739483625.6532476,-118,-133,-87
1739483625.6992476,50,-70,-54
1739483625.7452476,-10,-85,75
1739483625.7912476,-12,-77,19
1739483625.8362474,69,-42,-23
1739483625.8822474,4,-118,131
1739483625.9282477,10,-112,61
1739483625.9732475,-126,-57,-53
1739483626.0192475,9,-46,53
1739483626.0652475,-64,177,-16
1739483626.1112475,3,-90,-103
1739483626.1562476,1,-15,-184
1739483626.2022476,-3,55,-75
1739483626.2482476,-33,-131,-25
1739483626.2932477,10,-41,35
1739483626.3392477,2,58,40
1739483626.3852477,-34,-31,77
1739483626.4312477,25,-10,-16
1739483626.4762475,26,-89,-87
1739483626.5222476,-99,-20,-81
1739483626.5682476,23,-3,-106
1739483626.6132476,-21,-15,1
1739483626.6592476,0,5,-67
1739483626.7052476,-30,55,19
1739483626.7512476,8,-230,11
1739483626.7962475,-15,-89,50
1739483626.8422475,-28,0,3
1739483626.8882475,7,-4,-106
1739483626.9332476,15,-28,61
1739483626.9792476,21,-78,7
1739483627.0252476,70,44,-19
1739483627.0712476,16,-28,55
1739483627.1162477,-49,-79,98
1739483627.1622477,8,0,34
1739483627.2082477,-26,-69,-96
1739483627.2532475,-45,-11,2
1739483627.2992475,-31,-65,-94
1739483627.3452475,10,2,-97
1739483627.3912475,7,60,30
1739483627.4362476,-6,-21,4
1739483627.4822476,-47,-95,55
1739483627.5282476,15,42,-90
1739483627.5732474,35,-32,-27
1739483627.6192474,-1,127,-66
1739483627.6652474,0,-103,-190
1739483627.7112474,-36,-79,-16
1739483627.7562475,-41,-105,-104
1739483627.8022475,-31,33,34
1739483627.8482475,-25,55,-123
1739483627.8932476,27,-48,-58
1739483627.9392476,-5,89,-54
1739483627.9852476,-49,-55,-129
1739483628.0312476,-9,-57,-12
1739483628.0762477,67,-38,-75
1739483628.1222477,-11,-77,-125
1739483628.1682477,20,132,48
1739483628.2132475,5,-79,-53
1739483628.2592475,27,-118,65
1739483628.3052475,4,-97,-56
1739483628.3512475,7,-4,-104
1739483628.3962476,36,-152,-57
1739483628.4422476,-57,-113,-27
1739483628.4882476,-33,-7,32
1739483628.5332477,17,-54,-95
1739483628.5792477,44,-24,43
1739483628.6252477,-33,-25,21
1739483628.6712475,45,-78,16
1739483628.7162476,38,-106,-8
1739483628.7622476,34,-114,-99
1739483628.8082476,15,-22,-11
1739483628.8532476,-65,-67,55
1739483628.8992476,47,34,-12
1739483628.9452477,56,-62,-70
1739483628.9912477,28,12,5
1739483629.0362475,43,-42,64
1739483629.0822475,-3,79,-37
1739483629.1282475,-6,-93,-112
1739483629.1732476,-41,52,-65
1739483629.2192476,24,-93,-125
1739483629.2652476,-19,101,-81
1739483629.3112476,25,-74,-39
1739483629.3562477,70,-70,-62
1739483629.4022477,77,-105,95
1739483629.4482474,-49,7,-29
1739483629.4932475,-20,-71,-26
1739483629.5392475,37,8,10
1739483629.5852475,55,-132,37
1739483629.6312475,5,70,-15
1739483629.6762476,1,-48,-6
1739483629.7222476,116,46,-40
1739483629.7682476,-27,-33,-38
1739483629.8132474,55,-68,0
1739483629.8592474,2,31,55
1739483629.9052474,1,-84,36
1739483629.9512477,12,0,-66
1739483629.9962475,-13,-87,28
1739483630.0422475,22,-28,-77
1739483630.0872476,-29,77,-122
1739483630.1322474,-9,-117,-22
1739483630.1782477,32,70,10
1739483630.2242477,-11,-31,61
1739483630.2692475,-65,-161,-6
1739483630.3152475,91,50,51
1739483630.3612475,3,-68,-1
1739483630.4072475,14,34,24
1739483630.4522476,-30,67,-64
1739483630.4982476,52,-12,-138
1739483630.5442476,-5,13,11
1739483630.5892477,-23,-133,-31
1739483630.6352477,-34,-105,-70
1739483630.6812477,-13,-63,18
1739483630.7272477,3,-123,-98
1739483630.7722476,35,-30,10
1739483630.8182476,0,10,-58
1739483630.8642476,-40,17,-45
1739483630.9092476,-32,11,-145
1739483630.9552476,84,-78,-74
1739483631.0012476,15,-163,-210
1739483631.0472476,-20,-81,76
1739483631.0922475,1,-11,-76
1739483631.1382475,38,-68,124
1739483631.1842475,64,-56,-10
1739483631.2292476,-14,-139,-140
1739483631.2752476,23,-34,-33
1739483631.3212476,14,-2,-56
1739483631.3672476,60,-52,-108
1739483631.4122477,-4,44,25
1739483631.4582477,-7,1,87
1739483631.5042477,35,4,-119
1739483631.5492475,-4,-1,-99
1739483631.5952475,62,-14,51
1739483631.6412475,-24,-29,37
1739483631.6872475,17,-10,-46
1739483631.7322476,18,18,35
1739483631.7782476,-57,-65,-74
1739483631.8242476,-24,-57,100
1739483631.8692474,56,-82,-27
1739483631.9152474,-21,-17,-87
1739483631.9612474,-24,0,-26
1739483632.0072474,-19,-79,25
1739483632.0522475,11,-116,-27
1739483632.0982475,-66,-29,25
1739483632.1442475,50,-38,-79
1739483632.1892476,62,-30,-39
1739483632.2352476,113,-156,-115
1739483632.2812476,0,-14,-46
1739483632.3272476,12,-28,-56
1739483632.3722477,81,-54,-127
1739483632.4182477,25,-64,27
1739483632.4642477,4,-62,-94
1739483632.5092475,71,-20,26
1739483632.5552475,-103,-29,54
1739483632.6012475,53,36,-39
1739483632.6472476,41,-24,-64
1739483632.6922476,42,6,-15
1739483632.7382476,-58,63,-41
1739483632.7842476,39,26,-3
1739483632.8292477,-62,-13,-65
1739483632.8752477,49,6,-88
1739483632.9212475,82,70,0
1739483632.9672475,70,-84,3
1739483633.0122476,23,-42,-102
1739483633.0582476,9,6,53
1739483633.1042476,30,-104,-50
1739483633.1492476,-11,5,50
1739483633.1952477,67,-48,-48
1739483633.2412477,21,-84,53
1739483633.2872477,55,-204,22
1739483633.3322475,-24,45,-16
1739483633.3782475,-76,-197,-31
1739483633.4242475,-132,-45,73
1739483633.4692476,-43,-37,41
1739483633.5152476,-8,-23,19
1739483633.5612476,-25,-191,11
1739483633.6072476,66,22,65
1739483633.6522477,-43,-59,-17
1739483633.6982474,54,30,-58
1739483633.7442474,57,84,-12
1739483633.7892475,-15,-95,77
1739483633.8352475,48,-102,-57
1739483633.8812475,-92,-57,-3
1739483633.9322476,-33,-105,34
1739483633.9782476,-28,-13,-116
1739483634.0242476,-46,55,49
1739483634.0692475,-40,-5,109
1739483634.1152475,-17,-131,57
1739483634.1612475,-50,-193,-51
1739483634.2072475,-35,-87,-62
1739483634.2522476,10,-21,181
1739483634.2982476,-55,-129,-2
1739483634.3442476,27,-8,33
1739483634.3912475,-26,3,-44
1739483634.4362476,3,-120,31
1739483634.4822476,10,92,-41
1739483634.5282476,5,23,14
1739483634.5732474,-24,-17,-41
1739483634.6192474,-28,-95,-45
1739483634.6652474,20,-132,1
1739483634.7112474,-13,-27,-137
1739483634.7562475,82,8,-87
1739483634.8022475,37,-10,52
1739483634.8482475,72,-62,-30
1739483634.8932476,61,22,-76
1739483634.9392476,-4,-53,-30
1739483634.9852476,-54,-51,24
1739483635.0312476,15,-32,-32
1739483635.0762477,64,-10,18
1739483635.1222477,12,-74,-53
1739483635.1682477,-25,79,-21
1739483635.2132475,9,-54,-91
1739483635.2592475,-7,-48,-83
1739483635.3052475,58,-54,-5
1739483635.3512475,65,-52,-125
1739483635.3962476,26,-118,53
1739483635.4422476,-51,-131,-173
1739483635.4882476,-4,46,18
1739483635.5332477,31,-22,-44
1739483635.5792477,-41,81,47
1739483635.6252477,-5,-56,61
1739483635.6712475,48,-66,-16
1739483635.7162476,18,-83,31
1739483635.7622476,28,-26,47
1739483635.8082476,10,-38,-19
1739483635.8532476,-65,65,19
1739483635.8992476,11,-19,-102
1739483635.9452477,-21,47,8
1739483635.9912477,94,76,-121
1739483636.0362475,5,-10,11
1739483636.0822475,-59,-120,-47
1739483636.1282475,17,-95,-28
1739483636.1732476,-2,29,-28
1739483636.2192476,-86,-96,-36
1739483636.2652476,-12,-14,-73
1739483636.3112476,29,-51,-110
1739483636.3562477,11,-104,-15
1739483636.4022477,75,43,-72
1739483636.4482474,-5,-45,31
1739483636.4932475,-19,-65,-152
1739483636.5392475,-25,-50,-124
1739483636.5852475,126,-61,42
1739483636.6312475,-3,10,-64
1739483636.6762476,-13,12,13
1739483636.7222476,72,-101,114
1739483636.7682476,27,25,10
1739483636.8132474,59,-37,-101
1739483636.8592474,-7,21,-101
1739483636.9052474,54,23,-89
1739483636.9512477,40,41,-68
1739483636.9962475,40,-41,141
1739483637.0422475,39,59,50
1739483637.0882475,-11,47,-14
1739483637.1332476,10,3,34
1739483637.1792476,-38,12,-82
1739483637.2252476,36,27,13
1739483637.2712476,77,1,-46
1739483637.3162477,-39,-8,-112
1739483637.3622477,33,-75,17
1739483637.4082477,47,-55,-60
1739483637.4532475,13,0,-124
1739483637.4992476,55,159,-49
1739483637.5452476,-9,47,-107
1739483637.5912476,98,9,65
1739483637.6362476,-33,-10,-144
1739483637.6822476,-29,28,46
1739483637.7282476,-91,-66,22
1739483637.7732477,46,65,65
1739483637.8192475,-23,-61,-85
1739483637.8652475,-67,-36,-123
1739483637.9112475,25,65,-129
1739483637.9562476,10,38,32
1739483638.0022476,-69,58,62
1739483638.0482476,-21,9,-16
1739483638.0932477,-103,-152,-112
1739483638.1392477,-12,-57,161
1739483638.1852477,45,7,-28
1739483638.2312477,57,-51,0
1739483638.2762475,-23,-64,-226
1739483638.3222475,-57,-66,-78
1739483638.3682475,-54,-44,21
1739483638.4132476,-51,-46,10
1739483638.4592476,-47,-116,-21
1739483638.5052476,-47,9,-84
1739483638.5512476,-45,80,-10
1739483638.5962474,-44,-82,-164
1739483638.6422474,53,-11,-38
1739483638.6882474,7,-34,-33
1739483638.7332475,-71,68,-28
1739483638.7792475,28,5,-45
1739483638.8252475,3,-27,-1
1739483638.8712475,22,-130,0
1739483638.9162476,0,-74,-82
1739483638.9622476,19,-77,-86
1739483639.0082476,29,-27,11
1739483639.0532477,47,-39,19
1739483639.0992477,42,-61,-117
1739483639.1452477,67,-67,-46
1739483639.1912477,-17,34,89
1739483639.2362475,-36,-40,59
1739483639.2822475,41,15,-53
1739483639.3282475,-85,-56,-3
1739483639.3732476,-22,-44,-148
1739483639.4192476,-4,-66,62
1739483639.4652476,4,65,21
1739483639.5112476,33,3,-8
1739483639.5562477,17,-17,-20
1739483639.6022477,-26,-30,-80
1739483639.6482477,96,17,-80
1739483639.6932476,-47,138,-68
1739483639.7392476,-30,26,-58
1739483639.7852476,-16,40,103
1739483639.8312476,0,-52,70
1739483639.8762476,-5,-38,54
1739483639.9222476,-37,-160,-32
1739483639.9682477,46,63,31
1739483640.0132475,-7,-169,-38
1739483640.0592475,-3,-16,80
1739483640.1052475,-30,106,53
1739483640.1512475,58,-139,-104
1739483640.1962476,-21,-76,-80
1739483640.2422476,57,29,51
1739483640.2882476,-33,-30,-117
1739483640.3332477,82,-25,-37
1739483640.3792477,19,-99,74
1739483640.4252477,0,34,-47
1739483640.4712474,9,-161,25
1739483640.5162475,0,-86,-55
1739483640.5622475,7,-145,20
1739483640.6082475,-26,-16,-61
1739483640.6532476,57,63,-36
1739483640.6992476,0,80,-61
1739483640.7452476,-28,2,31
1739483640.7912476,-39,-4,-47
1739483640.8362474,-54,-44,-52
1739483640.8822474,2,-15,10
1739483640.9282477,27,23,13
1739483640.9732475,0,-44,68
1739483641.0192475,48,21,-87
1739483641.0652475,24,-119,-109
1739483641.1112475,-20,18,73
1739483641.1562476,41,-133,21
1739483641.2022476,66,-45,-7
1739483641.2482476,-43,-64,-82
1739483641.2932477,42,-21,88
1739483641.3392477,-118,-58,-4
1739483641.3852477,-14,-129,-10
1739483641.4312477,14,-17,14
1739483641.4762475,-30,-110,40
1739483641.5222476,11,-19,3
1739483641.5682476,29,-131,-71
1739483641.6132476,7,95,14
1739483641.6592476,37,29,-4
1739483641.7052476,-45,-44,40
1739483641.7512476,-65,-60,-104
1739483641.7962475,28,35,45
1739483641.8422475,40,25,-25
1739483641.8882475,-35,2,-97
1739483641.9332476,4,48,-154
1739483641.9792476,81,47,-48
1739483642.0252476,32,-129,-13
1739483642.0712476,47,-11,-121
1739483642.1162477,14,-17,-19
1739483642.1622477,28,65,30
1739483642.2082477,41,-65,41
1739483642.2532475,1,80,83
1739483642.2992475,26,45,0
1739483642.3452475,-26,32,134
1739483642.3912475,-20,-54,-5
1739483642.4362476,-43,-68,7
1739483642.4822476,32,-3,-42
1739483642.5282476,-47,-16,-54
1739483642.5732474,-37,-42,-140
1739483642.6192474,54,-91,-84
1739483642.6652474,81,-57,76
1739483642.7112474,-46,-18,15
1739483642.7562475,-3,-3,-26
1739483642.8022475,9,-1,125
1739483642.8482475,-5,-48,-72
1739483642.8932476,-2,-14,-97
1739483642.9392476,8,-13,139
1739483642.9852476,-57,26,-138
1739483643.0312476,3,-9,69
1739483643.0762477,-8,-28,-36
1739483643.1222477,51,-111,16
1739483643.1682477,-32,-80,-40
1739483643.2132475,-13,-54,33
1739483643.2592475,39,-51,-80
1739483643.3052475,-1,-84,7
1739483643.3512475,-6,-176,-155
1739483643.3962476,6,-7,-20
1739483643.4422476,-5,92,-21
1739483643.4882476,18,-109,14
1739483643.5332477,37,13,123
1739483643.5792477,37,-59,-82
1739483643.6252477,73,11,10
1739483643.6712475,11,-153,-87
1739483643.7162476,15,-120,67
1739483643.7622476,47,-43,11
1739483643.8082476,-63,38,-154
1739483643.8532476,44,-3,23
1739483643.8992476,33,1,72
1739483643.9512477,-35,-8,-25
1739483643.9962475,65,-5,50
1739483644.0422475,-1,-35,33
1739483644.0882475,11,-60,2
1739483644.1332476,172,41,45
1739483644.1792476,-28,8,70
1739483644.2252476,-122,-208,-66
1739483644.2712476,-7,-70,140
1739483644.3162477,-8,-56,-27
1739483644.3622477,81,-153,-29
1739483644.4082477,-16,-64,-2
1739483644.4532475,-48,0,97
1739483644.4992476,-49,-70,-102
1739483644.5452476,22,-45,22
1739483644.5912476,-6,-48,47
1739483644.6362476,-27,28,-38
1739483644.6822476,42,-97,-11
1739483644.7282476,16,15,51
1739483644.7732477,115,-1,61
1739483644.8192475,-89,10,103
1739483644.8652475,20,19,-70
1739483644.9112475,-16,-72,-111
1739483644.9562476,-35,32,-50
1739483645.0022476,-1,-119,-109
1739483645.0472476,-7,-24,21
1739483645.0922475,21,-15,12
1739483645.1382475,52,147,-44
1739483645.1842475,31,-7,-24
1739483645.2292476,39,-7,49
1739483645.2752476,64,-19,40
1739483645.3212476,48,-107,-80
1739483645.3672476,-24,-80,-42
1739483645.4122477,53,-73,-46
1739483645.4582477,-15,0,-1
1739483645.5042477,85,91,-99
1739483645.5492475,37,-23,1
1739483645.5952475,22,-39,-190
1739483645.6412475,-19,-24,-158
1739483645.6872475,27,-39,-35
1739483645.7322476,-16,-96,-150
1739483645.7782476,34,-25,-72
1739483645.8242476,18,33,5
1739483645.8692474,65,-160,-135
1739483645.9152474,-19,-23,-79
1739483645.9612474,91,-70,-46
1739483646.0072474,80,-45,77
1739483646.0522475,-2,-174,-142
1739483646.0982475,-18,20,-52
1739483646.1442475,-19,-62,-60
1739483646.1892476,65,-87,-99
1739483646.2352476,63,25,83
1739483646.2812476,-12,-12,-49
1739483646.3272476,-63,-80,-24
1739483646.3722477,24,77,14
1739483646.4182477,-28,36,-11
1739483646.4642477,12,-158,-98
1739483646.5092475,49,-66,-31
1739483646.5552475,77,-39,-58
1739483646.6012475,-6,0,70
1739483646.6472476,8,45,36
1739483646.6922476,-32,-45,8
1739483646.7382476,-68,-191,-111
1739483646.7842476,20,-52,0
1739483646.8292477,-4,-19,-100
1739483646.8752477,-82,-83,24
1739483646.9212475,-2,27,43
1739483646.9672475,-50,-143,37
1739483647.0122476,20,-123,-143
1739483647.0582476,74,-141,-42
1739483647.1042476,-1,54,11
1739483647.1492476,45,5,107
1739483647.1952477,-71,-127,-155
1739483647.2412477,52,-104,-116
1739483647.2872477,34,-8,3
1739483647.3322475,-11,-98,50
1739483647.3782475,6,58,-29
1739483647.4242475,-11,-13,-43
1739483647.4692476,56,12,0
1739483647.5152476,-12,-103,-55
1739483647.5612476,68,-42,73
1739483647.6072476,-64,-127,40
1739483647.6522477,-20,61,0
1739483647.6982474,-72,-98,-2
1739483647.7442474,58,-1,-138
1739483647.7892475,-3,78,-44
1739483647.8352475,15,-1,-108
1739483647.8812475,-59,26,-15
1739483647.9272475,14,17,-36
1739483647.9722476,11,-51,-35
1739483648.0182476,44,-25,39
1739483648.0642476,-9,-10,-31
1739483648.1092474,41,-86,33
1739483648.1552474,-20,-73,-53
1739483648.2012477,38,56,35
1739483648.2472477,-9,-126,9
1739483648.2922475,9,-136,-51
1739483648.3382475,-34,91,-66
1739483648.3842475,-13,3,0
1739483648.4292476,27,51,-16
1739483648.4752476,36,42,-95
1739483648.5212476,-15,3,-24
1739483648.5672476,36,2,-23
1739483648.6122477,0,-29,44
1739483648.6582477,21,-76,-39
1739483648.7042477,-46,-11,-15
1739483648.7492476,-29,-25,9
1739483648.7952476,-6,-162,-37
1739483648.8412476,-6,45,13
1739483648.8872476,35,-80,-75
1739483648.9322476,-22,-157,36
1739483648.9782476,36,-85,-21
1739483649.0242476,-13,-81,3
1739483649.0692475,65,-155,-49
1739483649.1152475,-28,10,-68
1739483649.1612475,18,-59,-76
1739483649.2072475,73,5,53
1739483649.2522476,13,-3,-34
1739483649.2982476,42,62,-105
1739483649.3442476,-34,-37,-67
1739483649.3892477,-33,15,52
1739483649.4352477,-69,68,-71
1739483649.4812477,68,57,-124
1739483649.5272477,-95,138,1
1739483649.5722475,-12,-30,-97
1739483649.6182475,8,-89,-78
1739483649.6642475,-35,42,-142
1739483649.7092476,-80,-88,-55
1739483649.7552476,29,-61,-81
1739483649.8012476,1,240,-20
1739483649.8472476,45,-24,2
1739483649.8922474,54,22,-8
1739483649.9382474,68,74,50
1739483649.9842474,-2,-56,-126
1739483650.0292475,56,-114,-111
1739483650.0752475,-50,107,29
1739483650.1212475,15,-98,-42
1739483650.1672475,25,-30,-7
1739483650.2122476,16,28,-68
1739483650.2582476,25,27,62
1739483650.3042476,-67,16,75
1739483650.3492477,-59,32,5
1739483650.3952477,33,-49,42
1739483650.4412477,-63,-85,34
1739483650.4872477,44,2,-23
1739483650.5322475,-67,-35,31
1739483650.5782475,11,-22,35
1739483650.6242476,-21,-73,-26
1739483650.6692476,61,40,-59
1739483650.7152476,-51,-109,18
1739483650.7612476,-4,-43,-54
1739483650.8072476,54,0,-45
1739483650.8522477,63,29,4
1739483650.8982477,-64,-94,9
1739483650.9442475,43,-43,-14
1739483650.9892476,56,-63,1
1739483651.0352476,-38,-28,122
1739483651.0812476,-83,-23,27
1739483651.1272476,-13,-27,-9
1739483651.1722476,77,0,-36
1739483651.2182477,7,101,-104
1739483651.2642477,-34,-37,4
1739483651.3092475,-8,-74,-19
1739483651.3552475,36,-59,-71
1739483651.4012475,20,-73,-64
1739483651.4472475,14,-38,-84
1739483651.4922476,22,-6,1
1739483651.5382476,-32,-57,-31
1739483651.5842476,41,-35,-34
1739483651.6292477,-2,-84,-168
1739483651.6752477,21,23,-48
1739483651.7212474,71,-7,3
1739483651.7662475,-16,-12,12
1739483651.8122475,-43,-80,-33
1739483651.8582475,-22,-10,-65
1739483651.9042475,-48,20,-150
1739483651.9492476,6,21,-20
1739483651.9952476,-25,-86,-34
1739483652.0412476,-56,-176,93
1739483652.0872476,37,101,-13
1739483652.1322474,45,61,-84
1739483652.1782477,-8,23,-43
1739483652.2242477,16,22,-30
1739483652.2692475,-6,-3,21
1739483652.3152475,25,-22,-29
1739483652.3612475,-33,63,-193
1739483652.4072475,7,-47,-108
1739483652.4522476,-22,-13,-61
1739483652.4982476,-63,15,-33
1739483652.5442476,75,28,-46
1739483652.5892477,32,70,-12
1739483652.6352477,-41,65,84
1739483652.6812477,-33,-125,25
1739483652.7272477,-50,37,-5
1739483652.7722476,23,-70,-105
1739483652.8182476,23,77,-128
1739483652.8642476,0,20,85
1739483652.9092476,-23,-21,-37
1739483652.9552476,-37,-133,-44
1739483653.0012476,-39,-13,-43
1739483653.0472476,-35,65,-32
1739483653.0922475,-48,55,-81
1739483653.1382475,-49,-11,117
1739483653.1842475,-82,35,-118
1739483653.2292476,-38,7,139
1739483653.2752476,16,-50,-100
1739483653.3212476,-50,71,43
1739483653.3662477,-77,-37,-70
1739483653.4122477,12,47,-104
1739483653.4582477,-42,-107,-7
1739483653.5042477,-39,69,-43
1739483653.5492475,-88,-17,-29
1739483653.5952475,-37,-53,-52
1739483653.6412475,-17,-41,-20
1739483653.6862476,22,-72,-74
1739483653.7322476,-43,33,7
1739483653.7782476,-90,25,-81
1739483653.8242476,-15,-63,-48
1739483653.8692474,-16,-5,3
1739483653.9152474,-51,-105,-95
1739483653.9662476,56,0,-2
1739483654.0122476,-58,-69,38
1739483654.0582476,-22,-81,-47
1739483654.1042476,64,-128,108
1739483654.1492476,52,-60,-67
1739483654.1952477,20,-82,-3
1739483654.2412477,-25,-27,33
1739483654.2862475,-1,-176,-14
1739483654.3322475,-79,37,-20
1739483654.3782475,58,0,-23
1739483654.4242475,-18,33,-96
1739483654.4692476,30,-64,-45
1739483654.5152476,13,133,-55
1739483654.5612476,22,86,-161
1739483654.6062477,4,-22,-87
1739483654.6522477,43,22,-106
1739483654.6982474,-29,-209,-35
1739483654.7442474,75,-6,44
1739483654.7892475,9,-18,30
1739483654.8352475,66,-132,-84
1739483654.8812475,60,-80,-33
1739483654.9262476,15,-68,-53
1739483654.9722476,-79,-61,-43
1739483655.0182476,34,-38,0
1739483655.0642476,24,-16,-88
1739483655.1092474,-65,-25,2
1739483655.1552474,-72,-45,-38
1739483655.2012477,28,-82,124
1739483655.2462475,69,100,49
1739483655.2922475,-4,18,-76
1739483655.3382475,-2,46,-98
1739483655.3842475,-6,-15,-41
1739483655.4292476,-72,-139,-108
1739483655.4752476,-41,-123,20
1739483655.5212476,3,-30,-24
1739483655.5662477,-37,-65,32
1739483655.6122477,-6,1,63
1739483655.6582477,19,-14,-58
1739483655.7042477,36,50,-54
1739483655.7492476,-35,-135,-132
1739483655.7952476,-6,125,-41
1739483655.8412476,-114,-25,-50
1739483655.8862476,22,-136,93
1739483655.9322476,58,-98,15
1739483655.9782476,-50,-121,-67
1739483656.0242476,-13,-107,-100
1739483656.0692475,-14,-67,0
1739483656.1152475,45,-24,-49
1739483656.1612475,-39,-85,23
1739483656.2062476,-27,77,109
1739483656.2522476,9,78,-116
1739483656.2982476,-34,-49,8
1739483656.3442476,-31,43,-87
1739483656.3892477,6,65,45
1739483656.4352477,-27,9,-89
1739483656.4812477,-19,-133,39
1739483656.5262475,-66,-149,41
1739483656.5722475,1,-44,116
1739483656.6182475,-11,-15,-116
1739483656.6642475,34,-78,-80
1739483656.7092476,56,-58,72
1739483656.7552476,48,10,-39
1739483656.8012476,38,-70,-54
1739483656.8462474,10,-16,-9
1739483656.8922474,35,12,60
1739483656.9382474,-60,-79,0
1739483656.9842474,6,35,-70
1739483657.0292475,-20,51,-95
1739483657.0752475,-5,3,24
1739483657.1212475,-37,-39,16
1739483657.1662476,17,64,-48
1739483657.2122476,-23,-43,-70
1739483657.2582476,-34,15,-6
1739483657.3042476,102,-18,24
1739483657.3492477,-1,-131,-109
1739483657.3952477,57,134,-55
1739483657.4412477,-36,63,-116
1739483657.4862475,-88,-59,102
1739483657.5322475,-14,79,-60
1739483657.5782475,2,-49,-129
1739483657.6242476,0,13,-40
1739483657.6692476,14,-28,-65
1739483657.7152476,-58,-9,50
1739483657.7612476,20,-42,-72
1739483657.8062477,4,0,-120
1739483657.8522477,-11,39,-69
1739483657.8982477,-33,-95,18
1739483657.9442475,-54,-5,27
1739483657.9892476,29,70,-80
1739483658.0352476,-31,15,30
1739483658.0812476,2,-30,21
1739483658.1262476,-34,-41,-67
1739483658.1722476,64,-42,-62
1739483658.2182477,2,-14,-72
1739483658.2642477,-22,69,-1
1739483658.3092475,20,-2,93
1739483658.3552475,45,2,-89
1739483658.4012475,5,-20,-10
1739483658.4462476,-13,21,-46
1739483658.4922476,38,64,-26
1739483658.5382476,27,-36,-27
1739483658.5842476,-53,31,-20
1739483658.6292477,30,6,-32
1739483658.6752477,-9,-169,-61
1739483658.7212474,-26,-3,-51
1739483658.7662475,72,-40,-39
1739483658.8122475,-42,-39,-80
1739483658.8582475,41,-12,-87
1739483658.9042475,116,-48,-18
1739483658.9492476,-59,29,23
1739483658.9952476,-125,-13,-83
1739483659.0412476,-47,-47,-14
1739483659.0862474,32,-140,55
1739483659.1322474,-6,-61,-1
1739483659.1782477,73,24,-22
1739483659.2242477,-22,-109,88
1739483659.2692475,-49,-15,-90
1739483659.3152475,-10,-83,-54
1739483659.3612475,40,104,4
1739483659.4062476,35,68,116
1739483659.4522476,54,-86,-43
1739483659.4982476,-4,-39,-15
1739483659.5442476,-7,-65,6
1739483659.5892477,25,-112,2
1739483659.6352477,33,-38,-58
1739483659.6812477,6,38,31
1739483659.7262475,40,28,-96
1739483659.7722476,-37,-15,-147
1739483659.8182476,-44,31,54
1739483659.8642476,-84,-9,-132
1739483659.9092476,4,-10,-77
1739483659.9552476,-24,-161,-114
1739483660.0012476,11,-218,13
1739483660.0462475,18,-46,-107
1739483660.0922475,-21,-113,-51
1739483660.1382475,-51,15,21
1739483660.1842475,-13,-65,-19
1739483660.2292476,-3,147,-1
1739483660.2752476,24,-58,-117
1739483660.3212476,42,-82,-53
1739483660.3662477,-48,-63,-8
1739483660.4122477,0,7,-16
1739483660.4582477,-43,-169,2
1739483660.5042477,-50,101,-90
1739483660.5492475,29,20,-55
1739483660.5952475,-82,-59,-65
1739483660.6412475,-40,-117,-28
1739483660.6862476,53,-54,52
1739483660.7322476,-18,-127,-89
1739483660.7782476,70,-112,-39
1739483660.8242476,6,-52,-147
1739483660.8692474,19,-22,-201
1739483660.9152474,0,27,-93
1739483660.9612474,19,-100,90
1739483661.0062475,-27,-27,-64
1739483661.0522475,-36,-131,22
1739483661.0982475,-9,47,-67
1739483661.1442475,-56,5,82
1739483661.1892476,-15,-7,60
1739483661.2352476,-11,5,-66
1739483661.2812476,-18,-151,-2
1739483661.3262477,-36,1,-12
1739483661.3722477,22,-74,-23
1739483661.4182477,-40,61,-2
1739483661.4642477,8,-34,-21
1739483661.5092475,-14,-97,-97
1739483661.5552475,-10,-22,11
1739483661.6012475,10,4,55
1739483661.6462476,-49,-87,-72
1739483661.6922476,40,36,-89
1739483661.7382476,-5,68,-86
1739483661.7842476,39,-68,0
1739483661.8292477,22,-14,-31
1739483661.8752477,-18,23,-110
1739483661.9212475,47,-88,-86
1739483661.9662476,-63,3,-85
1739483662.0122476,41,-76,76
1739483662.0582476,21,0,23
1739483662.1042476,91,-20,53
1739483662.1492476,32,-26,78
1739483662.1952477,52,78,-41
1739483662.2412477,23,58,-106
1739483662.2862475,-63,-5,-37
1739483662.3322475,32,-40,-36
1739483662.3782475,1,-15,29
1739483662.4242475,-29,-9,16
1739483662.4692476,60,20,-19
1739483662.5152476,-52,17,17
1739483662.5612476,-124,-35,-42
1739483662.6062477,16,-76,16
1739483662.6522477,-7,-73,-24
1739483662.6982474,34,39,-104
1739483662.7442474,-49,30,107
1739483662.7892475,-4,151,-22
1739483662.8352475,-2,-110,-103
1739483662.8812475,13,-15,-129
1739483662.9262476,16,-103,-54
1739483662.9722476,23,68,-9
1739483663.0182476,31,-40,0
1739483663.0642476,37,6,-142
1739483663.1092474,71,-18,-120
1739483663.1552474,-114,-31,27
1739483663.2012477,-27,-123,-114
1739483663.2462475,-20,-51,-73
1739483663.2922475,-4,-48,-71
1739483663.3382475,40,75,-76
1739483663.3842475,33,34,119
1739483663.4292476,3,-94,-14
1739483663.4752476,-36,0,-95
1739483663.5212476,73,-64,-2
1739483663.5662477,74,-54,2
1739483663.6122477,-29,80,-28
1739483663.6582477,39,-107,115
1739483663.7042477,-26,-85,7
1739483663.7492476,63,-19,-83
1739483663.7952476,6,-97,-23
1739483663.8412476,38,-41,54
1739483663.8862476,0,-19,-52
1739483663.9322476,-53,24,-90
1739483663.9842474,-2,19,-76
1739483664.0292475,-24,-61,-20
1739483664.0752475,-64,-132,-33
1739483664.1212475,62,-31,-72
1739483664.1662476,16,33,-42
1739483664.2122476,64,-81,20
1739483664.2582476,75,-31,-21
1739483664.3042476,32,-133,-13
1739483664.3492477,-46,18,-140
1739483664.3952477,7,25,-54
1739483664.4412477,50,-22,44
1739483664.4862475,-55,-154,-79
1739483664.5322475,-4,0,33
1739483664.5782475,-7,-114,-74
1739483664.6242476,136,-85,-103
1739483664.6692476,39,9,-75
1739483664.7152476,13,-1,23
1739483664.7612476,18,-19,-79
1739483664.8062477,-48,16,-44
1739483664.8522477,-28,-108,-108
1739483664.8982477,40,25,-30
1739483664.9442475,76,-9,-99
1739483664.9892476,18,-27,-140
1739483665.0352476,13,13,-64
1739483665.0812476,0,38,-21
1739483665.1262476,125,-29,38
1739483665.1722476,4,19,-45
1739483665.2182477,14,-93,-101
1739483665.2642477,-56,-74,29
1739483665.3092475,1,-72,-15
1739483665.3552475,125,57,34
1739483665.4012475,-6,-134,-6
1739483665.4462476,27,37,-35
1739483665.4922476,-20,10,-39
1739483665.5382476,11,3,74
1739483665.5842476,-4,4,-111
1739483665.6292477,-78,-50,-93
1739483665.6752477,3,19,-45
1739483665.7212474,-41,24,-4
1739483665.7662475,-36,-6,0
1739483665.8122475,-5,74,-160
1739483665.8582475,81,-45,-97
1739483665.9042475,-56,40,-78
1739483665.9492476,27,-7,-70
1739483665.9952476,2,-39,-24
1739483666.0412476,-14,56,-75
1739483666.0862474,9,37,-78
1739483666.1322474,88,-41,-100
1739483666.1782477,-50,-104,-67
1739483666.2242477,46,-69,-53
1739483666.2692475,-27,36,-68
1739483666.3152475,9,-23,-153
1739483666.3612475,-45,-2,115
1739483666.4062476,-23,-20,8
1739483666.4522476,20,53,-85
1739483666.4982476,-10,-38,-93
1739483666.5442476,-1,-28,116
1739483666.5892477,42,91,-50
1739483666.6352477,27,-33,-172
1739483666.6812477,-93,-22,15
1739483666.7262475,5,-33,-10
1739483666.7722476,-52,-144,4
1739483666.8182476,-22,6,48
1739483666.8642476,-92,4,-134
1739483666.9092476,41,53,46
1739483666.9552476,22,93,-97
1739483667.0012476,51,-101,-77
1739483667.0462475,-21,14,66
1739483667.0922475,-71,-100,-29
1739483667.1382475,-8,-10,61
1739483667.1842475,-5,-58,-9
1739483667.2292476,52,55,41
1739483667.2752476,-7,-16,-52
1739483667.3212476,44,-97,8
1739483667.3662477,63,-27,-37
1739483667.4122477,-11,18,138
1739483667.4582477,-32,36,-83
1739483667.5042477,-2,26,8
1739483667.5492475,30,61,47
1739483667.5952475,-3,-12,-21
1739483667.6412475,-17,12,55
1739483667.6862476,-25,-4,-109
1739483667.7322476,44,-19,-39
1739483667.7782476,-33,-128,-79
1739483667.8242476,4,-49,-152
1739483667.8692474,2,43,13
1739483667.9152474,18,17,-4
1739483667.9612474,-69,-14,-83
1739483668.0062475,-20,-24,-114
1739483668.0522475,-110,-42,-149
1739483668.0982475,-18,-26,-82
1739483668.1442475,-26,10,-54
1739483668.1892476,52,-29,-26
1739483668.2352476,22,-99,23
1739483668.2812476,-50,16,13
1739483668.3262477,-25,-10,-37
1739483668.3722477,-21,0,-57
1739483668.4182477,-15,-74,-113
1739483668.4642477,-158,-78,50
1739483668.5092475,-6,-246,30
1739483668.5552475,-43,28,79
1739483668.6012475,-3,-48,13
1739483668.6462476,69,-49,-130
1739483668.6922476,3,-61,52
1739483668.7382476,59,9,-36
1739483668.7842476,20,-39,71
1739483668.8292477,20,37,-81
1739483668.8752477,-8,-76,-34
1739483668.9212475,67,5,10
1739483668.9662476,37,-83,36
1739483669.0122476,55,-53,130
1739483669.0582476,9,-107,-85
1739483669.1042476,13,71,-25
1739483669.1492476,-1,-72,-90
1739483669.1952477,-136,-78,13
1739483669.2412477,-1,-104,-104
1739483669.2862475,10,-17,76
1739483669.3322475,0,47,-90
1739483669.3782475,-23,14,29
1739483669.4242475,-1,18,-70
1739483669.4692476,-20,-70,-80
1739483669.5152476,-19,6,-40
1739483669.5612476,-94,-68,0
1739483669.6062477,-95,68,-80
1739483669.6522477,-68,-14,-136
1739483669.6982474,-5,-65,-82
1739483669.7442474,9,-95,-6
1739483669.7892475,-41,-14,0
1739483669.8352475,-53,42,-65
1739483669.8812475,-3,8,-31
1739483669.9262476,57,15,-42
1739483669.9722476,-26,-16,42
1739483670.0182476,-86,-26,25
1739483670.0642476,-50,-186,-43
1739483670.1092474,3,-25,-66
1739483670.1552474,1,11,-58
1739483670.2012477,-78,-66,70
1739483670.2462475,9,-68,-3
1739483670.2922475,24,22,-18
1739483670.3382475,-26,-115,-118
1739483670.3842475,-5,0,71
1739483670.4292476,-27,-55,64
1739483670.4752476,42,38,59
1739483670.5212476,-42,-69,-73
1739483670.5662477,-72,-77,-15
1739483670.6122477,13,57,-51
1739483670.6582477,-33,26,52
1739483670.7042477,-2,-16,1
1739483670.7492476,-11,-84,-114
1739483670.7952476,-36,66,-29
1739483670.8412476,-69,-18,-127
1739483670.8862476,-40,-14,68
1739483670.9322476,24,35,-122
1739483670.9782476,-43,-54,-79
1739483671.0242476,9,-115,-49
1739483671.0692475,6,-133,-7
1739483671.1152475,7,-127,-77
1739483671.1612475,-49,-140,169
1739483671.2062476,89,-111,-3
1739483671.2522476,-20,-151,15
1739483671.2982476,18,14,-61
1739483671.3442476,39,0,-10
1739483671.3892477,-31,-23,-13
1739483671.4352477,2,22,-33
1739483671.4812477,-62,35,-46
1739483671.5262475,47,-64,-85
1739483671.5722475,0,-8,-26
1739483671.6182475,45,-23,15
1739483671.6622477,0,53,-30
1739483671.7082477,66,-42,-38
1739483671.7542477,-51,115,-52
1739483671.8002477,-41,15,28
1739483671.8452475,64,16,20
1739483671.8912475,31,-113,-90
1739483671.9372475,17,6,-31
1739483671.9822476,72,-59,-2
1739483672.0282476,80,-101,-94
1739483672.0742476,4,-88,6
1739483672.1202476,59,3,-111
1739483672.1652474,29,-107,-57
1739483672.2112474,2,-82,132
1739483672.2572474,-46,-24,-111
1739483672.3022475,-116,-10,117
1739483672.3482475,-26,-112,-105
1739483672.3942475,10,9,9
1739483672.4402475,24,-93,-27
1739483672.4852476,17,-17,-60
1739483672.5312476,28,-17,-58
1739483672.5772476,-52,14,-51
1739483672.6222477,-20,-116,63
1739483672.6682477,-22,138,-87
1739483672.7142477,-24,-34,-72
1739483672.7602477,63,-23,8
1739483672.8052475,23,16,-7
1739483672.8512475,-43,-177,77
1739483672.8972476,-12,-14,-42
1739483672.9422476,66,75,66
1739483672.9882476,-60,-122,-13
1739483673.0342476,-1,102,46
1739483673.0802476,51,11,-64
1739483673.1252477,-51,54,-2
1739483673.1712475,28,-121,-117
1739483673.2172475,28,19,-31
1739483673.2622476,-12,50,2
1739483673.3082476,42,-43,-3
1739483673.3542476,-11,16,-1
1739483673.4002476,-16,-92,69
1739483673.4452477,25,-67,61
1739483673.4912477,93,-151,0
1739483673.5372477,-8,-170,-80
1739483673.5822475,41,17,14
1739483673.6282475,-10,0,10
1739483673.6742475,17,-104,-37
1739483673.7202475,-37,-133,12
1739483673.7652476,41,-92,-17
1739483673.8112476,14,56,-73
1739483673.8572476,58,-22,-77
1739483673.9022477,63,58,98
1739483673.9482474,3,-44,22
1739483674.0002477,73,52,-50
1739483674.0452476,-20,33,-64
1739483674.0912476,-40,-106,45
1739483674.1372476,13,47,-33
1739483674.1822476,-35,2,-57
1739483674.2282476,-87,-86,-12
1739483674.2742476,23,-113,7
1739483674.3202477,96,-21,58
1739483674.3652475,-37,8,0
1739483674.4112475,46,-59,35
1739483674.4572475,56,-31,-7
1739483674.5022476,-34,34,-44
1739483674.5482476,104,-62,8
1739483674.5942476,13,-62,22
1739483674.6402476,-66,-50,171
1739483674.6852477,-51,-48,-20
1739483674.7312477,-65,14,85
1739483674.7772477,18,-90,92
1739483674.8222475,75,-43,-148
1739483674.8682475,16,-19,-44
1739483674.9142475,-57,92,-37
1739483674.9602475,25,59,15
1739483675.0052476,4,-76,40
1739483675.0512476,-21,-40,20
1739483675.0972476,11,-97,57
1739483675.1422474,-28,-56,-116
1739483675.1882474,30,70,-15
1739483675.2342474,55,54,-42
1739483675.2802474,40,4,47
1739483675.3252475,17,24,-35
1739483675.3712475,-29,9,35
1739483675.4172475,-25,-137,13
1739483675.4642477,-45,-141,-47
1739483675.5092475,-58,-91,-157
1739483675.5552475,-30,72,-101
1739483675.6012475,56,-15,-90
1739483675.6462476,38,-71,-6
1739483675.6922476,6,9,11
1739483675.7382476,37,-100,-208
1739483675.7842476,22,-66,-118
1739483675.8292477,95,20,52
1739483675.8752477,59,-122,-79
1739483675.9212475,-85,81,19
1739483675.9662476,72,-60,63
1739483676.0122476,-40,-69,27
1739483676.0582476,20,16,-65
1739483676.1042476,10,-12,-99
1739483676.1492476,-54,85,-20
1739483676.1952477,-56,-3,64
1739483676.2412477,53,-41,-44
1739483676.2862475,-45,-11,-58
1739483676.3322475,-25,-11,3
1739483676.3782475,10,39,19
1739483676.4242475,0,-5,-15
1739483676.4692476,56,-11,-38
1739483676.5152476,34,49,79
1739483676.5612476,-21,-3,-46
1739483676.6062477,7,12,-76
1739483676.6522477,-57,15,47
1739483676.6982474,-1,-24,-114
1739483676.7442474,27,2,-25
1739483676.7892475,-41,-39,-61
1739483676.8352475,0,-8,20
1739483676.8812475,23,-48,-27
1739483676.9262476,-61,-37,-39
1739483676.9722476,22,30,-240
1739483677.0182476,-118,13,-28
1739483677.0642476,-106,-49,-91
1739483677.1092474,27,8,75
1739483677.1552474,45,40,0
1739483677.2012477,57,-47,69
1739483677.2462475,91,-67,-48
1739483677.2922475,-89,40,8
1739483677.3382475,-50,-74,-36
1739483677.3842475,-35,11,-35
1739483677.4292476,20,-49,-114
1739483677.4752476,-27,-36,62
1739483677.5212476,24,-102,-52
1739483677.5662477,-32,-56,-39
1739483677.6122477,0,-100,-65
1739483677.6582477,-21,36,-54
1739483677.7042477,-5,-46,-35
1739483677.7492476,-22,-93,-53
1739483677.7952476,19,-4,47
1739483677.8412476,30,-56,-22
1739483677.8862476,7,-44,30
1739483677.9322476,-4,-1,-143
1739483677.9782476,-2,1,-16
1739483678.0242476,16,-62,-4
1739483678.0692475,92,-86,-78
1739483678.1152475,-88,-23,-55
1739483678.1612475,-46,-123,-81
1739483678.2062476,-58,40,-10
1739483678.2522476,-6,32,-31
1739483678.2982476,64,-7,-114
1739483678.3442476,-81,-58,-89
1739483678.3892477,2,-15,92
1739483678.4352477,-11,31,37
1739483678.4812477,-42,-167,17
1739483678.5262475,-36,-111,-54
1739483678.5722475,3,29,-131
1739483678.6182475,-4,73,-40
1739483678.6642475,-25,41,-38
1739483678.7092476,-104,-85,-119
1739483678.7552476,-72,-53,83
1739483678.8012476,3,64,-106
1739483678.8462474,12,14,96
1739483678.8922474,27,-54,-14
1739483678.9382474,-21,-25,-35
1739483678.9842474,-17,-97,-41
1739483679.0292475,10,-145,-67
1739483679.0752475,28,-100,-112
1739483679.1212475,23,-38,27
1739483679.1662476,-36,37,12
1739483679.2122476,-2,42,-24
1739483679.2582476,48,76,-38
1739483679.3042476,-1,-24,-16
1739483679.3492477,-14,-95,-12
1739483679.3952477,20,-194,19
1739483679.4412477,-28,-3,-51
1739483679.4862475,-63,-11,-9
1739483679.5322475,50,-90,81
1739483679.5782475,80,-52,15
1739483679.6242476,54,-100,-36
1739483679.6692476,22,-128,57
1739483679.7152476,13,71,129
1739483679.7612476,-39,23,-67
1739483679.8062477,29,-44,27
1739483679.8522477,22,-70,-71
1739483679.8982477,30,14,-31
1739483679.9442475,20,-174,-8
1739483679.9892476,41,-12,35
1739483680.0352476,-5,-79,25
1739483680.0812476,38,50,0
1739483680.1262476,66,-76,8
1739483680.1722476,31,26,-125
1739483680.2182477,42,-72,-48
1739483680.2642477,0,-98,-59
1739483680.3092475,-27,-101,-92
1739483680.3552475,16,-68,-63
1739483680.4012475,-65,-127,80
1739483680.4462476,-37,-1,-49
1739483680.4922476,-58,-44,39
1739483680.5382476,26,-62,34
1739483680.5842476,-71,-101,-26
1739483680.6292477,-36,-45,-35
1739483680.6752477,21,-93,-130
1739483680.7212474,-8,0,-87
1739483680.7662475,0,-66,31
1739483680.8122475,0,47,-89
1739483680.8582475,-20,61,-4
1739483680.9042475,3,-73,-86
1739483680.9492476,-38,19,-134
1739483680.9952476,41,-30,85
1739483681.0412476,-9,-121,-109
1739483681.0862474,2,-43,135
1739483681.1322474,-15,67,127
1739483681.1782477,65,56,19
1739483681.2242477,-21,-20,36
1739483681.2692475,11,-54,-125
1739483681.3152475,19,-164,-68
1739483681.3612475,-30,-109,-3
1739483681.4062476,46,-18,2
1739483681.4522476,-37,-95,6
1739483681.4982476,48,-2,8
1739483681.5442476,-6,6,-6
1739483681.5892477,-80,-109,-3
1739483681.6352477,95,14,-155
1739483681.6812477,4,-15,-58
1739483681.7262475,-13,-107,3
1739483681.7722476,-14,-93,8
1739483681.8182476,54,26,-90
1739483681.8642476,13,40,-90
1739483681.9092476,-43,-57,0
1739483681.9552476,-34,-99,-242
1739483682.0012476,0,57,-2
1739483682.0462475,-64,9,24
1739483682.0922475,4,62,-9
1739483682.1382475,46,-100,-6
1739483682.1842475,10,-76,3
1739483682.2292476,4,-86,-69
1739483682.2752476,-11,-5,-12
1739483682.3212476,-44,-73,-61
1739483682.3662477,-38,-131,15
1739483682.4122477,-90,-71,13
1739483682.4582477,-15,-21,18
1739483682.5042477,-37,-41,3
1739483682.5492475,36,-64,-37
1739483682.5952475,24,-60,5
1739483682.6412475,-65,-11,-103
1739483682.6862476,16,-60,-54
1739483682.7322476,-4,-53,-70
1739483682.7782476,18,24,18
1739483682.8242476,-22,-137,14
1739483682.8692474,-13,-35,39
1739483682.9152474,61,65,48
1739483682.9612474,-4,-6,-8
1739483683.0062475,94,-53,49
1739483683.0522475,20,-83,25
1739483683.0982475,63,7,-76
1739483683.1442475,-2,-96,118
1739483683.1892476,79,-59,49
1739483683.2352476,18,-21,-183
1739483683.2812476,7,-115,-33
1739483683.3262477,-29,0,18
1739483683.3722477,10,-43,-75
1739483683.4182477,33,-133,-69
1739483683.4642477,-21,-80,-95
1739483683.5092475,76,-137,-102
1739483683.5552475,48,-57,-109
1739483683.6012475,19,11,39
1739483683.6462476,4,-71,-28
1739483683.6922476,4,-55,-32
1739483683.7382476,-116,-26,86
1739483683.7842476,-26,42,-28
1739483683.8292477,55,11,-51
1739483683.8752477,-60,66,-17
1739483683.9212475,-3,-88,-94
1739483683.9722476,-33,-8,-78
1739483684.0182476,73,33,-6
1739483684.0642476,-30,-36,90
1739483684.1092474,-48,-6,64
1739483684.1552474,87,-25,-48
1739483684.2012477,-26,24,-30
1739483684.2462475,-21,-62,-94
1739483684.2922475,11,-65,-53
1739483684.3382475,2,13,50
1739483684.3842475,-76,6,-55
1739483684.4292476,-8,-12,-87
1739483684.4752476,-41,40,20
1739483684.5212476,1,11,72
1739483684.5662477,4,4,-156
1739483684.6122477,40,-17,19
1739483684.6582477,-14,-66,6
1739483684.7042477,-7,-64,116
1739483684.7492476,45,-1,48
1739483684.7952476,-91,-94,96
1739483684.8412476,-19,-62,79
1739483684.8862476,34,65,25
1739483684.9322476,14,-29,96
1739483684.9782476,32,1,-83
1739483685.0242476,0,-26,-2
1739483685.0692475,15,103,-91
1739483685.1152475,0,38,43
1739483685.1612475,-45,22,26
1739483685.2062476,-6,12,-58
1739483685.2522476,19,9,-35
1739483685.2982476,6,-79,53
1739483685.3442476,13,-53,-47
1739483685.3892477,40,17,116
1739483685.4352477,-81,38,-59
1739483685.4812477,-3,41,-11
1739483685.5262475,-59,-26,17
1739483685.5722475,20,-105,-40
1739483685.6182475,-72,0,25
1739483685.6642475,59,11,-40
1739483685.7092476,-34,-54,-63
1739483685.7552476,85,-133,-106
1739483685.8012476,-65,-100,61
1739483685.8462474,-3,-189,-4
1739483685.8922474,-36,104,43
1739483685.9382474,86,-127,-124
1739483685.9832475,28,-119,-41
1739483686.0292475,-51,-28,39
1739483686.0752475,-21,-14,70
1739483686.1212475,-11,-124,9
1739483686.1662476,-21,-52,-108
1739483686.2122476,-9,4,-3
1739483686.2582476,-65,-8,40
1739483686.3032477,-1,-64,6
1739483686.3492477,-65,24,-34
1739483686.3952477,-23,-40,-56
1739483686.4412477,29,-5,4
1739483686.4862475,80,23,-1
1739483686.5322475,0,96,0
1739483686.5782475,-82,26,13
1739483686.6222477,-51,-36,77
1739483686.6682477,-77,-68,-79
1739483686.7142477,-27,-60,11
1739483686.7592475,-8,48,59
1739483686.8052475,25,-25,-50
1739483686.8512475,28,-73,-20
1739483686.8972476,-32,26,15
1739483686.9422476,14,-15,-119
1739483686.9882476,-13,-42,109
1739483687.0342476,0,-18,-90
1739483687.0792477,46,-87,36
1739483687.1252477,-55,-104,39
1739483687.1712475,-51,-76,-105
1739483687.2172475,-46,26,13
1739483687.2622476,-9,84,-147
1739483687.3082476,-5,-6,33
1739483687.3542476,90,39,-61
1739483687.3992476,48,-51,-79
1739483687.4452477,40,-97,-44
1739483687.4912477,-115,-82,-8
1739483687.5372477,-31,-48,-32
1739483687.5822475,-59,114,-111
1739483687.6282475,24,-107,-35
1739483687.6742475,9,-37,-116
1739483687.7192476,99,-49,-93
1739483687.7652476,-109,8,-64
1739483687.8112476,84,-75,-37
1739483687.8572476,-49,-60,-41
1739483687.9022477,-81,-26,5
1739483687.9482474,42,-71,-58
1739483687.9942474,-67,-72,-23
1739483688.0392475,-18,-28,-80
1739483688.0852475,-37,-46,53
1739483688.1312475,-22,-163,-156
1739483688.1772475,4,-43,-38
1739483688.2222476,-18,86,-84
1739483688.2682476,53,-35,11
1739483688.3142476,36,5,28
1739483688.3592474,-4,36,-41
1739483688.4052474,5,-75,-173
1739483688.4512477,-40,-64,-76
1739483688.4972477,-49,10,-85
1739483688.5422475,-7,-6,-32
1739483688.5882475,-47,-92,-60
1739483688.6342475,-61,-18,30
1739483688.6792476,-58,-56,-162
1739483688.7252476,-10,62,4
1739483688.7712476,-126,44,-32
1739483688.8172476,-19,-46,-152
1739483688.8622477,-81,-82,-145
1739483688.9082477,6,-7,-68
1739483688.9542477,-11,-56,7
1739483688.9992476,49,-33,-47
1739483689.0452476,-23,-124,-20
1739483689.0912476,-33,-92,-37
1739483689.1372476,-41,-4,-63
1739483689.1822476,17,-9,43
1739483689.2282476,-38,-66,64
1739483689.2742476,-31,-108,-126
1739483689.3192475,46,-99,-10
1739483689.3652475,-17,-50,-18
1739483689.4112475,-38,-94,-94
1739483689.4572475,22,89,-71
1739483689.5022476,20,39,-94
1739483689.5482476,-59,-8,-1
1739483689.5942476,-84,-30,62
1739483689.6392477,27,49,-7
1739483689.6852477,8,-64,-16
1739483689.7312477,-54,-36,15
1739483689.7772477,37,-11,-24
1739483689.8222475,-26,40,-39
1739483689.8682475,34,-111,-21
1739483689.9142475,5,-76,1
1739483689.9592476,0,-44,59
1739483690.0052476,-28,-6,-74
1739483690.0512476,39,-35,13
1739483690.0972476,-12,26,-60
1739483690.1422474,2,32,-53
1739483690.1882474,26,-125,-80
1739483690.2342474,93,-3,-132
1739483690.2792475,-117,-40,-134
1739483690.3252475,-7,-128,70
1739483690.3712475,-17,-8,-27
1739483690.4172475,0,-25,26
1739483690.4622476,12,25,2
1739483690.5082476,4,-85,-81
1739483690.5542476,33,-77,-94
1739483690.5992477,-4,-3,-61
1739483690.6452477,-47,-32,1
1739483690.6912477,-57,-80,-24
1739483690.7372477,25,-71,-38
1739483690.7822475,72,-79,-22
1739483690.8282475,-2,-20,-51
1739483690.8742476,28,-131,-2
1739483690.9192476,99,-151,13
1739483690.9652476,44,29,-53
1739483691.0112476,-38,-38,-46
1739483691.0572476,-42,-152,-75
1739483691.1022477,1,-23,36
1739483691.1482477,40,157,17
1739483691.1942475,-47,-12,-50
1739483691.2392476,-3,-2,-85
1739483691.2852476,17,-149,-44
1739483691.3312476,-58,-84,83
1739483691.3772476,14,93,25
1739483691.4222476,-34,-4,23
1739483691.4682477,48,31,47
1739483691.5142477,-48,4,35
1739483691.5592475,-31,66,-27
1739483691.6052475,-33,22,-9
1739483691.6512475,-14,16,-108
1739483691.6972475,25,5,0
1739483691.7422476,23,-89,-4
1739483691.7882476,-5,-140,-80
1739483691.8342476,-5,26,-73
1739483691.8792477,46,29,11
1739483691.9252477,41,-57,33
1739483691.9712474,-55,-6,-35
1739483692.0172474,24,-129,-14
1739483692.0622475,-40,14,-14
1739483692.1082475,33,69,-16
1739483692.1542475,28,-91,-14
1739483692.1992476,7,-43,-6
1739483692.2452476,14,13,-75
1739483692.2912476,7,-23,-50
1739483692.3372476,-51,-36,-162
1739483692.3822474,-55,-108,-16
1739483692.4282477,32,-99,-77
1739483692.4742477,-71,-2,-97
1739483692.5192475,9,-5,-59
1739483692.5652475,24,-29,-45
1739483692.6112475,103,69,5
1739483692.6572475,2,-23,-43
1739483692.7022476,-29,-28,-112
1739483692.7482476,16,-29,-124
1739483692.7942476,-10,124,7
1739483692.8392477,46,-11,-83
1739483692.8852477,-72,42,42
1739483692.9312477,-30,18,-64
1739483692.9772477,37,29,-125
1739483693.0222476,9,-1,76
1739483693.0682476,-9,-96,-48
1739483693.1142476,23,-159,-72
1739483693.1592476,1,-77,23
1739483693.2052476,-38,-150,-18
1739483693.2512476,2,-21,-40
1739483693.2972476,14,-15,-26
1739483693.3422475,11,-27,14
1739483693.3882475,-29,-24,-80
1739483693.4342475,-69,142,-53
1739483693.4792476,-18,-32,-56
1739483693.5252476,63,-61,-94
1739483693.5712476,-114,-50,0
1739483693.6172476,67,21,52
1739483693.6622477,5,82,-92
1739483693.7082477,-9,-90,-65
1739483693.7542477,-19,20,-5
1739483693.7992475,-71,-120,-23
1739483693.8452475,18,-41,-5
1739483693.8912475,57,-87,58
1739483693.9372475,-21,76,-1
1739483693.9882476,-36,-48,1
1739483694.0342476,29,-105,-69
1739483694.0792477,11,-95,-45
1739483694.1252477,-20,84,-8
1739483694.1712475,67,-139,111
1739483694.2172475,-31,-66,-164
1739483694.2622476,48,-73,-50
1739483694.3082476,-76,-112,105
1739483694.3542476,1,-7,-61
1739483694.3992476,-29,-100,-74
1739483694.4452477,65,-71,-38
1739483694.4912477,35,-129,75
1739483694.5372477,-11,-140,-30
1739483694.5822475,-19,20,-14
1739483694.6282475,-17,-54,-30
1739483694.6742475,0,-103,108
1739483694.7192476,-13,-37,-67
1739483694.7652476,-61,-53,-50
1739483694.8112476,-59,83,-57
1739483694.8572476,8,3,-94
1739483694.9022477,-6,6,9
1739483694.9482474,-10,81,-2
1739483694.9942474,-26,51,-122
1739483695.0392475,-52,0,-15
1739483695.0852475,-9,-57,-56
1739483695.1312475,134,-121,-37
1739483695.1772475,-44,-24,-72
1739483695.2222476,-2,-109,-66
1739483695.2682476,22,53,-5
1739483695.3142476,-28,-85,-135
1739483695.3592474,17,31,-23
1739483695.4052474,-2,-62,26
1739483695.4512477,-9,-130,-34
1739483695.4972477,56,0,-19
1739483695.5422475,-27,-84,58
1739483695.5882475,5,-64,-161
1739483695.6342475,9,-78,9
1739483695.6792476,-5,-62,36
1739483695.7252476,-27,8,25
1739483695.7712476,-22,-42,53
1739483695.8172476,75,-65,74
1739483695.8622477,35,-107,37
1739483695.9082477,74,25,-80
1739483695.9542477,48,3,16
1739483695.9992476,-20,-74,8
1739483696.0452476,68,57,-44
1739483696.0912476,-17,-76,-37
1739483696.1372476,-16,-106,84
1739483696.1822476,9,-152,-42
1739483696.2282476,17,-79,-146
1739483696.2742476,18,21,-140
1739483696.3192475,55,29,-108
1739483696.3652475,-10,4,40
1739483696.4112475,-21,58,-22
1739483696.4572475,51,67,-59
1739483696.5022476,-79,-14,-42
1739483696.5482476,-57,0,-66
1739483696.5942476,-8,-142,-10
1739483696.6392477,-35,-18,4
1739483696.6852477,89,-81,-50
1739483696.7312477,1,-42,6
1739483696.7772477,23,-70,-26
1739483696.8222475,-83,88,-45
1739483696.8682475,-14,-48,57
1739483696.9142475,4,-36,-95
1739483696.9592476,-19,-10,-114
1739483697.0052476,9,-134,-39
1739483697.0512476,-47,-58,55
1739483697.0972476,-28,-112,-140
1739483697.1422474,46,121,-106
1739483697.1882474,8,-130,-136
1739483697.2342474,12,-57,-52
1739483697.2792475,-6,-29,69
1739483697.3252475,20,31,-87
1739483697.3712475,65,-28,-33
1739483697.4172475,9,-44,-67
1739483697.4622476,-45,-49,-28
1739483697.5082476,76,128,-8
1739483697.5542476,47,-28,-65
1739483697.5992477,15,71,7
1739483697.6452477,-32,0,-8
1739483697.6912477,77,32,-53
1739483697.7372477,-6,31,-90
1739483697.7822475,51,-11,-6
1739483697.8282475,-6,-36,78
1739483697.8742476,94,-62,-131
1739483697.9192476,-1,-49,-125
1739483697.9652476,-19,-78,-102
1739483698.0112476,82,-29,-29
1739483698.0572476,-41,-90,-89
1739483698.1022477,15,-68,-94
1739483698.1482477,-4,60,-120
1739483698.1942475,-37,19,-5
1739483698.2392476,61,66,-2
1739483698.2852476,-3,35,2
1739483698.3312476,-33,5,-27
1739483698.3772476,-30,-76,0
1739483698.4222476,9,-125,-45
1739483698.4682477,-133,-52,-33
1739483698.5142477,11,27,-64
1739483698.5592475,34,-69,-38
1739483698.6052475,99,48,32
1739483698.6512475,-30,-165,80
1739483698.6972475,44,-10,-58
1739483698.7422476,70,-15,-28
1739483698.7882476,32,-60,-62
1739483698.8342476,3,25,-80
1739483698.8792477,-88,-37,25
1739483698.9252477,86,4,-20
1739483698.9712474,-7,-162,-111
1739483699.0172474,-29,-50,33
1739483699.0622475,-37,-50,7
1739483699.1082475,35,-29,-90
1739483699.1542475,32,21,-62
1739483699.1992476,12,-3,-52
1739483699.2452476,23,57,-66
1739483699.2912476,50,63,-40
1739483699.3372476,-34,-31,-53
1739483699.3822474,-63,-41,107
1739483699.4282477,-10,-1,-132
1739483699.4742477,-9,-33,-222
1739483699.5192475,78,-43,-104
1739483699.5652475,-31,-82,-76
1739483699.6112475,-45,-10,-28
1739483699.6572475,-67,-103,-120
1739483699.7022476,3,-107,-121
1739483699.7482476,-43,28,13
1739483699.7942476,4,-78,-27
1739483699.8392477,-79,116,-68
1739483699.8852477,-36,-76,-88
1739483699.9312477,-13,-92,-104
1739483699.9772477,-4,39,-47
1739483700.0222476,-43,-70,-44
1739483700.0682476,-29,-39,10
1739483700.1142476,66,-27,-17
1739483700.1592476,-28,54,-54
1739483700.2052476,-2,17,-30
1739483700.2512476,0,103,-18
1739483700.2972476,-9,32,-142
1739483700.3422475,-31,-23,27
1739483700.3882475,18,-65,-43
1739483700.4342475,-18,-10,25
1739483700.4792476,6,7,-22
1739483700.5252476,-31,-61,-107
1739483700.5712476,-79,57,-46
1739483700.6172476,-53,115,-46
1739483700.6622477,2,-7,78
1739483700.7082477,-9,-64,-99
1739483700.7542477,-42,-11,-55
1739483700.7992475,0,-84,69
1739483700.8452475,-1,-44,-136
1739483700.8912475,65,-112,-116
1739483700.9372475,-116,26,44
1739483700.9822476,-55,122,99
1739483701.0282476,58,-45,-126
1739483701.0742476,0,29,0
1739483701.1192474,44,87,-148
1739483701.1652474,-62,-38,-55
1739483701.2112474,33,-67,-40
1739483701.2572474,-75,-11,-61
1739483701.3022475,62,72,63
1739483701.3482475,7,70,-15
1739483701.3942475,-63,-25,-14
1739483701.4392476,-51,5,-107
1739483701.4852476,36,-88,-47
1739483701.5312476,119,-11,-72
1739483701.5772476,22,1,25
1739483701.6222477,40,13,83
1739483701.6682477,24,-43,-75
1739483701.7142477,-42,-76,15
1739483701.7592475,-10,2,-118
1739483701.8052475,-27,82,9
1739483701.8512475,41,31,26
1739483701.8972476,-45,-19,140
1739483701.9422476,-32,-121,-23
1739483701.9882476,29,33,-187
1739483702.0342476,12,-74,23
1739483702.0792477,2,-79,-126
1739483702.1252477,-7,-118,16
1739483702.1712475,3,3,-59
1739483702.2172475,-6,-4,101
1739483702.2622476,-15,36,-135
1739483702.3082476,54,-140,-128
1739483702.3542476,25,-82,-115
1739483702.3992476,73,-80,-59
1739483702.4452477,40,-104,13
1739483702.4912477,65,-60,6
1739483702.5372477,-13,-60,-52
1739483702.5822475,-3,21,21
1739483702.6282475,11,6,-65
1739483702.6742475,-5,15,-101
1739483702.7192476,-13,5,-44
1739483702.7652476,104,0,-41
1739483702.8112476,33,-52,-39
1739483702.8572476,29,6,-80
1739483702.9022477,59,104,-44
1739483702.9482474,54,54,-13
1739483702.9942474,-19,41,-59
1739483703.0392475,33,78,-84
1739483703.0852475,84,-30,-11
1739483703.1312475,20,-64,-59
1739483703.1772475,-11,-103,29
1739483703.2222476,29,-88,9
1739483703.2682476,6,-6,-24
1739483703.3142476,-44,-13,-49
1739483703.3592474,-11,-45,147
1739483703.4052474,-32,-59,52
1739483703.4512477,9,-113,-30
1739483703.4972477,-18,23,126
1739483703.5422475,13,-22,-37
1739483703.5882475,22,-40,-96
1739483703.6342475,-10,-135,-28
1739483703.6792476,-3,79,-40
1739483703.7252476,60,-150,78
1739483703.7712476,17,-88,-86
1739483703.8172476,-20,77,45
1739483703.8622477,-31,-1,-102
1739483703.9082477,-32,-111,13
1739483703.9542477,-100,51,-97
1739483704.0052476,19,-84,89
1739483704.0512476,-6,-224,-20
1739483704.0972476,3,40,-64
1739483704.1422474,41,12,96
1739483704.1882474,-24,13,-86
1739483704.2342474,15,36,-63
1739483704.2792475,-17,23,-106
1739483704.3252475,-20,94,-108
1739483704.3712475,-10,-75,-103
1739483704.4172475,-13,-44,-17
1739483704.4622476,-11,-39,-18
1739483704.5082476,-31,56,33
1739483704.5542476,-34,-116,0
1739483704.5992477,18,-5,-3
1739483704.6452477,-3,-82,37
1739483704.6912477,4,-50,-162
1739483704.7372477,1,-68,-63
1739483704.7822475,-153,-43,76
1739483704.8282475,69,-20,118
1739483704.8742476,-66,-99,14
1739483704.9192476,-3,-65,-115
1739483704.9652476,-1,57,16
1739483705.0112476,-38,11,-24
1739483705.0572476,6,64,-33
1739483705.1022477,-29,47,-79
1739483705.1482477,17,80,-139
1739483705.1942475,24,-36,-65
1739483705.2392476,-40,105,-8
1739483705.2852476,-3,49,-24
1739483705.3312476,74,-94,-94
1739483705.3772476,100,-110,27
1739483705.4222476,-9,-61,-46
1739483705.4682477,-1,49,-42
1739483705.5142477,60,56,16
1739483705.5592475,-31,133,-51
1739483705.6052475,-12,48,-64
1739483705.6512475,-23,-31,64
1739483705.6972475,24,62,32
1739483705.7422476,-9,55,83
1739483705.7882476,46,-80,90
1739483705.8342476,-18,-73,-107
1739483705.8792477,23,-74,-127
1739483705.9252477,18,96,-30
1739483705.9712474,-21,-41,70
1739483706.0172474,22,48,-40
1739483706.0622475,4,24,-94
1739483706.1082475,-4,-69,-32
1739483706.1542475,33,62,-73
1739483706.1992476,-3,-112,62
1739483706.2452476,-71,97,-18
1739483706.2912476,22,46,19
1739483706.3372476,-44,-27,-128
1739483706.3822474,-19,-47,-41
1739483706.4282477,3,-66,2
1739483706.4742477,26,22,9
1739483706.5192475,22,-46,25
1739483706.5652475,5,-6,-32
1739483706.6112475,-56,3,-25
1739483706.6572475,-9,-23,-115
1739483706.7022476,-24,-55,-63
1739483706.7482476,-56,73,12
1739483706.7942476,33,56,-13
1739483706.8392477,62,-62,-52
1739483706.8852477,-16,-1,-97
1739483706.9312477,34,-48,87
1739483706.9772477,22,42,-55
1739483707.0222476,11,-36,98
1739483707.0682476,53,-78,-46
1739483707.1142476,9,18,21
1739483707.1592476,-23,-97,-2
1739483707.2052476,86,32,-66
1739483707.2512476,74,-26,-103
1739483707.2972476,97,-74,25
1739483707.3422475,-14,-97,-94
1739483707.3882475,5,-32,15
1739483707.4342475,51,-122,-67
1739483707.4792476,-30,-95,-119
1739483707.5252476,17,-56,37
1739483707.5712476,53,14,69
1739483707.6172476,53,-20,-39
1739483707.6622477,4,40,-72
1739483707.7082477,6,-16,80
1739483707.7542477,12,-101,-72
1739483707.7992475,-35,15,-67
1739483707.8452475,-1,21,107
1739483707.8912475,-7,-78,46
1739483707.9372475,-20,-25,-112
1739483707.9822476,-1,-44,-17
1739483708.0282476,-58,-5,-98
1739483708.0742476,-13,-19,-52
1739483708.1192474,17,4,38
1739483708.1652474,-14,29,-9
1739483708.2112474,-4,95,-46
1739483708.2572474,-5,29,49
1739483708.3022475,4,-150,79
1739483708.3482475,-34,-49,-30
1739483708.3942475,-5,-85,-117
1739483708.4392476,-33,-3,-18
1739483708.4852476,29,-92,-49
1739483708.5312476,13,-42,-118
1739483708.5772476,-12,-57,32
1739483708.6222477,31,20,-5
1739483708.6682477,21,52,-125
1739483708.7142477,-20,-9,-90
1739483708.7592475,-49,-71,-122
1739483708.8052475,22,-28,-8
1739483708.8512475,4,-16,-32
1739483708.8972476,34,-136,-69
1739483708.9422476,-68,-89,-4
1739483708.9882476,-39,-73,92
1739483709.0342476,-4,-53,41
1739483709.0792477,-56,81,-112
1739483709.1252477,29,50,-58
1739483709.1712475,0,-154,-149
1739483709.2172475,60,-48,12
1739483709.2622476,41,18,-15
1739483709.3082476,53,62,-112
1739483709.3542476,-3,-37,-95
1739483709.3992476,-51,-49,-51
1739483709.4452477,47,-72,-57
1739483709.4912477,-42,15,-46
1739483709.5372477,7,-4,10
1739483709.5822475,52,-28,-67
1739483709.6282475,51,-142,-46
1739483709.6742475,-16,11,-70
1739483709.7192476,-16,-83,121
1739483709.7652476,81,-96,77
1739483709.8112476,-11,-40,19
1739483709.8572476,12,-58,-112
1739483709.9022477,-19,38,-64
1739483709.9482474,2,17,25
1739483709.9942474,-3,100,-69
1739483710.0392475,-27,6,-174
1739483710.0852475,49,75,-122
1739483710.1312475,40,-53,26
1739483710.1772475,36,-79,52
1739483710.2222476,41,-23,28
1739483710.2682476,72,-55,-160
1739483710.3142476,27,-19,-32
1739483710.3592474,58,-34,-84
1739483710.4052474,-71,43,-87
1739483710.4512477,-1,3,89
1739483710.4972477,61,-56,-80
1739483710.5422475,48,-44,1
1739483710.5882475,8,-130,-81
1739483710.6342475,3,-60,-7
1739483710.6792476,14,6,-40
1739483710.7252476,61,-52,-9
1739483710.7712476,-5,-75,61
1739483710.8172476,-2,-29,71
1739483710.8622477,-21,-99,-135
1739483710.9082477,18,36,-115
1739483710.9542477,37,-90,59
1739483710.9992476,0,-53,-36
1739483711.0452476,-84,-105,-81
1739483711.0912476,63,4,9
1739483711.1372476,62,-10,68
1739483711.1822476,-16,-139,-40
1739483711.2282476,52,28,-140
1739483711.2742476,50,0,-112
1739483711.3192475,23,-70,-55
1739483711.3652475,-6,-165,-24
1739483711.4112475,-54,-69,31
1739483711.4572475,96,16,-10
1739483711.5022476,-40,-85,34
1739483711.5482476,-6,-77,7
1739483711.5942476,17,-62,-53
1739483711.6392477,39,-12,-16
1739483711.6852477,-19,-61,-155
1739483711.7312477,-33,-39,-65
1739483711.7772477,5,-43,-3
1739483711.8222475,38,-50,-36
1739483711.8682475,-82,-83,-144
1739483711.9142475,-104,59,20
1739483711.9592476,17,-48,-50
1739483712.0052476,69,8,33
1739483712.0512476,-45,-105,-59
1739483712.0972476,20,-114,28
1739483712.1422474,-43,23,-115
1739483712.1882474,14,20,-40
1739483712.2342474,58,-32,-130
1739483712.2792475,19,-36,8
1739483712.3252475,-18,-127,41
1739483712.3712475,35,-112,46
1739483712.4172475,-69,61,-8
1739483712.4622476,48,44,-61
1739483712.5082476,-81,-103,-8
1739483712.5542476,-64,-25,53
1739483712.5992477,-10,-101,0
1739483712.6452477,55,-132,14
1739483712.6912477,0,53,-80
1739483712.7352476,15,-114,50
1739483712.7812476,-18,-3,-38
1739483712.8272476,-26,-67,7
1739483712.8732476,16,-76,-129
1739483712.9182477,-6,-87,55
1739483712.9642477,-17,31,-30
1739483713.0102477,-2,-3,29
1739483713.0552475,51,30,54
1739483713.1012475,-21,-147,33
1739483713.1472476,11,-56,42
1739483713.1932476,-59,-71,-74
1739483713.2382476,34,-62,54
1739483713.2842476,-55,-89,-11
1739483713.3302476,36,-50,0
1739483713.3752477,-42,-59,33
1739483713.4212475,-21,3,53
1739483713.4672475,70,22,-90
1739483713.5132475,-68,-59,3
1739483713.5582476,-72,-33,-69
1739483713.6042476,63,-66,-63
1739483713.6502476,26,-40,-13
1739483713.6952477,53,-50,12
1739483713.7412477,-11,-165,-21
1739483713.7872477,8,-86,-16
1739483713.8332477,26,-78,-30
1739483713.8782475,-64,-47,39
1739483713.9242475,12,-126,-6
1739483713.9702475,-23,73,20
1739483714.0212476,2,55,0
1739483714.0672476,-47,-35,-19
1739483714.1132476,56,-70,-102
1739483714.1582477,15,-84,-54
1739483714.2042477,55,-22,-78
1739483714.2502477,-58,-149,82
1739483714.2952476,-68,-7,18
1739483714.3412476,-39,11,-70
1739483714.3872476,4,44,-153
1739483714.4332476,20,-102,-116
1739483714.4782476,35,-58,-123
1739483714.5242476,42,-6,-145
1739483714.5702477,-11,-45,3
1739483714.6152475,-26,-5,49
1739483714.6612475,36,16,48
1739483714.7072475,-27,-97,99
1739483714.7532475,41,-76,25
1739483714.7982476,54,106,-49
1739483714.8442476,10,74,71
1739483714.8902476,-28,-15,-22
1739483714.9352477,-1,43,-46
1739483714.9812477,9,-40,-164
1739483715.0272477,28,-40,-101
1739483715.0732474,35,-128,2
1739483715.1182475,-44,-125,-95
1739483715.1642475,-49,-41,-65
1739483715.2102475,-25,-77,-16
1739483715.2552476,-47,21,-66
1739483715.3012476,-4,-37,-109
1739483715.3472476,-52,-87,-22
1739483715.3932476,8,-16,-43
1739483715.4382474,54,-46,-98
1739483715.4842474,62,48,-133
1739483715.5302474,4,-76,8
1739483715.5752475,-18,-107,-24
1739483715.6212475,18,-38,-75
1739483715.6672475,-17,-43,30
1739483715.7132475,-24,-87,13
1739483715.7582476,0,12,-21
1739483715.8042476,-10,47,-21
1739483715.8502476,-21,-101,-37
1739483715.8952477,4,-2,-85
1739483715.9412477,-11,-105,-11
1739483715.9872477,16,-48,-124
1739483716.0332477,2,113,21
1739483716.0782475,0,88,-137
1739483716.1242476,-27,-45,58
1739483716.1702476,66,-144,-100
1739483716.2152476,-52,19,-25
1739483716.2612476,11,-48,-60
1739483716.3072476,29,-12,-68
1739483716.3532476,-62,27,-55
1739483716.3982477,43,-140,-84
1739483716.4442475,67,-104,-65
1739483716.4912477,4,-122,15
1739483716.5372477,-1,24,-59
1739483716.5822475,-37,1,-112
1739483716.6282475,-119,-143,31
1739483716.6742475,-3,-41,-119
1739483716.7192476,9,-44,-8
1739483716.7652476,69,-116,-90
1739483716.8112476,74,52,99
1739483716.8572476,-71,11,10
1739483716.9022477,94,16,48
1739483716.9482474,-21,-15,-22
1739483716.9942474,-19,-45,45
1739483717.0392475,22,-66,90
1739483717.0852475,15,-103,21
1739483717.1312475,35,-16,-51
1739483717.1772475,-14,0,-108
1739483717.2222476,18,-46,-18
1739483717.2682476,76,50,-3
1739483717.3142476,60,-30,-26
1739483717.3592474,0,-25,14
1739483717.4052474,-35,-39,-23
1739483717.4512477,54,-66,64
1739483717.4972477,9,-60,19
1739483717.5422475,-25,-105,-103
1739483717.5882475,24,0,39
1739483717.6342475,-18,-23,-74
1739483717.6792476,-68,-65,-121
1739483717.7252476,-38,37,38
1739483717.7712476,-31,67,-62
1739483717.8172476,-54,39,23
1739483717.8622477,39,34,-55
1739483717.9082477,-35,-53,30
1739483717.9542477,61,-30,33
1739483717.9992476,-43,-131,-44
1739483718.0452476,38,-44,-123
1739483718.0912476,-57,57,0
1739483718.1362476,-22,-15,-97
1739483718.1822476,48,-180,-53
1739483718.2282476,-9,21,-41
1739483718.2742476,-91,17,33
1739483718.3192475,-27,-61,-29
1739483718.3652475,12,-119,39
1739483718.4112475,2,-16,-61
1739483718.4572475,-50,-33,56
1739483718.5022476,73,0,42
1739483718.5482476,-44,-63,-8
1739483718.5942476,55,26,-123
1739483718.6392477,6,4,-40
1739483718.6852477,-71,71,-109
1739483718.7312477,25,-158,48
1739483718.7772477,-83,-97,12
1739483718.8222475,13,26,85
1739483718.8682475,-40,0,-4
1739483718.9142475,1,-21,45
1739483718.9592476,-19,-90,-60
1739483719.0052476,-35,10,5
1739483719.0512476,-67,-40,-56
1739483719.0962474,-15,-100,-70
1739483719.1422474,-88,-26,-78
1739483719.1882474,-47,-88,-63
1739483719.2342474,-18,20,22
1739483719.2792475,46,-101,-64
1739483719.3252475,43,3,-6
1739483719.3712475,-32,2,-151
1739483719.4162476,-15,-136,16
1739483719.4622476,4,-47,37
1739483719.5082476,-67,36,57
1739483719.5542476,71,-63,94
1739483719.5992477,-73,-48,-42
1739483719.6452477,-55,-92,76
1739483719.6912477,-20,-12,65
1739483719.7362475,12,-111,16
1739483719.7822475,-17,32,-14
1739483719.8282475,6,-19,12
1739483719.8742476,16,-1,-51
1739483719.9192476,80,77,-117
1739483719.9652476,-26,-128,-25
1739483720.0112476,33,-15,-65
1739483720.0562477,43,77,-67
1739483720.1022477,18,81,-6
1739483720.1482477,16,23,-26
1739483720.1942475,32,-95,16
1739483720.2392476,-94,-72,-72
1739483720.2852476,5,63,66
1739483720.3312476,-51,-14,-30
1739483720.3762476,55,51,-73
1739483720.4222476,-29,2,-34
1739483720.4682477,24,65,-107
1739483720.5142477,19,-77,-28
1739483720.5592475,-33,44,62
1739483720.6052475,28,77,33
1739483720.6512475,32,-175,-48
1739483720.6962476,20,43,27
1739483720.7422476,-38,-14,-3
1739483720.7882476,-9,42,-29
1739483720.8342476,18,-105,17
1739483720.8792477,49,-115,81
1739483720.9252477,-16,-72,4
1739483720.9712474,49,-23,-8
1739483721.0162475,-7,24,-16
1739483721.0622475,-1,76,-10
1739483721.1082475,4,19,-41
1739483721.1542475,3,-101,-41
1739483721.1992476,-19,-70,-116
1739483721.2452476,21,59,-20
1739483721.2912476,-91,-126,0
1739483721.3362474,-57,-118,-67
1739483721.3822474,-13,22,-7
1739483721.4282477,-49,-80,-88
1739483721.4742477,22,-25,-190
1739483721.5192475,-2,-54,22
1739483721.5652475,55,-193,0
1739483721.6112475,-21,-66,-42
1739483721.6562476,-11,38,67
1739483721.7022476,0,-70,19
1739483721.7482476,-36,26,40
1739483721.7942476,0,-70,45
1739483721.8392477,-28,34,4
1739483721.8852477,37,79,-17
1739483721.9312477,39,-99,-179
1739483721.9762475,85,-123,-31
1739483722.0222476,-23,-80,12
1739483722.0682476,-16,28,-94
1739483722.1142476,-10,-170,-87
1739483722.1592476,-13,46,25
1739483722.2052476,-34,-126,0
1739483722.2512476,-44,-182,-82
1739483722.2962475,4,-65,5
1739483722.3422475,-34,-26,-69
1739483722.3882475,-3,-7,113
1739483722.4342475,61,-15,-64
1739483722.4792476,39,-89,-119
1739483722.5252476,-70,18,18
1739483722.5712476,41,-49,-66
1739483722.6162477,21,-119,-2
1739483722.6622477,40,-113,-71
1739483722.7082477,-78,-38,-26
1739483722.7542477,-29,-14,-20
1739483722.7992475,39,-19,-37
1739483722.8452475,29,-35,65
1739483722.8912475,36,-81,96
1739483722.9362476,-66,-100,-56
1739483722.9822476,7,0,50
1739483723.0282476,-23,-54,-19
1739483723.0742476,-51,28,69
1739483723.1192474,30,-51,33
1739483723.1652474,37,-123,-73
1739483723.2112474,76,43,-150
1739483723.2562475,16,-89,-53
1739483723.3022475,7,-104,71
1739483723.3482475,-19,-66,-85
1739483723.3942475,-50,10,-89
1739483723.4392476,8,-53,-58
1739483723.4852476,-83,-22,29
1739483723.5312476,-35,-94,15
1739483723.5762477,-22,-160,-55
1739483723.6222477,56,-7,-78
1739483723.6682477,45,-113,73
1739483723.7142477,89,-85,16
1739483723.7592475,56,-91,6
1739483723.8052475,0,-77,-73
1739483723.8512475,-40,10,49
1739483723.8962476,-26,-10,-95
1739483723.9422476,53,-127,-109
1739483723.9882476,59,-15,0
1739483724.0392475,75,127,-45
1739483724.0852475,20,5,-77
1739483724.1312475,43,51,-13
1739483724.1762476,70,-1,-18
1739483724.2222476,-65,-76,-86
1739483724.2682476,56,-19,-19
1739483724.3142476,-13,74,-153
1739483724.3592474,-9,-68,70
1739483724.4052474,28,-13,34
1739483724.4512477,-62,10,-23
1739483724.4962475,-19,-6,77
1739483724.5422475,9,-57,-12
1739483724.5882475,32,-75,58
1739483724.6342475,-28,-100,-118
1739483724.6792476,38,-79,-41
1739483724.7252476,43,-87,50
1739483724.7712476,31,-87,-85
1739483724.8162477,17,-17,-134
1739483724.8622477,3,2,29
1739483724.9082477,32,-25,71
1739483724.9542477,-23,-144,-67
1739483724.9992476,-125,30,0
1739483725.0452476,-28,90,4
1739483725.0912476,-75,-44,-18
1739483725.1362476,-1,-48,-6
1739483725.1822476,-73,8,-31
1739483725.2282476,13,-15,-44
1739483725.2742476,35,-121,-36
1739483725.3192475,-1,-36,25
1739483725.3652475,0,-31,-107
1739483725.4112475,-41,66,2
1739483725.4562476,-37,16,15
1739483725.5022476,26,29,-50
1739483725.5482476,-3,-44,-24
1739483725.5942476,39,-27,-61
1739483725.6392477,5,-49,23
1739483725.6852477,-19,48,-93
1739483725.7312477,51,-11,-65
1739483725.7762475,63,53,94
1739483725.8222475,0,-14,-62
1739483725.8682475,-3,31,0
1739483725.9142475,-37,22,-2
1739483725.9592476,-109,-48,-75
1739483726.0052476,-20,90,-120
1739483726.0512476,34,5,-43
1739483726.0962474,-5,7,-54
1739483726.1422474,-24,-4,-45
1739483726.1882474,-39,80,15
1739483726.2342474,94,-85,85
1739483726.2792475,-10,14,-117
1739483726.3252475,67,27,-37
1739483726.3712475,-63,-60,73
1739483726.4162476,65,-83,-22
1739483726.4622476,-10,-124,-63
1739483726.5082476,-74,-56,-47
1739483726.5542476,-2,-30,34
1739483726.5992477,0,-20,-109
1739483726.6452477,-37,-78,-78
1739483726.6912477,29,25,-54
1739483726.7362475,71,-51,80
1739483726.7822475,34,-85,0
1739483726.8282475,11,-11,25
1739483726.8742476,70,-1,-73
1739483726.9192476,-69,-114,-97
1739483726.9652476,59,21,-18
1739483727.0112476,56,-39,-96
1739483727.0562477,-61,-80,-22
1739483727.1022477,28,7,-130
1739483727.1482477,80,-29,-85
1739483727.1942475,45,-111,-69
1739483727.2392476,18,-7,-69
1739483727.2852476,42,-117,-168
1739483727.3312476,-11,19,-13
1739483727.3762476,19,-98,-113
1739483727.4222476,56,-45,-35
1739483727.4682477,-47,-49,69
1739483727.5142477,50,-134,-3
1739483727.5592475,16,72,-118
1739483727.6052475,3,12,26
1739483727.6512475,6,9,-82
1739483727.6962476,-36,20,-40
1739483727.7422476,-17,-58,-101
1739483727.7882476,-104,-46,-112
1739483727.8342476,53,-17,-6
1739483727.8792477,-8,14,-33
1739483727.9252477,-39,36,-74
1739483727.9712474,-66,-72,-37
1739483728.0162475,43,-60,106
1739483728.0622475,-5,27,-51
1739483728.1082475,46,-68,46
1739483728.1542475,-18,-137,-96
1739483728.1982474,12,-78,71
1739483728.2442474,-41,-65,-33
1739483728.2902474,-92,-57,11
1739483728.3352475,-34,-135,-74
1739483728.3812475,1,-76,46
1739483728.4272475,19,-32,-82
1739483728.4722476,45,-54,-15
1739483728.5182476,82,-85,27
1739483728.5642476,-32,-112,54
1739483728.6102476,10,-77,-41
1739483728.6552474,19,1,-86
1739483728.7012477,-41,-80,-52
1739483728.7472477,32,-77,31
1739483728.7922475,-21,-52,32
1739483728.8382475,9,3,-43
1739483728.8842475,67,-65,-124
1739483728.9302475,15,-70,-90
1739483728.9752476,30,25,-93
1739483729.0212476,52,-59,-29
1739483729.0672476,55,-75,-65
1739483729.1122477,-44,18,-7
1739483729.1582477,-58,66,22
1739483729.2042477,-6,-84,-29
1739483729.2502477,66,-131,-22
1739483729.2952476,14,-31,13
1739483729.3412476,-75,50,-93
1739483729.3872476,8,0,-119
1739483729.4322476,-32,28,-194
1739483729.4782476,-30,40,-126
1739483729.5242476,-17,-100,-62
1739483729.5702477,42,-17,-19
1739483729.6152475,8,-58,-8
1739483729.6612475,11,-51,-43
1739483729.7072475,9,-116,43
1739483729.7522476,-53,-71,107
1739483729.7982476,14,-122,-79
1739483729.8442476,-60,54,-81
1739483729.8902476,43,103,-171
1739483729.9352477,71,-75,37
1739483729.9812477,-38,10,-1
1739483730.0272477,-55,58,40
1739483730.0722475,-23,-60,-61
1739483730.1182475,8,-19,-42
1739483730.1642475,49,1,-122
1739483730.2102475,-96,-92,60
1739483730.2552476,96,-110,-13
1739483730.3012476,36,-148,-45
1739483730.3472476,-6,-72,-72
1739483730.3922474,22,-18,-95
1739483730.4382474,-35,94,56
1739483730.4842474,-51,-116,54
1739483730.5302474,-45,-34,-108
1739483730.5752475,0,53,-36
1739483730.6212475,96,51,7
1739483730.6672475,-14,-52,-80
1739483730.7122476,-4,-2,-62
1739483730.7582476,23,-88,-35
1739483730.8042476,-30,-124,-133
1739483730.8502476,-17,113,-67
1739483730.8952477,-81,-141,-14
1739483730.9412477,34,-35,-48
1739483730.9872477,2,19,-158
1739483731.0322475,97,-7,-61
1739483731.0782475,-30,-16,-60
1739483731.1242476,57,-17,-104
1739483731.1702476,2,44,-64
1739483731.2152476,3,46,13
1739483731.2612476,-13,16,-119
1739483731.3072476,12,55,9
1739483731.3522477,66,-66,83
1739483731.3982477,-15,-130,29
1739483731.4442475,111,-49,98
1739483731.4902475,6,-12,-39
1739483731.5352476,-8,-128,-172
1739483731.5812476,10,-107,-115
1739483731.6272476,0,-82,-77
1739483731.6722476,-51,5,-29
1739483731.7182477,28,60,19
1739483731.7642477,39,6,1
1739483731.8102477,11,7,31
1739483731.8552475,45,-71,-38
1739483731.9012475,-116,11,15
1739483731.9472475,-46,39,-47
1739483731.9922476,1,-158,2
1739483732.0382476,26,11,-119
1739483732.0842476,-18,79,-99
1739483732.1302476,-26,-15,-18
1739483732.1752477,-29,-15,6
1739483732.2212474,-43,-58,-79
1739483732.2672474,6,-26,-32
1739483732.3122475,25,8,-70
1739483732.3582475,-55,-79,57
1739483732.4042475,-48,1,0
1739483732.4502475,6,84,31
1739483732.4952476,-14,-32,-88
1739483732.5412476,-13,2,-12
1739483732.5872476,34,59,-76
1739483732.6322474,65,29,-42
1739483732.6782477,-2,-56,-37
1739483732.7242477,-40,-170,0
1739483732.7702477,-32,18,0
1739483732.8152475,-10,-167,-81
1739483732.8612475,-45,4,29
1739483732.9072475,-37,-27,-54
1739483732.9522476,-8,15,-122
1739483732.9982476,21,-33,-62
1739483733.0442476,0,-66,8
1739483733.0902476,-43,64,6
1739483733.1352477,-21,-80,-29
1739483733.1812477,-61,12,-11
1739483733.2272477,-41,-12,-5
1739483733.2722476,40,3,-19
1739483733.3182476,-3,24,-4
1739483733.3642476,1,-62,28
1739483733.4102476,53,103,47
1739483733.4552476,-115,-62,-4
1739483733.5012476,26,38,93
1739483733.5472476,-60,-15,19
1739483733.5922475,-33,-33,8
1739483733.6382475,-54,25,-8
1739483733.6842475,-17,-59,-10
1739483733.7302475,5,-20,-5
1739483733.7752476,63,-8,-118
1739483733.8212476,-6,21,-109
1739483733.8672476,14,-58,-94
1739483733.9122477,77,-62,-73
1739483733.9582477,-18,-45,-64
1739483734.0082476,62,20,-77
1739483734.0542476,23,-16,-74
1739483734.1002476,43,-45,-77
1739483734.1462476,38,-35,2
1739483734.1912477,-61,212,-43
1739483734.2372477,-25,-38,5
1739483734.2832477,-53,120,38
1739483734.3282475,-23,-25,-134
1739483734.3742476,81,-28,-17
1739483734.4202476,-22,-195,-106
1739483734.4662476,36,-22,9
1739483734.5112476,54,-144,-89
1739483734.5572476,2,42,-13
1739483734.6032476,54,-90,-3
1739483734.6482477,55,-112,-37
1739483734.6942475,96,-76,17
1739483734.7402475,11,-60,42
1739483734.7862475,25,-54,-128
1739483734.8312476,7,0,-202
1739483734.8772476,23,-12,51
1739483734.9232476,-46,-41,-203
1739483734.9682477,-48,1,-71
1739483735.0142477,-33,-51,-40
1739483735.0602477,-75,9,-21
1739483735.1062477,-58,61,-77
1739483735.1512475,-3,0,-23
1739483735.1972475,-29,93,-67
1739483735.2432475,45,-48,-33
1739483735.2882476,-9,-1,79
1739483735.3342476,6,93,-94
1739483735.3802476,19,49,-7
1739483735.4262476,-81,-48,-128
1739483735.4712474,-9,-58,54
1739483735.5172474,-40,-140,30
1739483735.5632474,-9,-84,58
1739483735.6082475,89,-21,3
1739483735.6542475,-63,8,-140
1739483735.7002475,-1,47,19
1739483735.7462475,19,-181,-68
1739483735.7912476,28,-65,-54
1739483735.8372476,57,7,-60
1739483735.8832476,-95,-64,5
1739483735.9282477,-5,18,-135
1739483735.9742477,36,-82,-26
1739483736.0202477,50,-34,16
1739483736.0662477,97,-64,-37
1739483736.1112475,-16,-11,-113
1739483736.1572475,-5,43,-26
1739483736.2032475,-12,121,4
1739483736.2482476,2,-108,79
1739483736.2942476,-21,9,-57
1739483736.3402476,-77,-75,-10
1739483736.3862476,81,-96,-135
1739483736.4312477,24,-42,-8
1739483736.4772477,-5,-143,21
1739483736.5232477,-67,11,-73
1739483736.5682476,-32,-64,-38
1739483736.6142476,-69,-34,-82
1739483736.6602476,5,-41,-61
1739483736.7062476,-16,80,19
1739483736.7512476,-8,-19,78
1739483736.7972476,49,-7,-93
1739483736.8432477,-49,-104,25
1739483736.8882475,-43,-88,14
1739483736.9342475,-6,54,-43
1739483736.9802475,69,-139,24
1739483737.0262475,-38,-5,-42
1739483737.0712476,50,112,-31
1739483737.1172476,-24,13,0
1739483737.1632476,1,71,-24
1739483737.2082477,0,-54,-82
1739483737.2542477,-21,-51,-117
1739483737.3002477,-11,-13,28
1739483737.3462474,-10,0,-87
1739483737.3912475,3,-86,11
1739483737.4372475,-32,-15,-15
1739483737.4832475,-12,-80,101
1739483737.5282476,-38,-106,-67
1739483737.5742476,1,-42,-1
1739483737.6202476,-15,26,8
1739483737.6662476,-61,30,86
1739483737.7112474,-61,-156,39
1739483737.7572474,-81,42,-35
1739483737.8032477,-31,-6,-96
1739483737.8482475,-18,-145,-65
1739483737.8942475,-34,-43,24
1739483737.9402475,-10,-15,-60
1739483737.9862475,-66,-34,-63
1739483738.0312476,27,-52,-117
1739483738.0772476,40,-52,-38
1739483738.1232476,0,-40,-7
1739483738.1682477,-37,9,-63
1739483738.2142477,-27,1,-62
1739483738.2602477,-46,-174,-46
1739483738.3062477,17,25,68
1739483738.3512475,14,29,-36
1739483738.3972476,-35,-32,59
1739483738.4432476,19,-25,-53
1739483738.4882476,-16,80,-49
1739483738.5342476,-8,0,-18
1739483738.5802476,69,59,-12
1739483738.6262476,-4,71,-48
1739483738.6712475,37,36,45
1739483738.7172475,8,28,30
1739483738.7632475,-37,-123,14
1739483738.8082476,-19,-35,-106
1739483738.8542476,-29,-87,39
1739483738.9002476,7,-65,-34
1739483738.9462476,-26,-113,-106
1739483738.9912477,21,-132,3
1739483739.0372477,-2,-107,107
1739483739.0832477,12,4,-34
1739483739.1282475,-17,-17,24
1739483739.1742475,-12,-7,-3
1739483739.2202475,-5,-9,132
1739483739.2662475,-87,27,-146
1739483739.3112476,-22,-113,-58
1739483739.3572476,1,75,38
1739483739.4032476,48,-136,-11
1739483739.4482474,-36,-48,-39
1739483739.4942474,-7,-102,-177
1739483739.5402474,-44,-60,-124
1739483739.5862474,36,45,-41
1739483739.6312475,-49,-3,-54
1739483739.6772475,53,-25,-8
1739483739.7232475,-32,30,-57
1739483739.7682476,0,-104,-22
1739483739.8142476,30,-88,-1
1739483739.8602476,-15,51,55
1739483739.9062476,24,111,92
1739483739.9512477,-1,-52,-34
1739483739.9972477,-64,-152,-13
1739483740.0432477,36,37,-133
1739483740.0882475,20,55,-48
1739483740.1342475,95,-113,-26
1739483740.1802475,58,9,-4
1739483740.2262475,26,-119,-90
1739483740.2712476,-25,-26,-142
1739483740.3172476,83,-109,-112
1739483740.3632476,-7,45,-20
1739483740.4082477,-73,-49,-75
1739483740.4542477,29,75,30
1739483740.5002477,44,-90,-7
1739483740.5462475,17,-32,-124
1739483740.5912476,48,-160,-41
1739483740.6372476,-29,9,-53
1739483740.6832476,0,-84,-26
1739483740.7282476,20,-12,0
1739483740.7742476,21,20,0
1739483740.8202477,51,103,-75
1739483740.8662477,18,-46,-52
1739483740.9112475,26,-50,-76
1739483740.9572475,7,9,19
1739483741.0032475,-43,-25,-29
1739483741.0482476,-16,-101,-118
1739483741.0942476,8,22,15
1739483741.1402476,-18,-91,18
1739483741.1862476,-40,13,-61
1739483741.2312477,50,-76,12
1739483741.2772477,-81,-111,-102
1739483741.3232474,-47,-101,26
1739483741.3682475,58,50,-46
1739483741.4142475,43,66,-68
1739483741.4602475,-45,-29,-97
1739483741.5062475,1,29,-28
1739483741.5512476,68,24,-146
1739483741.5972476,8,38,41
1739483741.6432476,-45,-129,6
1739483741.6882474,40,62,-9
1739483741.7342474,-17,-25,-84
1739483741.7802474,-15,39,20
1739483741.8262477,64,-100,-113
1739483741.8712475,9,10,-52
1739483741.9172475,1,-66,-51
1739483741.9632475,-28,-191,89
1739483742.0082476,61,42,-31
1739483742.0542476,-14,-25,-3
1739483742.1002476,19,-38,-74
1739483742.1462476,71,-26,-25
1739483742.1912477,44,-52,80
1739483742.2372477,-72,-77,151
1739483742.2832477,-18,11,-5
1739483742.3282475,-81,81,-7
1739483742.3742476,31,36,-104
1739483742.4202476,-32,74,-31
1739483742.4662476,-19,-31,-36
1739483742.5112476,90,102,-67
1739483742.5572476,-43,-3,3
1739483742.6042476,-9,-11,-111
1739483742.6502476,102,20,-20
1739483742.6952477,40,-50,-12
1739483742.7412477,58,0,6
1739483742.7872477,-27,27,29
1739483742.8322475,-65,19,-115
1739483742.8782475,-108,-9,-52
1739483742.9242475,8,-103,-67
1739483742.9702475,-10,-33,-51
1739483743.0152476,-33,0,-38
1739483743.0612476,-33,-154,0
1739483743.1072476,10,-27,-33
1739483743.1522477,51,-85,-28
1739483743.1982474,59,67,4
1739483743.2442474,82,-35,18
1739483743.2902474,18,-5,7
1739483743.3352475,16,-50,-23
1739483743.3812475,10,-50,-120
1739483743.4272475,-1,24,55
1739483743.4722476,38,60,-1
1739483743.5182476,136,-48,-19
1739483743.5642476,58,-188,-94
1739483743.6102476,-29,-55,-15
1739483743.6552474,29,4,87
1739483743.7012477,27,-54,87
1739483743.7472477,-16,7,-4
1739483743.7922475,-91,-27,-1
1739483743.8382475,-84,63,-65
1739483743.8842475,33,-15,-41
1739483743.9302475,93,-13,-27
1739483743.9752476,-44,-100,0
1739483744.0272477,103,-7,-7
1739483744.0722475,-25,-52,11
1739483744.1182475,50,-68,-66
1739483744.1642475,64,-116,84
1739483744.2102475,13,-56,-27
1739483744.2552476,41,-166,37
1739483744.3012476,23,-54,19
1739483744.3472476,-13,-59,-43
1739483744.3922474,0,-70,-28
1739483744.4382474,64,90,1
1739483744.4842474,-11,-11,40
1739483744.5302474,-1,-92,-51
1739483744.5752475,26,-12,62
1739483744.6212475,-21,47,-4
1739483744.6672475,-68,-109,-4
1739483744.7122476,-101,25,15
1739483744.7582476,-8,-63,22
1739483744.8042476,63,-112,-120
1739483744.8502476,-10,15,-38
1739483744.8952477,-37,-33,-39
1739483744.9412477,-45,-71,0
1739483744.9872477,-46,33,-92
1739483745.0322475,37,20,73
1739483745.0782475,64,26,69
1739483745.1242476,34,-100,2
1739483745.1702476,-37,-125,-187
1739483745.2152476,97,66,-69
1739483745.2612476,-38,-11,-11
1739483745.3072476,-10,-11,-37
1739483745.3522477,77,-138,-54
1739483745.3982477,31,14,-78
1739483745.4442475,-9,-3,-90
1739483745.4902475,-43,5,-58
1739483745.5352476,66,-166,-66
1739483745.5812476,-78,-11,-28
1739483745.6272476,-12,-69,-173
1739483745.6722476,-38,25,-111
1739483745.7182477,-31,-3,-7
1739483745.7642477,-12,-95,26
1739483745.8102477,64,-56,-16
1739483745.8552475,34,-64,-35
1739483745.9012475,54,-124,-112
1739483745.9472475,81,-74,72
1739483745.9922476,19,-112,-57
1739483746.0382476,-32,31,-73
1739483746.0842476,61,56,49
1739483746.1302476,-28,39,2
1739483746.1752477,-23,103,-39
1739483746.2212474,-50,-33,-14
1739483746.2672474,30,-46,-10
1739483746.3122475,5,-62,-55
1739483746.3582475,-81,-17,53
1739483746.4042475,-31,61,-30
1739483746.4502475,35,-126,-99
1739483746.4952476,22,0,-145
1739483746.5412476,-44,9,-31
1739483746.5872476,-55,-89,13
1739483746.6322474,-23,-15,-13
1739483746.6782477,-20,35,-112
1739483746.7242477,-41,-67,29
1739483746.7702477,-63,-153,-27
1739483746.8152475,30,-118,-186
1739483746.8612475,-31,-19,28
1739483746.9072475,67,22,-89
1739483746.9522476,25,6,11
1739483746.9982476,12,-82,-30
1739483747.0442476,47,-30,-28
1739483747.0902476,-15,-45,-94
1739483747.1352477,14,-138,-14
1739483747.1812477,-4,49,-112
1739483747.2272477,-29,-43,-170
1739483747.2722476,-48,-1,121
1739483747.3182476,-8,-110,-72
1739483747.3642476,-2,-25,-26
1739483747.4102476,24,13,-11
1739483747.4552476,27,35,-5
1739483747.5012476,70,-9,-20
1739483747.5472476,36,-89,-107
1739483747.5922475,-34,10,17
1739483747.6382475,7,65,79
1739483747.6842475,50,-69,-23
1739483747.7302475,-28,-126,7
1739483747.7752476,-69,-10,-100
1739483747.8212476,22,-21,-144
1739483747.8672476,-84,86,-54
1739483747.9122477,84,-1,0
1739483747.9582477,65,-101,-160
1739483748.0042477,63,-49,-84
1739483748.0502477,113,55,-73
1739483748.0952475,-5,-86,-67
1739483748.1412475,17,25,-107
1739483748.1872475,-46,-44,0
1739483748.2322476,-40,-8,0
1739483748.2782476,82,-47,-6
1739483748.3242476,24,101,6
1739483748.3702476,4,-107,-96
1739483748.4152474,-53,-144,21
1739483748.4612474,87,0,-12
1739483748.5072474,88,67,-50
1739483748.5522475,34,0,23
1739483748.5982475,29,-115,-14
1739483748.6442475,22,-51,-113
1739483748.6902475,-3,-32,39
1739483748.7352476,-72,46,-97
1739483748.7812476,40,111,-63
1739483748.8272476,-47,44,-82
1739483748.8722477,-59,36,19
1739483748.9182477,-3,14,-113
1739483748.9642477,49,0,-35
1739483749.0102477,7,-52,-56
1739483749.0552475,81,-33,-64
1739483749.1012475,73,9,31
1739483749.1472476,3,-107,-10
1739483749.1922476,12,-39,-37
1739483749.2382476,-50,46,-25
1739483749.2842476,-36,-64,-62
1739483749.3302476,76,-77,-51
1739483749.3752477,-42,114,-81
1739483749.4212475,-134,74,23
1739483749.4672475,29,17,20
1739483749.5122476,49,-125,27
1739483749.5582476,39,-123,63
1739483749.6042476,20,-67,4
1739483749.6502476,63,-67,-38
1739483749.6952477,-27,-44,-54
1739483749.7412477,-39,-152,-62
1739483749.7872477,-21,-20,27
1739483749.8322475,-20,-48,-116
1739483749.8782475,-66,-100,-85
1739483749.9242475,71,-73,-130
1739483749.9702475,112,3,-52
1739483750.0152476,34,-65,-221
1739483750.0612476,15,31,-55
1739483750.1072476,18,49,0
1739483750.1522477,5,21,-88
1739483750.1982474,103,-111,-92
1739483750.2442474,15,31,48
1739483750.2902474,25,11,1
1739483750.3352475,-31,-50,-34
1739483750.3812475,20,23,41
1739483750.4272475,30,-43,-12
1739483750.4722476,57,-77,-27
1739483750.5182476,8,-171,-97
1739483750.5642476,-9,100,-13
1739483750.6102476,39,-121,-117
1739483750.6552474,22,17,-28
1739483750.7012477,-76,-66,-72
1739483750.7472477,-14,-24,-74
1739483750.7922475,-23,-86,-54
1739483750.8382475,43,97,-13
1739483750.8842475,-82,-78,-13
1739483750.9302475,-62,26,-15
1739483750.9752476,-27,-148,-80
1739483751.0212476,28,-33,-107
1739483751.0672476,-84,16,-56
1739483751.1122477,81,-50,-90
1739483751.1582477,44,-34,-32
1739483751.2042477,31,-58,-61
1739483751.2502477,-16,-53,-57
1739483751.2952476,7,-72,-38
1739483751.3412476,1,37,-77
1739483751.3872476,52,-41,-6
1739483751.4322476,91,67,13
1739483751.4782476,40,5,24
1739483751.5242476,6,-44,63
1739483751.5702477,-24,-172,-125
1739483751.6152475,-94,46,-37
1739483751.6612475,28,8,-77
1739483751.7072475,-10,-61,-31
1739483751.7522476,-47,-61,-99
1739483751.7982476,69,-224,20
1739483751.8442476,23,-30,112
1739483751.8902476,-33,46,-59
1739483751.9352477,46,16,100
1739483751.9812477,0,-15,57
1739483752.0272477,28,-9,-4
1739483752.0722475,9,-99,-7
1739483752.1182475,-2,-127,-12
1739483752.1642475,101,42,49
1739483752.2102475,-50,-3,-16
1739483752.2552476,-47,43,17
1739483752.3012476,-50,1,-102
1739483752.3472476,54,-11,18
1739483752.3922474,-59,-14,-5
1739483752.4382474,16,-67,36
1739483752.4842474,-15,-24,-25
1739483752.5292475,-35,-44,-90
1739483752.5752475,-32,-108,42
1739483752.6212475,28,-89,0
1739483752.6672475,90,20,11
1739483752.7122476,-46,-7,-30
1739483752.7582476,-115,-161,38
1739483752.8042476,19,-88,-52
1739483752.8492477,-101,-110,-204
1739483752.8952477,83,21,-42
1739483752.9412477,-50,112,31
1739483752.9872477,-38,-46,107
1739483753.0322475,2,-176,16
1739483753.0782475,-49,-27,-8
1739483753.1242476,80,-50,-32
1739483753.1692476,5,-34,24
1739483753.2152476,-102,-115,-38
1739483753.2602477,30,54,-130
1739483753.3052475,0,-37,-90
1739483753.3512475,-7,-5,-7
1739483753.3972476,4,-82,-74
1739483753.4432476,-48,3,-40
1739483753.4882476,-27,-87,14
1739483753.5342476,-60,73,-120
1739483753.5802476,-15,1,21
1739483753.6252477,11,-213,-135
1739483753.6712475,25,30,11
1739483753.7172475,-72,65,-15
1739483753.7632475,42,-26,44
1739483753.8082476,25,44,-22
1739483753.8542476,21,-102,-19
1739483753.9002476,-44,-127,-45
1739483753.9452477,14,0,16
1739483753.9912477,64,0,-7
1739483754.0432477,-33,-15,-26
1739483754.0882475,-52,39,92
1739483754.1342475,-19,113,21
1739483754.1802475,73,-22,-150
1739483754.2252476,-40,51,-69
1739483754.2712476,6,0,-48
1739483754.3172476,-14,13,-2
1739483754.3632476,-28,-19,43
1739483754.4082477,111,8,-20
1739483754.4542477,-42,47,-49
1739483754.5002477,47,28,-34
1739483754.5452476,-1,21,-146
1739483754.5912476,57,12,10
1739483754.6372476,85,-38,110
1739483754.6832476,-54,-41,-69
1739483754.7282476,50,-42,7
1739483754.7742476,21,34,1
1739483754.8202477,2,39,-54
1739483754.8652475,-13,-33,-125
1739483754.9112475,49,-66,-33
1739483754.9572475,-53,-61,-70
1739483755.0032475,-7,15,-28
1739483755.0482476,21,-23,22
1739483755.0942476,74,-48,12
1739483755.1402476,-56,-127,-99
1739483755.1852477,16,-79,-12
1739483755.2312477,-18,33,-127
1739483755.2772477,-28,-5,42
1739483755.3232474,-23,-129,46
1739483755.3682475,26,22,-18
1739483755.4142475,24,-59,-93
1739483755.4602475,24,-8,8
1739483755.5052476,46,-94,-18
1739483755.5512476,8,-26,-105
1739483755.5972476,89,-6,-148
1739483755.6432476,-78,-85,-37
1739483755.6882474,1,-72,-118
1739483755.7342474,-6,-53,33
1739483755.7802474,-4,10,-76
1739483755.8252475,-40,-85,-81
1739483755.8712475,6,66,-48
1739483755.9172475,29,119,-122
1739483755.9632475,-29,-114,122
1739483756.0082476,32,-77,-60
1739483756.0542476,-61,32,-30
1739483756.1002476,-32,-198,-66
1739483756.1452477,24,-87,-6
1739483756.1912477,59,-109,-9
1739483756.2372477,-70,-156,-87
1739483756.2832477,-65,-120,-134
1739483756.3282475,19,-75,-167
1739483756.3742476,-32,-28,26
1739483756.4202476,-24,-6,24
1739483756.4652476,-127,60,-6
1739483756.5112476,109,-75,18
1739483756.5572476,0,-61,50
1739483756.6032476,4,-47,-58
1739483756.6482477,29,25,-11
1739483756.6942475,43,-31,-26
1739483756.7402475,90,-31,27
1739483756.7852476,65,29,67
1739483756.8312476,4,-155,-75
1739483756.8772476,57,69,3
1739483756.9232476,53,-7,-15
1739483756.9682477,-32,-102,-25
1739483757.0142477,12,35,-107
1739483757.0602477,7,-15,7
1739483757.1052475,49,59,-30
1739483757.1512475,-3,157,-108
1739483757.1972475,-13,85,56
1739483757.2432475,56,37,17
1739483757.2882476,1,29,-105
1739483757.3342476,65,-81,180
1739483757.3802476,42,63,-76
1739483757.4252477,-69,-6,-2
1739483757.4712474,15,18,-26
1739483757.5172474,-6,-126,44
1739483757.5632474,-7,9,59
1739483757.6082475,-13,12,-42
1739483757.6542475,0,0,-113
1739483757.7002475,-119,46,7
1739483757.7452476,38,-43,13
1739483757.7912476,-49,30,-28
1739483757.8372476,101,-89,-47
1739483757.8832476,21,-83,18
1739483757.9282477,68,-19,-68
1739483757.9742477,42,-7,96
1739483758.0202477,4,7,16
1739483758.0652475,-77,-40,38
1739483758.1112475,124,21,-81
1739483758.1572475,17,-121,-7
1739483758.2032475,-43,-94,-106
1739483758.2482476,-7,-44,-35
1739483758.2942476,37,-63,72
1739483758.3402476,12,26,-7
1739483758.3852477,-37,79,-34
1739483758.4312477,17,-126,17
1739483758.4772477,-3,-4,-117
1739483758.5232477,-47,-132,-59
1739483758.5682476,17,-125,-90
1739483758.6142476,-49,-76,-1
1739483758.6602476,38,39,-116
1739483758.7052476,0,19,30
1739483758.7512476,-88,2,81
1739483758.7972476,42,-49,-68
1739483758.8432477,57,-17,-35
1739483758.8882475,83,-77,-91
1739483758.9342475,22,-121,-37
1739483758.9802475,6,19,16
1739483759.0252476,54,-27,-73
1739483759.0712476,-61,22,-3
1739483759.1162477,-57,-42,-63
1739483759.1612475,13,-26,-62
1739483759.2072475,33,-81,-42
1739483759.2532475,52,-13,-15
1739483759.2992475,96,-159,-74
1739483759.3442476,-93,-108,6
1739483759.3902476,-79,-46,-50
1739483759.4362476,40,-39,-76
1739483759.4812477,-14,-63,57
1739483759.5272477,-22,34,-3
1739483759.5732474,-72,0,-84
1739483759.6192474,59,-43,29
1739483759.6642475,59,3,27
1739483759.7102475,11,-29,24
1739483759.7562475,-6,17,10
1739483759.8012476,-89,-30,-19
1739483759.8472476,20,39,7
1739483759.8932476,-18,16,-84
1739483759.9392476,-12,81,3
1739483759.9842474,42,39,-4
1739483760.0302474,-104,104,-75
1739483760.0762477,-26,-36,-49
1739483760.1212475,-57,-80,40
1739483760.1672475,20,179,-40
1739483760.2132475,50,-101,-88
1739483760.2592475,-19,-20,-18
1739483760.3042476,-49,-90,-48
1739483760.3502476,31,-15,-55
1739483760.3962476,3,27,-67
1739483760.4412477,-6,-51,-54
1739483760.4872477,75,-15,-144
1739483760.5332477,-42,-44,-57
1739483760.5792477,25,-39,-38
1739483760.6242476,-88,-176,-64
1739483760.6702476,21,17,67
1739483760.7162476,18,5,-2
1739483760.7612476,30,-25,-52
1739483760.8072476,30,-15,54
1739483760.8532476,15,-45,-72
1739483760.8992476,-3,-186,-2
1739483760.9442475,34,33,36
1739483760.9902475,-18,-50,-66
1739483761.0362475,-29,0,34
1739483761.0812476,52,127,0
1739483761.1272476,-29,-64,207
1739483761.1732476,-67,-136,-31
1739483761.2192476,-42,0,-46
1739483761.2642477,-1,-8,12
1739483761.3102477,21,19,23
1739483761.3562477,-21,-18,-64
1739483761.4012475,17,-25,-18
1739483761.4472475,-1,32,-48
1739483761.4932475,17,-59,-2
1739483761.5392475,47,-27,3
1739483761.5842476,32,15,12
1739483761.6302476,-85,-24,24
1739483761.6762476,-36,-68,20
1739483761.7212474,67,-39,-94
1739483761.7672474,-19,-68,-44
1739483761.8132474,-44,-36,-81
1739483761.8592474,39,-107,40
1739483761.9042475,-53,-8,-84
1739483761.9502475,-35,-82,0
1739483761.9962475,-15,-76,-156
1739483762.0412476,55,-31,-60
1739483762.0872476,-69,6,64
1739483762.1332476,-17,-134,59
1739483762.1792476,1,85,-68
1739483762.2242477,-27,-74,33
1739483762.2702477,-57,22,-50
1739483762.3162477,-3,0,8
1739483762.3612475,65,-77,0
1739483762.4072475,-31,14,-22
1739483762.4532475,-38,-126,0
1739483762.4992476,-77,-34,-83
1739483762.5442476,0,-111,0
1739483762.5902476,5,-114,-11
1739483762.6362476,113,-87,-51
1739483762.6812477,9,-61,-40
1739483762.7272477,-17,70,-120
1739483762.7732477,-48,-80,-64
1739483762.8192475,-35,-90,14
1739483762.8642476,-32,-78,-30
1739483762.9102476,10,-81,-32
1739483762.9562476,36,-3,-74
1739483763.0012476,34,73,57
1739483763.0472476,37,-11,-58
1739483763.0932477,-57,-192,-73
1739483763.1392477,19,-125,28
1739483763.1842475,-44,-102,-107
1739483763.2302475,45,-129,38
1739483763.2762475,-16,58,-62
1739483763.3212476,41,-139,-19
1739483763.3672476,5,65,-39
1739483763.4132476,-27,-25,0
1739483763.4592476,57,-66,-61
1739483763.5042477,16,-78,-6
1739483763.5502477,-44,-28,-57
1739483763.5962474,66,10,-66
1739483763.6412475,-22,-144,-78
1739483763.6872475,72,-141,-46
1739483763.7332475,87,-67,24
1739483763.7792475,14,26,-51
1739483763.8242476,5,-114,-50
1739483763.8702476,7,24,19
1739483763.9162476,30,-66,-83
1739483763.9612474,-9,-103,71
1739483764.0072474,9,-20,-14
1739483764.0592475,177,-50,-58
1739483764.1042476,13,8,-19
1739483764.1502476,-22,17,35
1739483764.1962476,50,-6,-62
1739483764.2412477,6,-108,-70
1739483764.2872477,-15,-75,80
1739483764.3332477,88,-6,-43
1739483764.3792477,0,-33,4
1739483764.4252477,5,9,33
1739483764.4712474,6,-77,-52
1739483764.5172474,5,-96,-100
1739483764.5632474,38,-119,-32
1739483764.6082475,11,15,-16
1739483764.6542475,25,111,27
1739483764.7002475,87,17,-66
1739483764.7452476,-64,69,-60
1739483764.7912476,18,148,-36
1739483764.8372476,-5,-120,-26
1739483764.8832476,68,-121,-41
1739483764.9282477,-46,-115,-65
1739483764.9742477,-27,-122,88
1739483765.0202477,-35,-153,-84
1739483765.0652475,-29,-35,-11
1739483765.1112475,-7,88,-124
1739483765.1572475,11,-120,-132
1739483765.2032475,-16,23,146
1739483765.2482476,-30,-72,42
1739483765.2942476,-9,-31,-146
1739483765.3402476,-7,-130,26
1739483765.3852477,-8,-4,-48
1739483765.4312477,2,24,41
1739483765.4772477,-103,-102,24
1739483765.5232477,48,44,-5
1739483765.5682476,20,76,-138
1739483765.6142476,-71,-98,63
1739483765.6602476,-7,-19,12
1739483765.7052476,-14,39,-113
1739483765.7512476,-68,-103,-108
1739483765.7972476,17,2,8
1739483765.8432477,14,-42,-86
1739483765.8882475,-14,-11,-17
1739483765.9342475,-58,1,50
1739483765.9802475,-99,-153,-59
1739483766.0252476,22,5,49
1739483766.0712476,71,-142,24
1739483766.1172476,-38,-5,9
1739483766.1632476,149,-84,10
1739483766.2082477,5,91,-71
1739483766.2542477,32,-118,-69
1739483766.3002477,-72,-33,31
1739483766.3452475,-12,-62,-14
1739483766.3912475,61,-26,44
1739483766.4372475,73,-22,29
1739483766.4832475,3,-11,-18
1739483766.5282476,32,-162,27
1739483766.5742476,-47,43,-72
1739483766.6202476,15,91,-39
1739483766.6652474,-76,3,-18
1739483766.7112474,-14,-11,103
1739483766.7572474,-56,8,19
1739483766.8032477,-8,-24,-33
1739483766.8482475,3,3,-23
1739483766.8942475,78,-101,-12
1739483766.9402475,57,-148,3
1739483766.9852476,7,67,-18
1739483767.0312476,-29,-100,93
1739483767.0772476,15,108,-42
1739483767.1232476,55,25,-124
1739483767.1682477,33,-76,-59
1739483767.2142477,-4,-75,-60
1739483767.2602477,-116,-45,-62
1739483767.3052475,-44,-33,-135
1739483767.3512475,29,-95,39
1739483767.3972476,7,115,-23
1739483767.4432476,21,47,19
1739483767.4882476,28,-63,-119
1739483767.5342476,59,-92,-44
1739483767.5802476,46,13,36
1739483767.6252477,26,-28,-42
1739483767.6712475,99,26,12
1739483767.7172475,0,-63,-1
1739483767.7632475,17,2,-87
1739483767.8082476,17,52,14
1739483767.8542476,-34,27,-63
1739483767.9002476,-64,-3,-66
1739483767.9452477,89,32,-65
1739483767.9912477,-24,41,-60
1739483768.0372477,-14,-55,-20
1739483768.0832477,41,13,-30
1739483768.1282475,-55,-68,21
1739483768.1742475,-36,-41,-58
1739483768.2202475,31,-213,-61
1739483768.2652476,27,-79,-77
1739483768.3112476,28,-77,-3
1739483768.3572476,38,57,3
1739483768.4032476,-5,-76,67
1739483768.4482474,-89,-30,-88
1739483768.4942474,-88,32,3
1739483768.5402474,-12,78,0
1739483768.5852475,17,-15,-21
1739483768.6312475,-50,-38,-120
1739483768.6772475,41,-83,-43
1739483768.7232475,1,0,-58
1739483768.7682476,-76,22,70
1739483768.8142476,-8,-45,-64
1739483768.8602476,-5,-80,70
1739483768.9052474,-9,-28,-104
1739483768.9512477,-28,-158,134
1739483768.9972477,9,7,-19
1739483769.0432477,-45,-60,52
1739483769.0882475,31,41,-86
1739483769.1342475,42,-189,-46
1739483769.1802475,-1,-48,67
1739483769.2252476,-69,1,-13
1739483769.2712476,-36,27,-44
1739483769.3172476,41,-84,64
1739483769.3632476,15,-6,-6
1739483769.4082477,87,-91,-149
1739483769.4542477,-93,-38,5
1739483769.5002477,25,3,-15
1739483769.5452476,-52,62,-22
1739483769.5912476,85,-73,18
1739483769.6372476,-45,-16,-10
1739483769.6832476,20,11,-118
1739483769.7282476,-38,-194,46
1739483769.7742476,-60,90,-28
1739483769.8202477,54,7,-27
1739483769.8652475,10,-89,-1
1739483769.9112475,9,-29,-42
1739483769.9572475,66,55,-66
1739483770.0032475,-14,-98,-127
1739483770.0482476,59,-69,-47
1739483770.0942476,-48,-20,-100
1739483770.1402476,-27,31,-102
1739483770.1852477,-50,-65,-4
1739483770.2312477,18,66,21
1739483770.2772477,-47,-85,-50
1739483770.3232474,41,38,-43
1739483770.3682475,15,-59,-8
1739483770.4142475,17,89,78
1739483770.4602475,-1,14,41
1739483770.5052476,-20,37,92
1739483770.5512476,9,-60,-100
1739483770.5972476,-9,-39,-90
1739483770.6432476,-20,-73,-104
1739483770.6882474,1,-110,-41
1739483770.7342474,7,-84,-39
1739483770.7802474,-72,-35,16
1739483770.8252475,59,-98,-32
1739483770.8712475,33,-136,-35
1739483770.9172475,-42,115,-74
1739483770.9632475,-8,35,-143
1739483771.0082476,-55,-179,19
1739483771.0542476,-15,-91,-38
1739483771.1002476,-36,-89,14
1739483771.1452477,-1,-43,-18
1739483771.1912477,-16,92,4
1739483771.2372477,16,-49,-29
1739483771.2832477,-2,-66,-52
1739483771.3282475,-26,-140,31
1739483771.3742476,-81,12,-49
1739483771.4202476,-28,-6,-88
1739483771.4652476,12,33,6
1739483771.5112476,-18,-104,-78
1739483771.5572476,116,-13,5
1739483771.6032476,17,-87,-95
1739483771.6482477,37,-53,-42
1739483771.6942475,31,90,-106
1739483771.7402475,42,-9,-140
1739483771.7852476,30,-60,-8
1739483771.8312476,24,-4,2
1739483771.8772476,26,-78,-6
1739483771.9232476,-17,56,-92
1739483771.9682477,-41,-34,-59
1739483772.0142477,-60,64,27
1739483772.0602477,-1,15,-52
1739483772.1052475,-12,0,-43
1739483772.1512475,-39,-6,-21
1739483772.1972475,-4,41,-32
1739483772.2432475,-38,33,-92
1739483772.2882476,-73,-146,0
1739483772.3342476,21,45,19
1739483772.3802476,-14,-79,-145
1739483772.4252477,39,42,-43
1739483772.4712474,-110,9,15
1739483772.5172474,-13,-30,-113
1739483772.5632474,21,-19,-30
1739483772.6082475,60,-75,0
1739483772.6542475,36,13,14
1739483772.7002475,129,-71,80
1739483772.7452476,-12,-6,36
1739483772.7912476,-56,58,-83
1739483772.8372476,-20,27,-56
1739483772.8832476,46,-12,23
1739483772.9282477,-12,78,88
1739483772.9742477,70,-119,-75
1739483773.0202477,34,-11,-120
1739483773.0652475,18,-2,-26
1739483773.1112475,14,-7,-96
1739483773.1572475,5,14,-7
1739483773.2032475,41,32,-73
1739483773.2482476,-7,-65,-73
1739483773.2942476,-67,-99,3
1739483773.3402476,-62,-91,1
1739483773.3852477,31,104,25
1739483773.4312477,-68,-83,-29
1739483773.4772477,-33,8,-61
1739483773.5232477,-95,-40,-27
1739483773.5682476,-51,28,-86
1739483773.6142476,-8,32,20
1739483773.6602476,66,-105,17
1739483773.7052476,26,-71,-91
1739483773.7512476,60,45,-9
1739483773.7972476,4,57,-4
1739483773.8432477,67,-130,-25
1739483773.8882475,-40,-125,-106
1739483773.9342475,-21,-127,-71
1739483773.9802475,-17,-135,-105
1739483774.0252476,-21,-137,90
1739483774.0772476,29,-66,-55
1739483774.1232476,-66,-7,-24
1739483774.1682477,8,-58,-158
1739483774.2142477,52,34,-37
1739483774.2602477,17,-154,-134
1739483774.3052475,45,-20,25
1739483774.3512475,-38,-33,-151
1739483774.3972476,13,0,-85
1739483774.4432476,-25,11,-41
1739483774.4882476,0,-110,-38
1739483774.5342476,48,8,-14
1739483774.5792477,-86,55,20
1739483774.6242476,36,-116,-81
1739483774.6702476,-45,-119,19
1739483774.7162476,-38,-103,-36
1739483774.7612476,6,-68,-18
1739483774.8072476,-36,101,-119
1739483774.8532476,-67,17,-64
1739483774.8992476,-11,-17,-84
1739483774.9442475,-4,117,0
1739483774.9902475,98,-42,65
1739483775.0362475,75,-126,-41
1739483775.0812476,75,-58,19
1739483775.1272476,69,-68,30
1739483775.1732476,0,-6,-91
1739483775.2192476,-19,-109,-75
1739483775.2642477,-53,-51,37
1739483775.3102477,-34,-77,-88
1739483775.3562477,-41,-121,-66
1739483775.4012475,-66,53,10
1739483775.4472475,40,-20,1
1739483775.4932475,-24,-31,-6
1739483775.5392475,37,-34,-40
1739483775.5842476,-12,-40,-29
1739483775.6302476,50,-48,-10
1739483775.6762476,69,-140,16
1739483775.7212474,68,28,20
1739483775.7672474,-33,85,-20
1739483775.8132474,-40,-31,33
1739483775.8592474,81,-50,-21
1739483775.9042475,-24,-119,-7
1739483775.9502475,39,126,43
1739483775.9962475,-14,-165,15
1739483776.0412476,1,-6,-29
1739483776.0872476,-8,-89,-25
1739483776.1332476,19,-12,37
1739483776.1792476,-61,-75,-23
1739483776.2242477,-35,-5,-30
1739483776.2702477,44,-82,-110
1739483776.3162477,12,-38,-53
1739483776.3612475,40,126,92
1739483776.4072475,23,70,-115
1739483776.4532475,62,44,-67
1739483776.4992476,-34,-97,-55
1739483776.5442476,54,-56,1
1739483776.5902476,-52,67,-125
1739483776.6362476,45,-116,-9
1739483776.6812477,-101,43,0
1739483776.7272477,-84,-43,-40
1739483776.7732477,10,16,-93
1739483776.8192475,-47,-5,-1
1739483776.8642476,-16,-11,0
1739483776.9102476,-91,-5,45
1739483776.9562476,36,-22,19
1739483777.0012476,-13,-68,-114
1739483777.0472476,68,24,-17
1739483777.0932477,-15,97,-89
1739483777.1392477,-89,-31,-124
1739483777.1842475,0,-19,0
1739483777.2302475,21,46,-66
1739483777.2762475,11,-26,-36
1739483777.3212476,-56,-11,-59
1739483777.3672476,-20,-51,-124
1739483777.4132476,-1,-55,-41
1739483777.4592476,47,56,40
1739483777.5042477,15,-30,-42
1739483777.5502477,-8,-47,58
1739483777.5962474,-19,-67,7
1739483777.6412475,0,-30,-159
1739483777.6872475,40,-108,-16
1739483777.7332475,-3,-27,84
1739483777.7792475,-42,7,1
1739483777.8242476,-6,-35,-44
1739483777.8702476,37,-18,-26
1739483777.9162476,27,-34,-61
1739483777.9612474,66,66,2
1739483778.0072474,76,16,-39
1739483778.0532477,-14,-101,-53
1739483778.0992477,-1,-207,-83
1739483778.1442475,-62,-23,-32
1739483778.1902475,-43,-5,-111
1739483778.2362475,-39,75,-105
1739483778.2812476,28,-82,-3
1739483778.3272476,-64,-59,-81
1739483778.3732476,-28,-31,-184
1739483778.4192476,2,-4,-51
1739483778.4642477,7,26,-3
1739483778.5102477,6,-64,-146
1739483778.5562477,18,62,-142
1739483778.6012475,-45,-63,19
1739483778.6472476,100,12,-46
1739483778.6932476,38,46,29
1739483778.7392476,-13,11,21
1739483778.7842476,-12,-47,40
1739483778.8302476,24,-32,-107
1739483778.8762476,-10,-17,-13
1739483778.9212475,80,52,12
1739483778.9672475,-15,-111,21
1739483779.0132475,-22,-83,61
1739483779.0592475,-53,95,-82
1739483779.1042476,-12,-75,-77
1739483779.1502476,-17,83,-88
1739483779.1962476,53,-90,-69
1739483779.2412477,-15,-23,-7
1739483779.2872477,62,-94,-123
1739483779.3332477,-22,-15,87
1739483779.3792477,22,-22,26
1739483779.4242475,-64,-11,77
1739483779.4702475,21,2,-7
1739483779.5162475,55,-54,-198
1739483779.5612476,-20,-73,-97
1739483779.6072476,-71,-69,-88
1739483779.6532476,-21,0,89
1739483779.6992476,-19,-143,-123
1739483779.7442474,-62,101,23
1739483779.7902474,-34,61,-8
1739483779.8362474,-54,-7,-99
1739483779.8812475,37,-22,13
1739483779.9272475,-4,-75,-76
1739483779.9732475,-20,-8,86
1739483780.0192475,-34,-37,-42
1739483780.0642476,-34,-20,-99
1739483780.1102476,-49,-9,5
1739483780.1562476,32,-44,-11
1739483780.2012477,-63,-85,100
1739483780.2472477,-59,97,-173
1739483780.2932477,49,-18,100
1739483780.3392477,-16,-51,23
1739483780.3842475,5,-1,40
1739483780.4302475,-37,-75,-25
1739483780.4762475,55,-36,-73
1739483780.5212476,-12,1,-81
1739483780.5672476,35,-78,-63
1739483780.6132476,-56,-13,51
1739483780.6592476,-2,153,18
1739483780.7042477,11,-30,-16
1739483780.7502477,-31,-17,54
1739483780.7962475,-19,113,19
1739483780.8412476,11,-60,31
1739483780.8872476,-43,27,32
1739483780.9332476,13,-28,57
1739483780.9792476,-69,-25,-22
1739483781.0242476,29,-54,-32
1739483781.0702477,-37,75,-98
1739483781.1162477,2,16,-71
1739483781.1612475,-29,-125,-135
1739483781.2072475,2,-48,-12
1739483781.2532475,78,-126,-60
1739483781.2992475,-18,-53,-77
1739483781.3442476,-3,35,49
1739483781.3902476,-34,-57,-155
1739483781.4362476,29,-114,46
1739483781.4812477,-62,37,-7
1739483781.5272477,36,-12,-96
1739483781.5732474,20,4,-42
1739483781.6192474,-62,-23,-5
1739483781.6642475,-7,39,54
1739483781.7102475,-8,-31,-84
1739483781.7562475,-34,67,-20
1739483781.8012476,-25,-45,-72
1739483781.8472476,114,-30,-49
1739483781.8932476,50,-10,-29
1739483781.9392476,-26,-57,-86
1739483781.9842474,-27,5,0
1739483782.0302474,42,-58,-78
1739483782.0762477,-80,-49,4
1739483782.1212475,-8,17,42
1739483782.1672475,-18,27,0
1739483782.2132475,-49,81,-39
1739483782.2592475,-6,-55,6
1739483782.3042476,36,-204,-37
1739483782.3502476,55,-60,-44
1739483782.3962476,4,-91,-69
1739483782.4412477,32,-90,-245
1739483782.4872477,-50,3,-118
1739483782.5332477,2,-14,-139
1739483782.5792477,-58,29,-64
1739483782.6242476,34,-158,-71
1739483782.6702476,-87,-105,-47
1739483782.7162476,-4,69,0
1739483782.7612476,41,-96,77
1739483782.8072476,-3,35,-28
1739483782.8532476,-2,94,-72
1739483782.8992476,-7,58,-32
1739483782.9442475,36,48,-83
1739483782.9902475,-39,-43,27
1739483783.0362475,25,-18,-96
1739483783.0812476,14,74,64
1739483783.1272476,-6,-65,14
1739483783.1732476,-34,-69,-3
1739483783.2192476,30,0,-116
1739483783.2642477,20,5,7
1739483783.3102477,-61,-27,-37
1739483783.3562477,33,20,4
1739483783.4012475,-16,-31,-41
1739483783.4472475,21,-36,10
1739483783.4932475,10,-44,40
1739483783.5392475,-7,-100,-71
1739483783.5842476,49,34,-23
1739483783.6302476,-24,-43,-153
1739483783.6762476,-4,-7,3
1739483783.7212474,-37,-153,19
1739483783.7672474,-84,47,60
1739483783.8132474,17,22,38
1739483783.8592474,-5,-149,-134
1739483783.9042475,-1,-93,-43
1739483783.9502475,18,-132,-26
1739483783.9962475,40,0,80
1739483784.0472476,78,-118,-81
1739483784.0932477,-51,5,-25
1739483784.1392477,-9,-45,-39
1739483784.1842475,-15,11,-43
1739483784.2302475,26,18,56
1739483784.2762475,59,58,13
1739483784.3212476,-51,-83,-61
1739483784.3672476,28,14,-66
1739483784.4132476,-8,-15,-59
1739483784.4582477,61,-44,-72
1739483784.5042477,-60,-49,-92
1739483784.5502477,26,-131,41
1739483784.5962474,-52,-97,-125
1739483784.6412475,30,8,-1
1739483784.6872475,38,0,-83
1739483784.7332475,-93,-49,-41
1739483784.7792475,-45,-87,5
1739483784.8242476,51,-128,-16
1739483784.8702476,29,46,-35
1739483784.9162476,15,58,-7
1739483784.9612474,4,-15,3
1739483785.0072474,21,12,13
1739483785.0532477,-63,-33,-49
1739483785.0992477,9,-130,-113
1739483785.1442475,-10,-69,-28
1739483785.1902475,37,-70,-82
1739483785.2362475,-64,-31,82
1739483785.2812476,-18,-24,-63
1739483785.3272476,2,-43,-25
1739483785.3732476,25,-22,-45
1739483785.4182477,-79,25,12
1739483785.4642477,45,-186,-87
1739483785.5102477,10,-2,-18
1739483785.5562477,-2,-157,40
1739483785.6012475,-132,7,23
1739483785.6472476,75,20,-139
1739483785.6932476,25,-100,3
1739483785.7382476,5,22,84
1739483785.7842476,71,-64,50
1739483785.8302476,-87,-53,0
1739483785.8762476,-99,-103,-74
1739483785.9212475,-39,21,-67
1739483785.9672475,-42,-7,-83
1739483786.0132475,27,-64,0
1739483786.0582476,18,98,-97
1739483786.1042476,39,-86,-12
1739483786.1502476,69,20,-144
1739483786.1962476,0,-54,-37
1739483786.2412477,-6,-13,-56
1739483786.2872477,-43,-55,-107
1739483786.3332477,65,0,-14
1739483786.3782475,-51,-91,-96
1739483786.4242475,26,-52,96
1739483786.4702475,13,-86,-9
1739483786.5162475,-5,1,-117
1739483786.5612476,-7,-92,-75
1739483786.6072476,58,38,-7
1739483786.6532476,21,24,-192
1739483786.6982474,-31,15,-100
1739483786.7442474,-1,77,-9
1739483786.7902474,-28,-227,11
1739483786.8362474,0,-45,-125
1739483786.8812475,46,-88,41
1739483786.9272475,22,-10,88
1739483786.9732475,-12,-33,-15
1739483787.0182476,-83,85,-22
1739483787.0642476,-32,5,0
1739483787.1102476,-56,139,-45
1739483787.1562476,-9,21,-46
1739483787.2012477,-14,-17,25
1739483787.2472477,-68,-11,11
1739483787.2932477,2,-14,-19
1739483787.3382475,-67,-153,-168
1739483787.3842475,-17,13,-5
1739483787.4302475,-12,51,3
1739483787.4762475,23,-10,12
1739483787.5212476,-65,-13,-15
1739483787.5672476,18,90,-88
1739483787.6132476,-7,-43,-54
1739483787.6582477,-69,-79,16
1739483787.7042477,-38,-3,-88
1739483787.7502477,98,-106,63
1739483787.7962475,28,172,-129
1739483787.8412476,-84,-63,-119
1739483787.8872476,102,74,-27
1739483787.9332476,-92,-93,-174
1739483787.9782476,-16,-13,-274
1739483788.0242476,76,-22,-25
1739483788.0702477,5,-8,-33
1739483788.1162477,26,10,-50
1739483788.1612475,-39,-25,-17
1739483788.2072475,-53,-55,-12
1739483788.2532475,-24,-137,43
1739483788.2982476,-3,-13,49
1739483788.3442476,4,-102,11
1739483788.3902476,-57,-47,10
1739483788.4362476,-49,41,50
1739483788.4812477,-20,-11,50
1739483788.5272477,-72,-129,-78
1739483788.5732474,23,-88,43
1739483788.6182475,31,-2,-39
1739483788.6642475,49,112,-34
1739483788.7102475,35,-18,67
1739483788.7562475,18,-84,-53
1739483788.8012476,-5,33,-20
1739483788.8472476,17,-36,35
1739483788.8932476,-82,9,-3
1739483788.9382474,-15,-113,-10
1739483788.9842474,31,-50,-110
1739483789.0302474,-2,-12,-59
1739483789.0762477,81,24,37
1739483789.1212475,-40,-19,39
1739483789.1672475,50,-2,-4
1739483789.2132475,63,-44,38
1739483789.2582476,-1,88,-62
1739483789.3042476,-63,-37,-40
1739483789.3502476,-80,-95,93
1739483789.3962476,32,-34,-9
1739483789.4412477,-14,-21,129
1739483789.4872477,6,-32,-94
1739483789.5332477,-21,49,21
1739483789.5782475,46,44,-40
1739483789.6242476,-59,65,-21
1739483789.6702476,-37,-37,-76
1739483789.7162476,104,-78,5
1739483789.7612476,-107,13,-7
1739483789.8072476,-120,-77,-91
1739483789.8532476,59,52,41
1739483789.8982477,9,-90,-104
1739483789.9442475,-88,11,20
1739483789.9902475,47,-76,-31
1739483790.0362475,27,-74,-55
1739483790.0812476,-29,-45,163
1739483790.1272476,-2,-101,-14
1739483790.1732476,-22,-137,8
1739483790.2182477,-39,-37,-45
1739483790.2642477,42,-116,73
1739483790.3102477,62,70,34
1739483790.3562477,51,-74,-124
1739483790.4012475,-108,-5,21
1739483790.4472475,-107,15,145
1739483790.4932475,-29,-37,-85
1739483790.5382476,-58,27,-59
1739483790.5842476,-6,20,-20
1739483790.6302476,-67,-133,-120
1739483790.6762476,84,32,-98
1739483790.7212474,22,-96,48
1739483790.7672474,21,-77,-57
1739483790.8132474,-45,-85,-4
1739483790.8582475,-12,-80,-63
1739483790.9042475,-3,-70,-2
1739483790.9502475,4,60,-87
1739483790.9962475,-45,-45,-39
1739483791.0412476,-77,15,7
1739483791.0872476,-32,111,-99
1739483791.1332476,73,-144,-49
1739483791.1782477,66,-40,79
1739483791.2242477,-47,-39,21
1739483791.2702477,-40,35,-146
1739483791.3162477,-20,-63,3
1739483791.3612475,-50,7,-55
1739483791.4072475,28,-42,-30
1739483791.4532475,-48,-63,-25
1739483791.4982476,-7,28,-19
1739483791.5442476,19,16,-81
1739483791.5902476,-69,-77,9
1739483791.6362476,-9,-5,-85
1739483791.6812477,-33,-173,-103
1739483791.7272477,-87,-75,36
1739483791.7732477,-62,-39,1
1739483791.8182476,62,-12,44
1739483791.8642476,95,-190,-17
1739483791.9102476,-60,13,-58
1739483791.9562476,23,-102,-120
1739483792.0012476,-1,-27,70
1739483792.0472476,-65,95,73
1739483792.0932477,-3,47,56
1739483792.1382475,-24,-7,-191
1739483792.1842475,32,22,-128
1739483792.2302475,-4,64,-15
1739483792.2762475,49,54,6
1739483792.3212476,-79,-67,43
1739483792.3672476,0,-99,-130
1739483792.4132476,-12,-35,-53
1739483792.4582477,80,0,-157
1739483792.5042477,-57,-47,63
1739483792.5502477,-3,40,-213
1739483792.5962474,-79,-19,-108
1739483792.6412475,1,-62,0
1739483792.6872475,9,-33,11
1739483792.7332475,32,-152,0
1739483792.7782476,-94,-41,-62
1739483792.8242476,-40,-45,40
1739483792.8702476,17,-92,-31
1739483792.9162476,-27,-5,0
1739483792.9612474,88,36,18
1739483793.0072474,3,-82,-55
1739483793.0532477,-51,-33,-10
1739483793.0982475,7,-126,-139
1739483793.1442475,52,-22,-62
1739483793.1902475,-5,25,-32
1739483793.2362475,15,-82,-77
1739483793.2812476,37,-90,-24
1739483793.3272476,-52,15,58
1739483793.3732476,35,-63,-42
1739483793.4182477,-2,-107,34
1739483793.4642477,53,20,44
1739483793.5102477,-57,-19,-4
1739483793.5562477,22,-15,85
1739483793.6012475,33,34,11
1739483793.6472476,19,-26,1
1739483793.6932476,48,-13,-3
1739483793.7382476,44,13,20
1739483793.7842476,2,-30,51
1739483793.8302476,63,-134,20
1739483793.8762476,-40,8,9
1739483793.9212475,38,-59,53
1739483793.9672475,44,105,-36
1739483794.0132475,-15,-94,27
1739483794.0642476,14,-59,-127
1739483794.1102476,-110,60,-38
1739483794.1562476,-66,-54,-29
1739483794.2012477,-79,20,-42
1739483794.2472477,48,27,55
1739483794.2932477,-13,-24,-23
1739483794.3382475,71,-45,-16
1739483794.3842475,-29,18,-98
1739483794.4302475,-31,-98,-32
1739483794.4762475,5,-27,49
1739483794.5212476,1,-19,-74
1739483794.5672476,-42,-12,-86
1739483794.6132476,20,89,-87
1739483794.6582477,-3,-28,-76
1739483794.7042477,79,31,-74
1739483794.7502477,26,55,-33
1739483794.7962475,-31,34,3
1739483794.8412476,22,77,-107
1739483794.8872476,-36,-36,-4
1739483794.9332476,14,-73,-15
1739483794.9782476,-29,-76,1
1739483795.0242476,22,19,-29
1739483795.0702477,15,81,-129
1739483795.1162477,1,27,-130
1739483795.1612475,12,35,-65
1739483795.2072475,8,55,-16
1739483795.2532475,45,75,-111
1739483795.2982476,-1,-218,10
1739483795.3442476,23,-37,-130
1739483795.3902476,-42,-42,-28
1739483795.4362476,126,-53,65
1739483795.4812477,-5,-60,-100
1739483795.5272477,23,-65,89
1739483795.5732474,3,85,-24
1739483795.6182475,6,106,110
1739483795.6642475,-3,-6,-19
1739483795.7102475,-105,-40,69
1739483795.7562475,-29,-114,36
1739483795.8012476,15,-9,-86
1739483795.8472476,-81,-110,-48
1739483795.8932476,28,-63,38
1739483795.9382474,-102,10,-110
1739483795.9842474,-27,20,-52
1739483796.0302474,-70,-56,45
1739483796.0762477,23,-13,48
1739483796.1212475,-44,40,-75
1739483796.1672475,70,-117,-64
1739483796.2132475,-67,90,-69
1739483796.2582476,63,-123,-57
1739483796.3042476,-26,-130,-91
1739483796.3502476,-38,-18,-40
1739483796.3962476,44,-43,-119
1739483796.4412477,13,-139,-14
1739483796.4872477,-11,-32,90
1739483796.5332477,-6,-36,-10
1739483796.5782475,4,-81,-12
1739483796.6242476,44,-1,-7
1739483796.6702476,25,0,-31
1739483796.7162476,-58,46,-28
1739483796.7612476,20,149,57
1739483796.8072476,-24,-42,19
1739483796.8532476,11,-98,36
1739483796.8982477,44,-75,62
1739483796.9442475,-28,84,-137
1739483796.9902475,-42,0,103
1739483797.0362475,-41,-18,32
1739483797.0812476,-71,-66,86
1739483797.1272476,0,-41,-104
1739483797.1732476,68,37,-178
1739483797.2182477,-13,-36,1
1739483797.2642477,42,-67,31
1739483797.3102477,25,19,-187
1739483797.3562477,-15,33,108
1739483797.4012475,83,-27,-105
1739483797.4472475,9,-37,41
1739483797.4932475,18,7,-3
1739483797.5382476,-4,-20,85
1739483797.5842476,46,-61,54
1739483797.6302476,27,-101,9
1739483797.6762476,-94,82,-4
1739483797.7212474,-1,-148,54
1739483797.7672474,31,-27,11
1739483797.8132474,-29,4,-62
1739483797.8582475,15,-41,-2
1739483797.9042475,-7,24,15
1739483797.9502475,-7,20,-35
1739483797.9962475,-38,-78,-69
1739483798.0412476,-9,56,-143
1739483798.0872476,11,3,-42
1739483798.1332476,-7,52,-98
1739483798.1782477,-23,-60,110
1739483798.2242477,11,-77,-20
1739483798.2702477,44,-7,-126
1739483798.3162477,17,9,-67
1739483798.3612475,32,59,-22
1739483798.4072475,33,-89,9
1739483798.4532475,17,61,12
1739483798.4982476,-42,-40,-85
1739483798.5442476,-23,40,-35
1739483798.5902476,8,85,54
1739483798.6362476,-74,-60,-47
1739483798.6812477,-41,20,-29
1739483798.7272477,-18,-132,-59
1739483798.7732477,-82,-48,-81
1739483798.8182476,19,25,-56
1739483798.8642476,91,-65,9
1739483798.9102476,38,37,-88
1739483798.9562476,0,-12,-127
1739483799.0012476,13,89,45
1739483799.0472476,-43,90,-2
1739483799.0932477,-33,-56,75
1739483799.1382475,-13,74,21
1739483799.1842475,15,-137,-23
1739483799.2302475,-30,-54,-87
1739483799.2762475,-158,-22,-77
1739483799.3212476,-2,30,48
1739483799.3672476,17,-91,-3
1739483799.4132476,20,-69,-81
1739483799.4582477,33,29,-26
1739483799.5042477,-21,71,-24
1739483799.5502477,-8,-104,-83
1739483799.5962474,-11,-21,59
1739483799.6412475,-9,-85,-42
1739483799.6872475,44,-118,-82
1739483799.7332475,-31,-21,-16
1739483799.7782476,-24,-42,-38
1739483799.8242476,-54,-117,20
1739483799.8702476,62,-22,-37
1739483799.9162476,-20,37,-34
1739483799.9612474,33,6,-18
1739483800.0072474,-57,-7,-7
1739483800.0532477,64,-22,3
1739483800.0982475,60,-52,-82
1739483800.1442475,43,-10,10
1739483800.1892476,-9,78,55
1739483800.2342474,100,-65,59
1739483800.2802474,-47,56,-92
1739483800.3262477,13,-70,-7
1739483800.3722477,31,-19,65
1739483800.4172475,0,-90,-24
1739483800.4632475,-3,22,-62
1739483800.5092475,16,-10,-24
1739483800.5542476,-6,-145,0
1739483800.6002476,32,-28,-29
1739483800.6462476,-43,-97,-51
1739483800.6922476,-71,12,84
1739483800.7372477,26,83,54
1739483800.7832477,-5,-120,-54
1739483800.8292477,34,-123,14
1739483800.8742476,0,-108,-26
1739483800.9202476,0,-23,17
1739483800.9662476,-19,54,-89
1739483801.0122476,-62,-11,-45
1739483801.0572476,62,-6,-17
1739483801.1032476,82,-14,-41
1739483801.1492476,51,-12,50
1739483801.1942475,-5,70,-100
1739483801.2402475,-6,-71,-48
1739483801.2862475,-89,-11,2
1739483801.3322475,-7,23,39
1739483801.3772476,-44,3,-44
1739483801.4232476,5,-98,-104
1739483801.4692476,-76,-23,49
1739483801.5142477,25,-30,-14
1739483801.5602477,-31,-101,131
1739483801.6062477,-144,-99,-73
1739483801.6522477,41,-70,0
1739483801.6972475,-4,-11,56
1739483801.7432475,97,-78,-49
1739483801.7892475,-9,-13,-41
1739483801.8342476,25,52,17
1739483801.8802476,83,-72,-16
1739483801.9262476,105,-10,-116
1739483801.9722476,-57,1,73
1739483802.0172474,25,-46,73
1739483802.0632474,56,30,0
1739483802.1092474,-20,69,-17
1739483802.1542475,-107,33,-40
1739483802.2002475,-48,0,-11
1739483802.2462475,2,-9,-110
1739483802.2922475,-11,-52,-13
1739483802.3372476,5,-85,-134
1739483802.3832476,-75,34,-172
1739483802.4292476,13,-145,4
1739483802.4742477,54,17,110
1739483802.5202477,100,123,-91
1739483802.5662477,-46,74,51
1739483802.6122477,-65,-2,29
1739483802.6572475,63,39,79
1739483802.7032475,-87,-138,-18
1739483802.7492476,-55,-118,3
1739483802.7942476,22,24,-5
1739483802.8402476,37,-64,-70
1739483802.8862476,10,125,-65
1739483802.9322476,33,-158,-5
1739483802.9772477,30,36,-3
1739483803.0232477,19,-80,-106
1739483803.0692475,86,10,-76
1739483803.1142476,-31,-67,-28
1739483803.1602476,-5,-87,-28
1739483803.2062476,-15,-48,-3
1739483803.2522476,13,-31,-10
1739483803.2972476,53,-55,25
1739483803.3432477,-28,-80,0
1739483803.3892477,-81,-42,-2
1739483803.4342475,-32,-14,-70
1739483803.4802475,43,-58,-91
1739483803.5262475,39,-60,-103
1739483803.5722475,48,44,-28
1739483803.6172476,-42,-157,-67
1739483803.6632476,-3,-147,-1
1739483803.7092476,24,4,-10
1739483803.7542477,21,-112,-62
1739483803.8002477,68,0,-46
1739483803.8462474,7,-103,-62
1739483803.8922474,67,-4,4
1739483803.9372475,-6,5,77
1739483803.9832475,30,12,-110
1739483804.0292475,-5,39,-159
1739483804.0802476,6,-48,-26
1739483804.1262476,-82,-81,-157
1739483804.1722476,-18,-51,-8
1739483804.2172475,-18,31,-37
1739483804.2632475,-21,-17,16
1739483804.3092475,-52,-61,-38
1739483804.3542476,-46,-85,-9
1739483804.4002476,-17,15,-54
1739483804.4462476,27,-66,43
1739483804.4932475,-78,-19,-114
1739483804.5382476,15,-112,-83
1739483804.5842476,56,-132,-201
1739483804.6302476,-26,-13,-76
1739483804.6762476,-21,51,-156
1739483804.7212474,19,-124,107
1739483804.7672474,-36,77,32
1739483804.8132474,-66,-45,-113
1739483804.8582475,53,4,-96
1739483804.9042475,21,-64,-35
1739483804.9502475,-18,-57,-80
1739483804.9962475,-10,67,-142
1739483805.0412476,-9,-13,-3
1739483805.0872476,-21,43,-71
1739483805.1332476,-21,-61,-25
1739483805.1782477,1,-12,0
1739483805.2242477,-9,-89,-20
1739483805.2702477,23,26,62
1739483805.3162477,-22,-33,-91
1739483805.3612475,-49,-49,-39
1739483805.4072475,31,-2,-123
1739483805.4532475,-9,-49,95
1739483805.4982476,-85,-133,80
1739483805.5442476,63,-116,-3
1739483805.5902476,92,0,-21
1739483805.6362476,23,-34,-65
1739483805.6812477,-32,-33,-62
1739483805.7272477,-2,-82,18
1739483805.7732477,-1,-10,-104
1739483805.8182476,-91,13,-11
1739483805.8642476,-21,11,-78
1739483805.9102476,-30,61,-13
1739483805.9562476,-23,-17,5
1739483806.0012476,-20,-57,-19
1739483806.0472476,-7,-117,-21
1739483806.0932477,26,-108,-72
1739483806.1382475,34,-6,-3
1739483806.1842475,9,-62,-73
1739483806.2302475,22,0,-88
1739483806.2762475,11,-88,-28
1739483806.3212476,-17,-35,-44
1739483806.3672476,-33,21,-64
1739483806.4132476,55,6,-127
1739483806.4582477,-30,35,126
1739483806.5042477,-91,-45,57
1739483806.5502477,-5,-31,-71
1739483806.5962474,-88,31,-31
1739483806.6412475,-87,-59,0
1739483806.6872475,68,-96,-12
1739483806.7332475,-60,43,4
1739483806.7782476,9,-8,-22
1739483806.8242476,73,-58,-62
1739483806.8702476,-45,-25,-45
1739483806.9162476,-43,-19,31
1739483806.9612474,-65,-147,81
1739483807.0072474,7,20,22
1739483807.0532477,3,-86,13
1739483807.0982475,-16,-13,-81
1739483807.1442475,-28,-15,-78
1739483807.1902475,-23,-23,-24
1739483807.2362475,33,48,-36
1739483807.2812476,62,-66,-56
1739483807.3272476,69,22,16
1739483807.3732476,35,38,-37
1739483807.4182477,-14,-81,-89
1739483807.4642477,12,-48,-33
1739483807.5102477,41,2,14
1739483807.5562477,-42,-47,0
1739483807.6012475,-24,-41,-76
1739483807.6472476,29,-34,46
1739483807.6932476,4,22,-75
1739483807.7382476,58,0,-44
1739483807.7842476,26,-102,-14
1739483807.8302476,-17,81,-72
1739483807.8762476,-20,-17,60
1739483807.9212475,-75,7,-28
1739483807.9672475,-67,-3,-16
1739483808.0132475,14,-8,-27
1739483808.0582476,-112,-5,12
1739483808.1042476,-41,-55,-45
1739483808.1502476,-10,-115,-61
1739483808.1962476,-15,-13,-40
1739483808.2412477,43,44,-182
1739483808.2872477,5,-63,-7
1739483808.3332477,32,-32,-35
1739483808.3782475,86,-78,0
1739483808.4242475,0,-13,-39
1739483808.4702475,-14,30,-62
1739483808.5162475,25,-44,-62
1739483808.5612476,14,-136,32
1739483808.6072476,2,-28,-127
1739483808.6532476,26,-48,-67
1739483808.6982474,-31,-115,56
1739483808.7442474,1,-27,-110
1739483808.7902474,31,-12,-14
1739483808.8362474,48,-74,-120
1739483808.8812475,-81,-9,18
1739483808.9272475,-20,7,27
1739483808.9732475,-2,-149,42
1739483809.0182476,82,-50,-12
1739483809.0642476,-14,-23,-95
1739483809.1102476,14,-84,19
1739483809.1562476,-21,11,-13
1739483809.2012477,-46,-165,-56
1739483809.2472477,1,-42,71
1739483809.2932477,48,48,-13
1739483809.3382475,29,26,-89
1739483809.3842475,80,-148,-49
1739483809.4302475,36,62,-10
1739483809.4762475,-1,-103,-71
1739483809.5212476,35,-30,-2
1739483809.5672476,-37,-51,11
1739483809.6132476,-1,-51,54
1739483809.6582477,64,-86,33
1739483809.7042477,15,4,49
1739483809.7502477,-1,-18,6
1739483809.7962475,23,28,-33
1739483809.8412476,25,34,-129
1739483809.8872476,77,-28,-145
1739483809.9332476,-38,55,138
1739483809.9782476,5,-36,51
1739483810.0242476,-24,-57,4
1739483810.0702477,32,-132,-85
1739483810.1162477,19,-48,-107
1739483810.1612475,36,2,18
1739483810.2072475,35,134,39
1739483810.2532475,49,-32,-12
1739483810.2982476,65,-42,-66
1739483810.3442476,-23,-35,42
1739483810.3902476,45,-44,7
1739483810.4362476,35,-72,0
1739483810.4812477,-49,-25,-30
1739483810.5272477,9,7,-116
1739483810.5732474,-54,-115,56
1739483810.6182475,13,128,4
1739483810.6642475,0,-80,60
1739483810.7102475,57,6,-44
1739483810.7562475,-56,-145,36
1739483810.8012476,-20,-23,-16
1739483810.8472476,14,-104,-146
1739483810.8932476,-20,-121,-69
1739483810.9382474,-36,-131,18
1739483810.9842474,-4,-23,-69
1739483811.0302474,-87,57,-44
1739483811.0762477,77,-30,83
1739483811.1212475,52,-52,-126
1739483811.1672475,-36,-45,-64
1739483811.2132475,36,-20,-32
1739483811.2582476,-56,-179,-83
1739483811.3042476,116,-32,7
1739483811.3502476,-34,84,-101
1739483811.3962476,17,37,23
1739483811.4412477,-6,-57,-74
1739483811.4872477,-39,35,-36
1739483811.5332477,26,-30,40
1739483811.5782475,90,-64,128
1739483811.6242476,31,-66,-89
1739483811.6702476,-60,-75,-34
1739483811.7162476,-123,68,-6
1739483811.7612476,-49,-81,29
1739483811.8072476,-25,13,-74
1739483811.8532476,-4,-182,-41
1739483811.8982477,34,-4,-78
1739483811.9442475,14,-104,17
1739483811.9902475,14,-50,77
1739483812.0362475,-50,-85,78
1739483812.0812476,32,-150,-21
1739483812.1272476,-2,-19,-95
1739483812.1732476,-70,57,-49
1739483812.2182477,45,-65,-51
1739483812.2642477,-27,-93,-98
1739483812.3102477,93,-12,-147
1739483812.3562477,48,-72,35
1739483812.4012475,57,-62,-51
1739483812.4472475,-40,-73,-107
1739483812.4932475,42,-56,-90
1739483812.5382476,30,-112,26
1739483812.5842476,-111,-4,36
1739483812.6302476,10,95,73
1739483812.6762476,66,19,-29
1739483812.7212474,23,95,22
1739483812.7672474,-36,-172,23
1739483812.8132474,0,-83,-106
1739483812.8582475,0,-26,-17
1739483812.9042475,-22,-4,-132
1739483812.9502475,-31,50,-27
1739483812.9962475,38,-31,43
1739483813.0412476,89,13,-47
1739483813.0872476,11,1,-68
1739483813.1332476,67,-57,-50
1739483813.1782477,22,-41,93
1739483813.2242477,-74,-48,-17
1739483813.2702477,-2,-10,194
1739483813.3162477,-37,36,-53
1739483813.3612475,0,-20,-12
1739483813.4072475,-97,-152,-23
1739483813.4532475,84,-101,0
1739483813.4982476,16,-28,-58
1739483813.5442476,31,3,-22
1739483813.5902476,2,29,75
1739483813.6362476,45,-90,34
1739483813.6812477,-12,-122,-194
1739483813.7272477,-29,-42,15
1739483813.7732477,63,-37,60
1739483813.8182476,35,0,6
1739483813.8642476,32,29,-7
1739483813.9102476,-45,22,20
1739483813.9562476,-30,-16,-19
1739483814.0012476,33,-91,23
1739483814.0472476,-47,-82,-121
1739483814.0982475,14,-51,19
1739483814.1442475,-42,-18,-50
1739483814.1902475,-35,-45,6
1739483814.2362475,48,-15,19
1739483814.2812476,-90,-66,-21
1739483814.3272476,-9,-66,-57
1739483814.3732476,-7,-23,18
1739483814.4182477,-24,38,56
1739483814.4642477,32,47,-24
1739483814.5102477,-16,-21,-17
1739483814.5562477,45,53,43
1739483814.6012475,7,1,20
1739483814.6472476,24,-63,-112
1739483814.6932476,5,24,21
1739483814.7382476,-53,4,23
1739483814.7842476,-28,-32,-23
1739483814.8302476,-42,-44,-1
1739483814.8762476,64,-191,-98
1739483814.9212475,-1,3,52
1739483814.9672475,-8,80,-46
1739483815.0132475,50,9,89
1739483815.0582476,-5,-106,-55
1739483815.1042476,-25,-28,99
1739483815.1502476,32,-41,-131
1739483815.1962476,-4,8,16
1739483815.2412477,10,-3,-250
1739483815.2872477,46,-61,-73
1739483815.3332477,-9,-226,-35
1739483815.3782475,36,-153,33
1739483815.4242475,-65,-46,113
1739483815.4702475,-27,78,42
1739483815.5162475,25,-9,7
1739483815.5612476,-22,-53,68
1739483815.6072476,-42,50,-74
1739483815.6522477,-62,12,-21
1739483815.6972475,-20,-46,-4
1739483815.7432475,-2,-1,-106
1739483815.7892475,60,101,16
1739483815.8342476,-66,-48,-259
1739483815.8802476,-46,2,-82
1739483815.9262476,-13,-104,-66
1739483815.9722476,133,-39,-96
1739483816.0172474,30,-79,47
1739483816.0632474,-66,40,32
1739483816.1092474,7,12,-41
1739483816.1542475,22,-53,94
1739483816.2002475,41,-49,-124
1739483816.2462475,13,34,-44
1739483816.2922475,28,19,-77
1739483816.3372476,81,-75,-49
1739483816.3832476,-129,18,-21
1739483816.4292476,55,15,6
1739483816.4742477,61,73,-12
1739483816.5202477,9,33,0
1739483816.5662477,46,33,-100
1739483816.6122477,34,-52,-122
1739483816.6572475,13,-25,-104
1739483816.7032475,-61,-104,-56
1739483816.7492476,-2,-85,0
1739483816.7942476,35,-37,38
1739483816.8402476,-43,-18,23
1739483816.8862476,-46,-6,-36
1739483816.9322476,-19,18,152
1739483816.9772477,7,52,-52
1739483817.0232477,49,-75,-76
1739483817.0692475,31,-24,-2
1739483817.1142476,56,-51,-7
1739483817.1602476,-17,-6,-118
1739483817.2062476,71,-31,-82
1739483817.2522476,-26,-70,-155
1739483817.2972476,57,109,-27
1739483817.3432477,104,49,-29
1739483817.3892477,52,-61,58
1739483817.4342475,-54,-134,-58
1739483817.4802475,-34,-42,45
1739483817.5262475,-88,-72,-169
1739483817.5722475,55,-73,-61
1739483817.6172476,8,-99,-93
1739483817.6632476,-42,80,-129
1739483817.7092476,-37,-58,-162
1739483817.7542477,-1,64,-155
1739483817.8002477,-49,0,-78
1739483817.8462474,21,55,-39
1739483817.8922474,-25,34,89
1739483817.9372475,40,-37,-95
1739483817.9832475,-31,20,-28
1739483818.0292475,54,-123,-36
1739483818.0742476,57,29,0
1739483818.1202476,-11,72,-116
1739483818.1662476,-84,-58,-54
1739483818.2122476,-39,-18,-114
1739483818.2572474,-30,-28,-23
1739483818.3032477,42,-35,-81
1739483818.3492477,-13,-4,-98
1739483818.3942475,83,-43,-2
1739483818.4402475,77,29,-44
1739483818.4862475,-70,-152,-31
1739483818.5322475,-61,-40,-28
1739483818.5772476,24,-161,-194
1739483818.6232476,-2,-50,-116
1739483818.6692476,-1,-56,-18
1739483818.7142477,26,-53,-99
1739483818.7602477,-14,36,-38
1739483818.8062477,-19,-12,-1
1739483818.8512475,0,-37,-137
1739483818.8972476,0,7,-80
1739483818.9432476,-15,-102,-110
1739483818.9892476,50,-107,89
1739483819.0342476,-24,78,-5
1739483819.0802476,86,-97,-41
1739483819.1262476,53,29,-88
1739483819.1712475,-79,-136,34
1739483819.2172475,-18,100,-32
1739483819.2632475,-55,-16,-34
1739483819.3092475,85,-39,22
1739483819.3542476,4,-65,-24
1739483819.4002476,6,-111,41
1739483819.4462476,-50,-76,-112
1739483819.4912477,19,71,-124
1739483819.5372477,7,54,82
1739483819.5832477,-7,-18,30
1739483819.6292477,15,-79,2
1739483819.6742475,-20,12,-53
1739483819.7202475,45,-59,-10
1739483819.7662475,27,-70,-124
1739483819.8112476,-20,-109,33
1739483819.8572476,-56,-39,52
1739483819.9032476,32,-68,-128
1739483819.9492476,41,-77,-75
1739483819.9942474,48,-53,15
1739483820.0402474,-20,-132,-58
1739483820.0862474,6,-106,-120
1739483820.1312475,-2,67,-31
1739483820.1772475,-20,68,-51
1739483820.2232475,60,-93,-42
1739483820.2692475,38,-41,-74
1739483820.3142476,77,-10,-47
1739483820.3602476,-109,-79,62
1739483820.4062476,87,-16,-24
1739483820.4512477,-8,42,-40
1739483820.4972477,22,-63,-78
1739483820.5432477,30,3,83
1739483820.5892477,2,-60,-71
1739483820.6342475,-56,48,31
1739483820.6802475,38,33,49
1739483820.7262475,45,-25,10
1739483820.7712476,33,59,-79
1739483820.8172476,54,-65,-116
1739483820.8632476,18,-4,106
1739483820.9092476,42,-138,-6
1739483820.9542477,111,66,18
1739483821.0002477,6,-42,73
1739483821.0462475,16,-32,-78
1739483821.0912476,-48,-9,24
1739483821.1372476,-2,0,16
1739483821.1832476,-3,-108,9
1739483821.2292476,20,49,59
1739483821.2742476,48,-84,-48
1739483821.3202477,17,6,-33
1739483821.3662477,-42,-149,-96
1739483821.4112475,37,10,-18
1739483821.4572475,-37,-68,11
1739483821.5032475,29,-33,47
1739483821.5492475,21,-81,16
1739483821.5942476,-18,27,-55
1739483821.6402476,4,6,137
1739483821.6862476,8,13,-104
1739483821.7312477,-67,-140,-43
1739483821.7772477,-41,12,-94
1739483821.8232474,-45,-34,-167
1739483821.8692474,-40,-4,54
1739483821.9142475,-8,87,-32
1739483821.9602475,0,-108,45
1739483822.0062475,-10,-14,-21
1739483822.0512476,8,-37,173
1739483822.0972476,-9,-98,23
1739483822.1432476,0,-39,75
1739483822.1892476,-48,-20,27
1739483822.2342474,-12,14,-42
1739483822.2802474,33,-7,-112
1739483822.3262477,52,-52,-31
1739483822.3712475,56,-31,-56
1739483822.4172475,-13,23,38
1739483822.4632475,27,62,-42
1739483822.5092475,-68,-25,6
1739483822.5542476,-35,-31,-36
1739483822.6002476,64,19,123
1739483822.6462476,16,-45,-3
1739483822.6912477,11,-19,-77
1739483822.7372477,25,-69,13
1739483822.7832477,-79,26,-221
1739483822.8292477,-39,24,2
1739483822.8742476,10,22,3
1739483822.9202476,0,-85,-112
1739483822.9662476,-50,81,-15
1739483823.0112476,-4,13,-8
1739483823.0572476,-19,-31,52
1739483823.1032476,-76,-65,44
1739483823.1492476,16,-44,-30
1739483823.1942475,74,0,-28
1739483823.2402475,-54,-113,-76
1739483823.2862475,-47,33,-70
1739483823.3312476,41,6,14
1739483823.3772476,-43,-27,14
1739483823.4232476,-36,-13,-1
1739483823.4692476,31,-37,14
1739483823.5142477,45,-61,-9
1739483823.5602477,28,53,-8
1739483823.6062477,78,31,27
1739483823.6512475,-29,-88,-91
1739483823.6972475,13,15,88
1739483823.7432475,39,36,-118
1739483823.7892475,-29,-87,22
1739483823.8342476,15,8,-40
1739483823.8802476,-53,106,89
1739483823.9262476,38,-101,0
1739483823.9712474,4,0,-22
1739483824.0172474,60,91,-178
1739483824.0632474,17,-24,-2
1739483824.1142476,-115,-91,-21
1739483824.1602476,-48,-23,-1
1739483824.2062476,-5,-191,-31
1739483824.2512476,-29,19,17
1739483824.2972476,38,-101,-80
1739483824.3432477,23,28,-117
1739483824.3892477,29,-18,146
1739483824.4342475,17,-16,-9
1739483824.4802475,-9,-21,86
1739483824.5262475,32,-59,1
1739483824.5712476,-51,-40,-2
1739483824.6172476,-23,-103,-66
1739483824.6632476,-74,41,-50
1739483824.7092476,0,-47,-39
1739483824.7542477,49,-26,-21
1739483824.8002477,30,18,-61
1739483824.8462474,-9,-3,-113
1739483824.8912475,57,2,-76
1739483824.9372475,-54,16,-27
1739483824.9832475,75,-84,-13
1739483825.0292475,22,79,7
1739483825.0742476,64,48,-74
1739483825.1202476,-16,-40,-44
1739483825.1662476,-31,-21,-144
1739483825.2112474,11,-68,-70
1739483825.2572474,23,-55,-43
1739483825.3032477,-11,46,0
1739483825.3492477,-60,-2,-23
1739483825.3942475,60,7,-6
1739483825.4402475,-65,-26,-9
1739483825.4862475,56,-7,-106
1739483825.5312476,3,-54,56
1739483825.5772476,81,16,-66
1739483825.6232476,-53,32,64
1739483825.6692476,6,-53,-22
1739483825.7142477,-70,44,-87
1739483825.7602477,-2,-34,25
1739483825.8062477,35,0,-130
1739483825.8512475,-1,-85,30
1739483825.8972476,11,-11,7
1739483825.9432476,43,51,-12
1739483825.9892476,-18,-26,-89
1739483826.0342476,41,-27,-42
1739483826.0802476,17,-15,-45
1739483826.1262476,13,31,13
1739483826.1712475,13,-112,-97
1739483826.2172475,12,-38,19
1739483826.2632475,2,64,69
1739483826.3092475,21,6,0
1739483826.3542476,32,-46,38
1739483826.4002476,-12,-51,-21
1739483826.4462476,-107,-56,-66
1739483826.4912477,62,51,48
1739483826.5372477,-44,-120,-97
1739483826.5832477,-61,-198,-9
1739483826.6292477,-34,-107,-71
1739483826.6742475,-6,16,-108
1739483826.7202475,-28,-58,-37
1739483826.7662475,4,-19,16
1739483826.8112476,-54,-66,-42
1739483826.8572476,-3,-58,-44
1739483826.9032476,-2,36,-7
1739483826.9492476,-58,10,24
1739483826.9942474,110,11,-74
1739483827.0402474,-17,-8,-84
1739483827.0862474,-36,20,-108
1739483827.1312475,-73,-1,-184
1739483827.1772475,4,-43,24
1739483827.2232475,-5,16,-105
1739483827.2692475,124,57,-72
1739483827.3142476,-10,14,-23
1739483827.3602476,3,-86,7
1739483827.4062476,1,-26,-60
1739483827.4512477,-35,-10,-70
1739483827.4972477,70,-43,-32
1739483827.5432477,78,43,-58
1739483827.5892477,-69,-12,0
1739483827.6342475,-111,-99,-204
1739483827.6802475,35,-58,-75
1739483827.7262475,36,-30,-42
1739483827.7712476,-5,-26,-35
1739483827.8172476,-59,25,-88
1739483827.8632476,18,70,16
1739483827.9092476,6,-92,-83
1739483827.9542477,-69,-51,78
1739483828.0002477,-7,-82,-48
1739483828.0462475,32,-40,91
1739483828.0912476,-4,4,0
1739483828.1372476,-71,-73,-33
1739483828.1832476,33,-142,-165
1739483828.2292476,17,-8,-152
1739483828.2742476,67,100,12
1739483828.3202477,45,38,-28
1739483828.3662477,18,54,105
1739483828.4112475,40,58,-10
1739483828.4572475,21,-18,38
1739483828.5032475,-18,-63,6
1739483828.5492475,-119,25,36
1739483828.5942476,-19,-13,-150
1739483828.6402476,76,-56,-34
1739483828.6862476,18,1,19
1739483828.7312477,-66,33,-93
1739483828.7772477,8,-76,-118
1739483828.8232474,-26,-70,-84
1739483828.8692474,-4,-10,-26
1739483828.9142475,80,-27,0
1739483828.9602475,-68,-54,-56
1739483829.0062475,-9,-120,-110
1739483829.0512476,-51,22,-13
1739483829.0972476,17,-60,-145
1739483829.1432476,23,-92,-77
1739483829.1892476,-53,-5,-96
1739483829.2342474,-15,-37,-12
1739483829.2802474,-35,-31,-72
1739483829.3262477,-7,1,41
1739483829.3712475,-22,-35,67
1739483829.4172475,110,-16,163
1739483829.4632475,-22,-5,127
1739483829.5092475,-37,57,-60
1739483829.5542476,30,-122,-88
1739483829.6002476,51,-124,-55
1739483829.6462476,-30,49,-160
1739483829.6912477,-31,-145,23
1739483829.7372477,15,-32,1
1739483829.7832477,4,-152,56
1739483829.8292477,-4,41,-72
1739483829.8742476,-9,-91,-9
1739483829.9202476,1,-152,43
1739483829.9662476,-61,-12,-28
1739483830.0112476,-48,-46,-102
1739483830.0572476,15,-36,-23
1739483830.1032476,-3,-17,-90
1739483830.1492476,46,14,-10
1739483830.1942475,-66,-43,-98
1739483830.2402475,4,19,-112
1739483830.2862475,46,-20,-92
1739483830.3312476,29,-32,61
1739483830.3772476,15,-90,-40
1739483830.4232476,12,26,-3
1739483830.4692476,-63,-69,-28
1739483830.5142477,-3,-117,-39
1739483830.5602477,-48,52,-97
1739483830.6062477,25,-14,-64
1739483830.6512475,88,-56,-127
1739483830.6972475,7,61,34
1739483830.7432475,31,-83,-35
1739483830.7892475,-55,-25,-90
1739483830.8342476,56,28,-47
1739483830.8802476,-49,19,-36
1739483830.9262476,-44,-97,175
1739483830.9712474,37,-52,47
1739483831.0172474,-45,-51,-69
1739483831.0632474,-10,0,40
1739483831.1092474,-21,-12,-39
1739483831.1542475,5,-50,-6
1739483831.2002475,21,111,-1
1739483831.2462475,48,19,-121
1739483831.2912476,16,-53,-101
1739483831.3372476,-13,-64,-55
1739483831.3832476,42,-47,-28
1739483831.4292476,-16,-48,-48
1739483831.4742477,110,-37,-161
1739483831.5202477,31,-129,-42
1739483831.5662477,-48,-87,0
1739483831.6112475,-35,-3,-50
1739483831.6572475,93,-109,-30
1739483831.7032475,0,-124,25
1739483831.7492476,-90,20,-164
1739483831.7942476,-26,-110,0
1739483831.8402476,59,7,-5
1739483831.8862476,-49,-2,-64
1739483831.9312477,-35,-10,-23
1739483831.9772477,30,31,36
1739483832.0232477,58,-21,-18
1739483832.0692475,-29,-97,9
1739483832.1142476,16,24,65
1739483832.1602476,-43,31,-65
1739483832.2062476,66,1,-117
1739483832.2512476,4,17,-7
1739483832.2972476,-12,2,22
1739483832.3432477,15,-43,-25
1739483832.3892477,64,-205,-16
1739483832.4342475,-34,-16,-76
1739483832.4802475,0,-118,-68
1739483832.5262475,0,2,-47
1739483832.5712476,-45,-17,0
1739483832.6172476,66,-102,-60
1739483832.6632476,-56,-41,-33
1739483832.7092476,30,-21,-81
1739483832.7542477,0,-18,-57
1739483832.8002477,-23,9,-77
1739483832.8462474,29,-76,-61
1739483832.8912475,56,54,-51
1739483832.9372475,22,-85,-24
1739483832.9832475,-37,-30,-50
1739483833.0292475,-45,-12,-14
1739483833.0742476,52,5,-141
1739483833.1202476,-43,-64,-16
1739483833.1662476,41,-131,-10
1739483833.2112474,65,-17,-91
1739483833.2572474,-37,5,120
1739483833.3032477,72,-2,-91
1739483833.3492477,-108,-12,51
1739483833.3942475,-49,-32,-164
1739483833.4402475,28,30,-105
1739483833.4862475,0,37,-10
1739483833.5312476,24,-90,-91
1739483833.5772476,43,62,52
1739483833.6232476,32,-34,-76
1739483833.6692476,-29,-1,37
1739483833.7142477,17,-126,29
1739483833.7602477,-25,-37,30
1739483833.8062477,-27,-91,-66
1739483833.8512475,-70,-21,124
1739483833.8972476,-9,-51,22
1739483833.9432476,35,72,-73
1739483833.9892476,64,-20,-77
1739483834.0342476,-20,-121,41
1739483834.0862474,-25,83,-12
1739483834.1312475,-19,-25,34
1739483834.1772475,-29,-55,-68
1739483834.2232475,39,14,-77
1739483834.2692475,44,-50,54
1739483834.3142476,56,-32,-22
1739483834.3602476,5,-60,-52
1739483834.4062476,-44,-71,-36
1739483834.4512477,15,70,73
1739483834.4972477,-19,-99,11
1739483834.5432477,-38,-73,-52
1739483834.5892477,5,17,-57
1739483834.6342475,46,2,-23
1739483834.6802475,-55,-19,-99
1739483834.7262475,-16,7,-14
1739483834.7712476,-46,165,12
1739483834.8172476,41,-18,-4
1739483834.8632476,75,-6,-2
1739483834.9092476,68,-52,8
1739483834.9542477,-77,-65,-144
1739483835.0002477,-3,-46,-13
1739483835.0462475,-17,0,-17
1739483835.0912476,-79,-15,-50
1739483835.1372476,-24,-115,-36
1739483835.1832476,23,-36,-81
1739483835.2292476,-40,-13,-106
1739483835.2742476,0,17,72
1739483835.3202477,9,-50,37
1739483835.3662477,-47,41,55
1739483835.4112475,1,24,-93
1739483835.4572475,-51,61,73
1739483835.5032475,-1,-108,-171
1739483835.5492475,47,-108,58
1739483835.5942476,-17,21,76
1739483835.6402476,-30,41,-98
1739483835.6862476,22,-26,-34
1739483835.7312477,-98,-17,113
1739483835.7772477,-51,11,26
1739483835.8232474,16,4,-28
1739483835.8692474,86,10,-16
1739483835.9142475,54,8,-4
1739483835.9602475,-21,77,-65
1739483836.0062475,-42,-63,-1
1739483836.0512476,-34,-23,31
1739483836.0972476,-24,-41,-45
1739483836.1432476,48,-52,38
1739483836.1892476,8,-20,-58
1739483836.2342474,-86,81,-20
1739483836.2802474,-111,15,-72
1739483836.3262477,65,32,-79
1739483836.3712475,-19,-71,-30
1739483836.4172475,52,-56,-94
1739483836.4632475,27,52,-3
1739483836.5092475,96,-32,0
1739483836.5542476,15,-89,29
1739483836.6002476,11,-44,32
1739483836.6462476,-32,-23,-54
1739483836.6912477,-23,-71,-35
1739483836.7372477,10,-36,7
1739483836.7832477,55,-64,20
1739483836.8292477,6,-80,-73
1739483836.8742476,-4,-47,9
1739483836.9202476,31,60,-50
1739483836.9662476,38,-38,-33
1739483837.0112476,-24,-169,-164
1739483837.0572476,16,-8,-40
1739483837.1032476,-50,9,66
1739483837.1492476,-53,-17,-53
1739483837.1942475,-64,-19,-151
1739483837.2402475,-39,55,-2
1739483837.2862475,14,-74,-134
1739483837.3312476,-54,77,18
1739483837.3772476,12,106,-166
1739483837.4232476,-77,-83,88
1739483837.4692476,-84,-61,-6
1739483837.5142477,-33,-59,-131
1739483837.5602477,-16,-17,-23
1739483837.6062477,-23,-109,79
1739483837.6512475,51,26,-6
1739483837.6972475,-56,113,-30
1739483837.7432475,-16,-111,-1
1739483837.7892475,-86,-49,-126
1739483837.8342476,47,-106,21
1739483837.8802476,7,-40,-110
1739483837.9262476,18,58,-19
1739483837.9712474,17,-2,-55
1739483838.0172474,31,-16,-17
1739483838.0632474,27,35,-102
1739483838.1092474,5,-58,30
1739483838.1542475,16,-30,-31
1739483838.2002475,-25,65,-31
1739483838.2462475,-65,27,-25
1739483838.2912476,-63,-83,-6
1739483838.3372476,78,28,-9
1739483838.3832476,-39,-15,-18
1739483838.4292476,-4,-182,-55
1739483838.4742477,-45,-50,26
1739483838.5202477,-11,15,81
1739483838.5662477,70,-22,-1
1739483838.6112475,-18,4,57
1739483838.6572475,0,-140,-100
1739483838.7032475,-16,-23,-39
1739483838.7492476,17,-10,-3
1739483838.7942476,36,-76,-90
1739483838.8402476,33,-88,-26
1739483838.8862476,-1,-6,-8
1739483838.9312477,62,-64,31
1739483838.9772477,85,-102,-123
1739483839.0232477,51,-66,15
1739483839.0692475,-22,9,-3
1739483839.1142476,-40,125,43
1739483839.1602476,-13,-95,-137
1739483839.2062476,-1,-79,42
1739483839.2512476,26,-50,-23
1739483839.2972476,-30,7,-15
1739483839.3432477,37,-96,-28
1739483839.3892477,67,-20,-96
1739483839.4342475,-68,-76,-4
1739483839.4802475,-1,52,-48
1739483839.5262475,-51,68,-68
1739483839.5712476,-3,58,-66
1739483839.6172476,59,-77,-14
1739483839.6632476,-71,-18,-118
1739483839.7092476,19,-18,-60
1739483839.7542477,-50,-86,-43
1739483839.8002477,27,48,78
1739483839.8462474,97,11,-49
1739483839.8912475,24,19,49
1739483839.9372475,32,-89,102
1739483839.9832475,-15,11,66
1739483840.0292475,46,5,0
1739483840.0742476,18,45,-23
1739483840.1202476,-69,-62,-22
1739483840.1662476,87,11,21
1739483840.2112474,98,1,-33
1739483840.2572474,49,-27,-18
1739483840.3032477,38,-87,-46
1739483840.3492477,-14,32,-20
1739483840.3942475,-5,-22,-110
1739483840.4402475,-12,12,1
1739483840.4862475,-25,56,90
1739483840.5312476,75,-35,-88
1739483840.5772476,-101,-50,-71
1739483840.6232476,39,35,-33
1739483840.6692476,-45,2,-56
1739483840.7142477,-46,-164,-32
1739483840.7602477,-37,-36,-66
1739483840.8062477,-46,-92,29
1739483840.8512475,87,-65,-208
1739483840.8972476,62,31,5
1739483840.9432476,-24,-22,-132
1739483840.9892476,-11,-24,-104
1739483841.0342476,-14,-76,-39
1739483841.0802476,-28,-7,-3
1739483841.1262476,24,0,14
1739483841.1712475,-6,31,-45
1739483841.2172475,-26,-92,-40
1739483841.2632475,-12,-2,-67
1739483841.3092475,-78,-66,-135
1739483841.3542476,32,-9,-26
1739483841.4002476,82,0,-45
1739483841.4462476,0,-38,-62
1739483841.4912477,14,35,-104
1739483841.5372477,-73,-14,20
1739483841.5832477,46,-71,35
1739483841.6292477,25,200,0
1739483841.6742475,14,-5,-17
1739483841.7202475,-14,86,-88
1739483841.7652476,6,-16,47
1739483841.8102477,-77,56,-72
1739483841.8562477,26,55,-42
1739483841.9022477,-22,12,16
1739483841.9472475,-116,-66,22
1739483841.9932475,-70,86,32
1739483842.0392475,53,11,69
1739483842.0852475,20,-18,-13
1739483842.1302476,-2,-156,38
1739483842.1762476,11,-67,-1
1739483842.2222476,-1,24,-112
1739483842.2672474,9,-91,-45
1739483842.3132474,5,-54,-103
1739483842.3592474,67,-105,-72
1739483842.4052474,-35,-48,-43
1739483842.4502475,-20,-28,-28
1739483842.4962475,21,-93,-29
1739483842.5422475,41,-63,-142
1739483842.5872476,-75,2,-139
1739483842.6332476,17,-89,49
1739483842.6792476,43,-75,-51
1739483842.7252476,-97,-112,-4
1739483842.7702477,26,69,-31
1739483842.8162477,122,-95,-143
1739483842.8622477,31,-15,114
1739483842.9072475,41,-25,-49
1739483842.9532475,57,-71,-16
1739483842.9992476,-91,-62,-68
1739483843.0452476,-72,-26,-37
1739483843.0902476,-7,-16,-138
1739483843.1362476,9,27,-59
1739483843.1822476,81,-77,1
1739483843.2272477,25,-129,-74
1739483843.2732477,-32,118,83
1739483843.3192475,-38,-46,28
1739483843.3652475,21,3,-86
1739483843.4102476,1,-118,-58
1739483843.4562476,-94,12,-108
1739483843.5022476,-33,50,24
1739483843.5472476,3,63,25
1739483843.5932477,19,-43,-73
1739483843.6392477,78,25,59
1739483843.6852477,-34,10,0
1739483843.7302475,-30,-6,65
1739483843.7762475,14,-77,-135
1739483843.8222475,-46,-12,0
1739483843.8672476,3,-11,24
1739483843.9132476,-37,0,-80
1739483843.9592476,1,39,-114
1739483844.0052476,24,-73,-96
1739483844.0502477,-11,-176,-30
1739483844.1022477,6,69,20
1739483844.1472476,38,-9,-12
1739483844.1932476,-92,-38,-142
1739483844.2392476,36,-65,5
1739483844.2852476,-50,-54,-95
1739483844.3302476,37,-11,-4
1739483844.3762476,2,-70,104
1739483844.4222476,-52,74,-148
1739483844.4672475,-28,20,116
1739483844.5132475,-59,6,-72
1739483844.5592475,0,77,83
1739483844.6052475,-22,-16,-38
1739483844.6502476,-92,8,-58
1739483844.6962476,-87,-144,-8
1739483844.7422476,9,33,17
1739483844.7872477,17,-87,-35
1739483844.8332477,-74,-47,3
1739483844.8792477,6,48,-10
1739483844.9252477,6,-97,61
1739483844.9702475,-167,-25,-38
1739483845.0162475,37,-179,-50
1739483845.0622475,-56,-23,-61
1739483845.1072476,14,54,-156
1739483845.1532476,-11,19,-197
1739483845.1992476,22,54,8
1739483845.2452476,-9,-49,-39
1739483845.2902474,-47,-24,-48
1739483845.3362474,28,-21,91
1739483845.3822474,24,11,-92
1739483845.4272475,89,75,-27
1739483845.4732475,-7,-112,-69
1739483845.5202477,-37,-72,-103
1739483845.5662477,18,-39,-37
1739483845.6112475,115,-29,-53
1739483845.6572475,26,-127,13
1739483845.7032475,-13,-84,-92
1739483845.7492476,14,-33,31
1739483845.7942476,-77,94,-148
1739483845.8402476,27,47,-69
1739483845.8862476,-44,-20,-56
1739483845.9312477,19,-65,-77
1739483845.9772477,46,-139,63
1739483846.0232477,27,-39,-40
1739483846.0692475,38,21,-111
1739483846.1142476,-20,88,-126
1739483846.1602476,-17,0,-22
1739483846.2062476,-78,-46,-112
1739483846.2512476,41,-61,-14
1739483846.2972476,64,-35,17
1739483846.3432477,51,-23,125
1739483846.3892477,18,-75,-30
1739483846.4342475,53,31,-30
1739483846.4802475,-40,8,-90
1739483846.5262475,47,-25,-25
1739483846.5712476,-82,-56,-86
1739483846.6172476,-27,0,-69
1739483846.6632476,-21,-55,-128
1739483846.7092476,-13,13,21
1739483846.7542477,55,-62,-34
1739483846.8002477,-3,-76,57
1739483846.8462474,35,-14,55
1739483846.8912475,21,-80,9
1739483846.9372475,-59,-19,20
1739483846.9832475,37,-145,26
1739483847.0292475,50,37,67
1739483847.0742476,10,-76,-125
1739483847.1202476,-2,-27,1
1739483847.1662476,4,-65,-66
1739483847.2112474,-22,-14,-86
1739483847.2572474,2,13,13
1739483847.3032477,-52,-64,-14
1739483847.3492477,38,-57,37
1739483847.3942475,-64,40,-21
1739483847.4402475,-10,-24,-22
1739483847.4862475,84,-25,-38
1739483847.5312476,-20,-134,-110
1739483847.5772476,-18,76,-38
1739483847.6232476,-35,-80,-36
1739483847.6692476,-3,40,-126
1739483847.7142477,6,-61,-69
1739483847.7602477,60,13,83
1739483847.8062477,-72,-26,30
1739483847.8512475,34,-43,-77
1739483847.8972476,-47,25,-18
1739483847.9432476,-30,-58,-1
1739483847.9892476,37,63,-19
1739483848.0342476,-88,-38,-22
1739483848.0802476,-1,73,31
1739483848.1262476,-53,-24,24
1739483848.1712475,29,84,-9
1739483848.2172475,18,-90,-120
1739483848.2632475,12,-54,-16
1739483848.3092475,-26,-51,-61
1739483848.3542476,-27,-111,-69
1739483848.4002476,21,-8,-84
1739483848.4462476,-13,-71,-3
1739483848.4912477,-16,-15,-11
1739483848.5372477,-62,-99,106
1739483848.5832477,22,-10,11
1739483848.6292477,11,-186,10
1739483848.6742475,24,-46,-107
1739483848.7202475,8,13,-97
1739483848.7662475,0,-115,-13
1739483848.8112476,-2,-21,-1
1739483848.8572476,22,-54,100
1739483848.9032476,91,-15,-104
1739483848.9492476,25,-12,-50
1739483848.9942474,-35,-66,13
1739483849.0402474,0,-26,-28
1739483849.0862474,0,75,-84
1739483849.1312475,-38,49,-99
1739483849.1772475,-5,-6,34
1739483849.2232475,13,45,15
1739483849.2692475,-71,-51,-78
1739483849.3142476,22,-49,11
1739483849.3602476,54,80,-11
1739483849.4062476,-41,-127,-7
1739483849.4512477,-42,-69,-60
1739483849.4972477,27,-132,80
1739483849.5432477,-50,-127,70
1739483849.5892477,35,-124,-76
1739483849.6342475,-125,-111,-12
1739483849.6802475,70,-114,-15
1739483849.7262475,-38,-83,-66
1739483849.7712476,62,-36,-84
1739483849.8172476,13,-126,-91
1739483849.8632476,40,-56,-103
1739483849.9092476,-58,-63,-39
1739483849.9542477,66,14,8
1739483850.0002477,-37,-137,65
1739483850.0462475,37,-8,-45
1739483850.0912476,94,-74,29
1739483850.1372476,-7,-44,-33
1739483850.1832476,-102,20,-159
1739483850.2292476,24,-48,-2
1739483850.2742476,43,10,-192
1739483850.3202477,51,-114,100
1739483850.3662477,-35,-47,-40
1739483850.4112475,-57,-179,41
1739483850.4572475,105,-74,-28
1739483850.5032475,33,-136,-83
1739483850.5492475,39,64,-45
1739483850.5942476,1,-44,-23
1739483850.6402476,-32,-31,7
1739483850.6862476,-3,-59,35
1739483850.7312477,25,-22,21
1739483850.7772477,-2,56,18
1739483850.8232474,-21,-9,-85
1739483850.8692474,-96,1,-71
1739483850.9142475,-71,1,147
1739483850.9602475,12,-98,-67
1739483851.0062475,-12,-56,-91
1739483851.0512476,24,18,-77
1739483851.0972476,-35,-49,-79
1739483851.1432476,62,-28,160
1739483851.1892476,25,-150,-67
1739483851.2342474,-3,-1,55
1739483851.2802474,-18,99,-131
1739483851.3262477,2,-53,-59
1739483851.3712475,-74,55,-64
1739483851.4172475,-41,7,24
1739483851.4632475,-16,55,1
1739483851.5092475,-16,-133,-36
1739483851.5542476,14,-86,46
1739483851.6002476,28,-72,24
1739483851.6462476,-11,-45,113
1739483851.6912477,22,-56,33
1739483851.7372477,62,-158,-48
1739483851.7832477,32,-20,12
1739483851.8292477,-4,57,20
1739483851.8742476,-59,0,-132
1739483851.9202476,63,-4,-93
1739483851.9662476,7,-48,-74
1739483852.0112476,12,24,-4
1739483852.0572476,32,2,-70
1739483852.1032476,96,-18,51
1739483852.1482477,-34,-25,-14
1739483852.1942475,43,70,47
1739483852.2402475,-44,-5,-52
1739483852.2862475,68,34,-24
1739483852.3312476,34,68,67
1739483852.3772476,0,-92,9
1739483852.4232476,-5,0,-28
1739483852.4682477,-29,-59,-94
1739483852.5142477,-38,69,-80
1739483852.5602477,17,-98,-80
1739483852.6062477,62,0,-70
1739483852.6512475,32,-26,60
1739483852.6972475,51,-4,-23
1739483852.7432475,27,-94,-65
1739483852.7882476,33,-58,-72
1739483852.8342476,-58,-11,-19
1739483852.8802476,-57,-51,64
1739483852.9262476,92,52,-43
1739483852.9712474,68,-80,-6
1739483853.0172474,-16,-55,-56
1739483853.0632474,12,-121,-82
1739483853.1082475,-38,-13,-7
1739483853.1542475,18,-76,26
1739483853.2002475,17,72,-7
1739483853.2462475,-69,29,22
1739483853.2912476,-12,-51,-6
1739483853.3372476,42,98,-56
1739483853.3832476,-31,65,5
1739483853.4282477,-13,-21,-116
1739483853.4742477,9,14,14
1739483853.5202477,94,34,16
1739483853.5662477,29,46,-25
1739483853.6112475,29,-32,49
1739483853.6572475,-3,33,-54
1739483853.7032475,89,-18,-38
1739483853.7482476,-12,-31,7
1739483853.7942476,-31,45,-23
1739483853.8402476,33,-76,-46
1739483853.8862476,-36,-147,58
1739483853.9312477,10,52,22
1739483853.9772477,-28,-33,-53
1739483854.0232477,4,-86,44
1739483854.0682476,21,-114,8
1739483854.1202476,126,2,-85
1739483854.1662476,33,-8,-43
1739483854.2112474,84,84,-26
1739483854.2572474,58,12,-102
1739483854.3032477,-9,-109,-89
1739483854.3482475,13,-30,-25
1739483854.3942475,-13,-15,33
1739483854.4402475,46,74,85
1739483854.4862475,0,-85,-45
1739483854.5312476,-34,71,-181
1739483854.5772476,17,-6,-80
1739483854.6232476,-34,-45,-8
1739483854.6682477,12,-22,-68
1739483854.7142477,1,-28,99
1739483854.7602477,-41,1,-85
1739483854.8062477,-110,-37,44
1739483854.8512475,-61,-51,26
1739483854.8972476,24,28,-63
1739483854.9432476,-12,-95,63
1739483854.9882476,-85,17,-45
1739483855.0342476,-95,-21,-23
1739483855.0802476,-29,25,-63
1739483855.1262476,75,-92,-86
1739483855.1712475,-78,-5,-14
1739483855.2172475,-32,77,-17
1739483855.2632475,90,4,-95
1739483855.3082476,-59,-33,-23
1739483855.3542476,32,-122,47
1739483855.4002476,4,44,-19
1739483855.4462476,110,24,45
1739483855.4912477,-68,85,24
1739483855.5372477,18,-26,-36
1739483855.5832477,36,-16,-86
1739483855.6282475,-16,-9,-54
1739483855.6742475,3,12,-91
1739483855.7202475,10,-6,-3
1739483855.7662475,-29,69,-25
1739483855.8112476,36,-20,19
1739483855.8572476,-13,71,35
1739483855.9032476,-47,-145,-134
1739483855.9482474,9,-80,17
1739483855.9942474,-36,-55,50
1739483856.0402474,11,65,-15
1739483856.0862474,-1,73,-20
1739483856.1312475,50,-62,31
1739483856.1772475,11,6,-128
1739483856.2232475,52,0,46
1739483856.2682476,-3,-34,-8
1739483856.3142476,-84,-49,-31
1739483856.3602476,-3,-86,-94
1739483856.4062476,46,-14,-121
1739483856.4512477,-10,-41,-156
1739483856.4972477,-40,63,-40
1739483856.5432477,43,-32,47
1739483856.5882475,18,46,-36
1739483856.6342475,17,-56,-81
1739483856.6802475,-50,31,3
1739483856.7262475,40,24,21
1739483856.7712476,10,-108,60
1739483856.8172476,73,-14,-25
1739483856.8632476,-4,-77,27
1739483856.9082477,-49,-129,-81
1739483856.9542477,-13,-81,-69
1739483857.0002477,18,10,53
1739483857.0462475,-76,21,-80
1739483857.0912476,-47,-69,-15
1739483857.1372476,47,80,-37
1739483857.1832476,-87,-67,-72
1739483857.2272477,8,22,-63
1739483857.2732477,-39,21,-3
1739483857.3192475,33,34,-56
1739483857.3642476,75,-20,27
1739483857.4102476,-21,-92,58
1739483857.4562476,15,-111,16
1739483857.5022476,8,64,-86
1739483857.5472476,50,-26,-32
1739483857.5932477,34,54,-4
1739483857.6392477,-53,87,-18
1739483857.6842475,-18,-67,26
1739483857.7302475,-23,63,-27
1739483857.7762475,20,-48,-16
1739483857.8222475,79,48,-33
1739483857.8672476,0,51,-5
1739483857.9132476,82,-92,-55
1739483857.9592476,29,-128,-52
1739483858.0042477,-18,-23,-58
1739483858.0502477,-34,-93,-163
1739483858.0962474,107,54,-47
1739483858.1422474,-7,8,-21
1739483858.1872475,-16,21,58
1739483858.2332475,-7,-147,-7
1739483858.2792475,93,-88,-115
1739483858.3242476,-1,-12,-191
1739483858.3702476,28,54,-15
1739483858.4162476,-18,-13,-2
1739483858.4622476,39,78,5
1739483858.5072474,-115,-43,72
1739483858.5532477,-77,-39,22
1739483858.5992477,11,-31,-42
1739483858.6442475,22,-78,-65
1739483858.6902475,-70,5,-47
1739483858.7362475,43,-46,-26
1739483858.7822475,-6,11,-19
1739483858.8272476,-28,-57,-10
1739483858.8732476,-9,2,-30
1739483858.9192476,54,-62,0
1739483858.9642477,-43,5,-4
1739483859.0102477,45,-152,-155
1739483859.0562477,22,-118,-27
1739483859.1022477,15,42,23
1739483859.1472476,-72,-95,-80
1739483859.1932476,-52,-137,-63
1739483859.2392476,-2,52,-113
1739483859.2842476,-93,-55,-20
1739483859.3302476,-34,-67,-47
1739483859.3762476,-25,29,-19
1739483859.4222476,-9,-71,37
1739483859.4672475,10,96,-86
1739483859.5132475,12,6,19
1739483859.5592475,22,-18,-2
1739483859.6042476,21,-70,-18
1739483859.6502476,-33,59,-110
1739483859.6962476,17,6,-142
1739483859.7422476,-32,5,23
1739483859.7872477,1,10,-76
1739483859.8332477,-60,-15,-10
1739483859.8792477,100,-32,48
1739483859.9242475,4,-68,-117
1739483859.9702475,19,-42,-54
1739483860.0162475,-17,-23,-62
1739483860.0622475,-77,17,85
1739483860.1072476,72,0,65
1739483860.1532476,-6,-25,45
1739483860.1992476,18,28,-68
1739483860.2442474,-4,-42,21
1739483860.2902474,42,-20,-205
1739483860.3362474,-63,-9,-30
1739483860.3822474,39,-122,-129
1739483860.4272475,67,86,77
1739483860.4732475,4,-64,-89
1739483860.5192475,-14,1,-81
1739483860.5642476,39,30,-94
1739483860.6102476,-15,-101,-101
1739483860.6562476,35,-56,-59
1739483860.7022476,-16,-47,-79
1739483860.7472477,-52,107,-7
1739483860.7932477,-53,-69,2
1739483860.8392477,-50,-15,-164
1739483860.8842475,0,-1,-116
1739483860.9302475,-46,115,12
1739483860.9762475,-10,-23,-36
1739483861.0222476,15,32,10
1739483861.0672476,48,-106,29
1739483861.1132476,72,-4,-48
1739483861.1592476,-43,-41,-85
1739483861.2042477,94,-90,-137
1739483861.2502477,31,68,-85
1739483861.2962475,-18,-7,-106
1739483861.3422475,8,-38,-2
1739483861.3872476,-1,63,-125
1739483861.4332476,25,-134,0
1739483861.4792476,36,-92,-54
1739483861.5242476,54,-24,-39
1739483861.5702477,16,-78,6
1739483861.6162477,0,24,3
1739483861.6622477,-47,2,70
1739483861.7072475,-33,-23,60
1739483861.7532475,10,-151,-47
1739483861.7992475,19,8,115
1739483861.8442476,-47,-69,3
1739483861.8902476,40,30,20
1739483861.9362476,54,-40,-93
1739483861.9822476,-29,-123,-61
1739483862.0272477,49,92,87
1739483862.0732474,0,-26,-14
1739483862.1192474,-17,33,-14
1739483862.1642475,66,28,-9
1739483862.2102475,16,-28,16
1739483862.2562475,-39,-35,-25
1739483862.3022475,-39,-9,-90
1739483862.3472476,-4,-73,-19
1739483862.3932476,-94,5,-50
1739483862.4392476,58,108,-100
1739483862.4842474,12,-130,-95
1739483862.5302474,-20,-13,-2
1739483862.5762477,32,-80,13
1739483862.6222477,-34,45,-54
1739483862.6672475,-16,-121,-106
1739483862.7132475,-52,-31,-124
1739483862.7592475,-21,9,-121
1739483862.8042476,-14,69,40
1739483862.8502476,-9,-17,-17
1739483862.8962476,-7,5,-23
1739483862.9422476,14,-12,-55
1739483862.9872477,-24,-149,-116
1739483863.0332477,2,-64,-35
1739483863.0792477,-24,13,-45
1739483863.1242476,-57,-77,105
1739483863.1702476,-5,-39,-113
1739483863.2162476,-6,17,25
1739483863.2622476,0,-51,-151
1739483863.3072476,33,-58,-17
1739483863.3532476,-10,-137,-28
1739483863.3992476,-13,-83,-20
1739483863.4442475,28,-46,-152
1739483863.4902475,-97,-87,-42
1739483863.5362475,1,-69,-75
1739483863.5822475,-37,-59,-68
1739483863.6272476,-39,187,-61
1739483863.6732476,-18,-19,-37
1739483863.7192476,68,-44,-81
1739483863.7642477,89,-121,80
1739483863.8102477,-36,-108,10
1739483863.8562477,84,21,15
1739483863.9022477,4,-55,-108
1739483863.9472475,-46,-40,-109
1739483863.9932475,64,35,-159
1739483864.0392475,-21,-96,-45
1739483864.0842476,-25,-172,51
1739483864.1362476,-3,-90,-38
1739483864.1822476,-6,70,-87
1739483864.2272477,42,29,-32
1739483864.2732477,-62,-44,-7
1739483864.3192475,77,-89,-141
1739483864.3642476,-32,22,-127
1739483864.4102476,15,-109,-89
1739483864.4562476,-5,-32,-34
1739483864.5022476,111,5,-24
1739483864.5472476,-3,-38,-142
1739483864.5932477,-23,34,22
1739483864.6392477,-7,-110,-87
1739483864.6842475,-8,-48,-100
1739483864.7302475,-113,-6,65
1739483864.7762475,-32,0,-63
1739483864.8222475,58,35,-54
1739483864.8672476,-17,-34,-139
1739483864.9132476,-34,26,79
1739483864.9592476,-5,-16,27
1739483865.0042477,-57,-88,-56
1739483865.0502477,66,-89,-18
1739483865.0962474,-4,11,-145
1739483865.1422474,14,-29,-18
1739483865.1872475,62,-45,109
1739483865.2332475,21,39,-12
1739483865.2792475,22,-105,-57
1739483865.3242476,-21,2,4
1739483865.3702476,10,25,-3
1739483865.4162476,-40,28,35
1739483865.4622476,9,-113,-18
1739483865.5072474,7,-11,-49
1739483865.5532477,-30,104,-22
1739483865.5992477,38,-21,19
1739483865.6442475,-25,-76,-89
1739483865.6902475,-63,-6,29
1739483865.7362475,25,-17,17
1739483865.7822475,6,75,1
1739483865.8272476,18,-5,-88
1739483865.8732476,111,135,-70
1739483865.9192476,-38,-18,10
1739483865.9642477,-30,70,93
1739483866.0102477,6,-100,-149
1739483866.0562477,38,-59,15
1739483866.1022477,-16,-36,-105
1739483866.1472476,11,13,-61
1739483866.1932476,-49,-22,-17
1739483866.2392476,-29,-14,-31
1739483866.2842476,25,-49,-80
1739483866.3302476,21,-55,51
1739483866.3762476,-6,-110,-131
1739483866.4222476,15,-131,7
1739483866.4672475,21,-115,51
1739483866.5132475,-56,40,-19
1739483866.5592475,-37,-52,-89
1739483866.6042476,155,-65,-110
1739483866.6502476,-38,-74,18
1739483866.6962476,58,-25,-59
1739483866.7422476,8,-43,-84
1739483866.7872477,23,-135,-60
1739483866.8332477,-37,-24,41
1739483866.8792477,20,-47,-67
1739483866.9242475,-33,24,-12
1739483866.9702475,14,35,-50
1739483867.0162475,-2,-56,53
1739483867.0622475,12,19,-46
1739483867.1072476,-65,142,24
1739483867.1532476,-4,-22,-123
1739483867.1992476,9,25,-39
1739483867.2442474,23,45,24
1739483867.2902474,-4,88,-33
1739483867.3362474,4,-25,5
1739483867.3822474,94,-1,-158
1739483867.4272475,-64,-38,9
1739483867.4732475,-24,40,-5
1739483867.5192475,-28,-30,18
1739483867.5642476,-66,52,-44
1739483867.6102476,-46,82,-80
1739483867.6562476,60,-105,-63
1739483867.7022476,-62,44,-64
1739483867.7472477,-45,-178,-80
1739483867.7932477,46,65,35
1739483867.8392477,-120,0,4
1739483867.8842475,19,-103,-82
1739483867.9302475,-73,54,-28
1739483867.9762475,23,-3,-47
1739483868.0222476,-53,-154,-112
1739483868.0672476,16,-85,-19
1739483868.1132476,-51,-110,-104
1739483868.1592476,12,-45,-9
1739483868.2042477,28,115,-34
1739483868.2502477,17,15,-36
1739483868.2962475,46,55,57
1739483868.3422475,31,33,51
1739483868.3872476,70,-63,-13
1739483868.4332476,-12,8,-59
1739483868.4792476,-14,-8,-63
1739483868.5242476,-5,-18,61
1739483868.5702477,35,-83,-186
1739483868.6162477,43,-79,-102
1739483868.6622477,-21,8,-87
1739483868.7072475,31,-13,-24
1739483868.7532475,8,-17,-216
1739483868.7992475,-27,-6,-72
1739483868.8442476,55,3,-62
1739483868.8902476,-21,-74,0
1739483868.9362476,-28,-16,-115
1739483868.9822476,35,-37,90
1739483869.0272477,-46,30,-73
1739483869.0732474,-14,12,10
1739483869.1192474,22,119,-71
1739483869.1642475,-132,-90,-158
1739483869.2102475,36,-9,128
1739483869.2562475,74,-47,-62
1739483869.3022475,-59,-54,-96
1739483869.3472476,-16,12,-112
1739483869.3932476,-57,-4,53
1739483869.4392476,30,87,61
1739483869.4842474,58,-19,-84
1739483869.5302474,102,-59,-93
1739483869.5762477,-29,-14,-142
1739483869.6222477,-16,-34,-24
1739483869.6672475,-5,10,-74
1739483869.7132475,-58,30,-57
1739483869.7592475,0,-40,-62
1739483869.8042476,-4,-66,-90
1739483869.8502476,-4,-87,0
1739483869.8962476,-8,-20,65
1739483869.9422476,21,-15,3
1739483869.9872477,-98,76,-27
1739483870.0332477,-11,-20,11
1739483870.0792477,-15,-175,-86
1739483870.1242476,33,19,-67
1739483870.1702476,13,89,-28
1739483870.2162476,94,-15,44
1739483870.2622476,20,-33,58
1739483870.3072476,8,-105,48
1739483870.3532476,46,-3,-54
1739483870.3992476,-39,14,-22
1739483870.4442475,20,63,-100
1739483870.4902475,-42,-48,41
1739483870.5362475,-18,24,-20
1739483870.5822475,-25,-12,-21
1739483870.6272476,-3,-89,21
1739483870.6732476,12,-102,-108
1739483870.7192476,79,-35,20
1739483870.7642477,2,-33,30
1739483870.8102477,-13,-74,-92
1739483870.8562477,-28,0,-19
1739483870.9022477,5,47,-16
1739483870.9472475,-40,-68,69
1739483870.9932475,-1,10,48
1739483871.0392475,5,21,83
1739483871.0842476,-77,-6,-64
1739483871.1302476,-23,-100,-30
1739483871.1762476,-63,-100,-96
1739483871.2222476,-4,-8,-82
1739483871.2672474,0,28,-103
1739483871.3132474,-64,78,29
1739483871.3592474,88,11,12
1739483871.4042475,85,-77,-145
1739483871.4502475,0,-61,-24
1739483871.4962475,-42,-44,-132
1739483871.5422475,8,-47,48
1739483871.5872476,-8,-40,13
1739483871.6332476,-52,-124,-75
1739483871.6792476,-26,-38,-1
1739483871.7242477,-80,-98,-63
1739483871.7702477,1,-54,-35
1739483871.8162477,-4,-9,2
1739483871.8622477,-6,-46,-13
1739483871.9072475,20,-53,-50
1739483871.9532475,39,43,7
1739483871.9992476,-49,-158,-79
1739483872.0442476,33,-151,-96
1739483872.0902476,-9,-37,6
1739483872.1362476,-12,-52,13
1739483872.1822476,-4,-11,-54
1739483872.2272477,9,-52,-50
1739483872.2732477,35,0,-149
1739483872.3192475,20,-49,-90
1739483872.3642476,-6,26,-20
1739483872.4102476,-46,-19,-96
1739483872.4562476,-57,-21,-111
1739483872.5022476,43,48,92
1739483872.5472476,-2,-110,-124
1739483872.5932477,29,-88,-79
1739483872.6392477,23,-103,-30
1739483872.6842475,67,21,-39
1739483872.7302475,-7,-100,-41
1739483872.7762475,39,21,45
1739483872.8222475,62,-13,-189
1739483872.8672476,-22,-125,-84
1739483872.9132476,-9,6,-30
1739483872.9592476,70,-54,50
1739483873.0042477,0,39,-68
1739483873.0502477,-96,51,-48
1739483873.0962474,-77,-27,87
1739483873.1422474,-43,-17,-101
1739483873.1872475,63,-138,-90
1739483873.2332475,-77,-15,-45
1739483873.2792475,45,-30,-14
1739483873.3242476,-91,88,-5
1739483873.3702476,-23,-160,27
1739483873.4162476,-13,-64,4
1739483873.4622476,-62,-114,-71
1739483873.5072474,-44,-68,-56
1739483873.5532477,23,-45,91
1739483873.5992477,48,-1,-34
1739483873.6442475,-20,-56,-10
1739483873.6902475,30,-15,-13
1739483873.7362475,-23,-136,16
1739483873.7822475,-26,-68,1
1739483873.8272476,37,-23,30
1739483873.8732476,-14,98,5
1739483873.9192476,-58,-38,-51
1739483873.9642477,2,-26,-60
1739483874.0102477,-14,-44,2
1739483874.0562477,26,-65,48
1739483874.1022477,-11,51,19
1739483874.1532476,-17,139,-122
1739483874.1992476,33,-130,63
1739483874.2442474,84,-29,20
1739483874.2902474,-22,-126,-93
1739483874.3362474,-58,-108,-53
1739483874.3822474,-52,-100,35
1739483874.4272475,32,-18,-59
1739483874.4732475,-34,-33,-74
1739483874.5192475,31,0,-21
1739483874.5642476,47,-30,-8
1739483874.6102476,-79,9,-142
1739483874.6562476,13,-32,64
1739483874.7022476,-22,-34,43
1739483874.7472477,21,-115,-111
1739483874.7932477,109,-109,72
1739483874.8392477,-5,-30,46
1739483874.8842475,-32,-40,-79
1739483874.9302475,5,32,-145
1739483874.9762475,-55,-26,-217
1739483875.0222476,-20,-46,-70
1739483875.0672476,-45,-86,0
1739483875.1132476,-22,34,-119
1739483875.1592476,-53,50,54
1739483875.2042477,-55,-64,-48
1739483875.2502477,13,-189,55
1739483875.2962475,6,-70,-46
1739483875.3422475,31,35,32
1739483875.3872476,-20,-40,-22
1739483875.4332476,52,-91,-20
1739483875.4792476,-15,-28,-16
1739483875.5242476,-74,-46,-218
1739483875.5702477,-1,43,14
1739483875.6162477,-38,-98,2
1739483875.6622477,51,-57,-6
1739483875.7072475,-12,-106,20
1739483875.7532475,-75,4,-19
1739483875.7992475,-53,70,-3
1739483875.8442476,-88,61,-23
1739483875.8902476,2,59,-42
1739483875.9362476,-11,-96,-120
1739483875.9822476,-39,-57,-104
1739483876.0272477,-28,0,-4
1739483876.0732474,39,53,-136
1739483876.1192474,38,-37,-25
1739483876.1642475,33,-119,-135
1739483876.2102475,94,-79,-62
1739483876.2562475,33,-51,-75
1739483876.3022475,-5,-16,-86
1739483876.3472476,33,-77,-88
1739483876.3932476,4,6,-111
1739483876.4392476,-19,-68,11
1739483876.4842474,6,31,-53
1739483876.5302474,-20,37,83
1739483876.5762477,-32,75,16
1739483876.6222477,15,4,78
1739483876.6672475,-33,-103,-90
1739483876.7132475,-50,0,-27
1739483876.7592475,71,4,0
1739483876.8042476,-13,-63,-160
1739483876.8502476,50,48,-4
1739483876.8962476,-18,-7,-135
1739483876.9422476,-12,-72,18
1739483876.9872477,70,-49,109
1739483877.0332477,26,25,-37
1739483877.0792477,20,46,-72
1739483877.1242476,-33,15,-49
1739483877.1702476,-13,9,-69
1739483877.2162476,-7,-8,-62
1739483877.2622476,-46,0,23
1739483877.3072476,-1,-110,27
1739483877.3532476,-44,67,17
1739483877.3992476,25,-62,-83
1739483877.4442475,0,0,0
1739483877.4902475,51,-60,-70
1739483877.5362475,15,66,51
1739483877.5822475,-17,0,-53
1739483877.6272476,27,0,-14
1739483877.6732476,-93,-37,-158
1739483877.7192476,-49,-51,6
1739483877.7642477,10,52,60
1739483877.8102477,-11,27,-82
1739483877.8562477,-14,11,-14
1739483877.9022477,17,-56,-65
1739483877.9472475,27,164,-45
1739483877.9932475,-22,-15,-19
1739483878.0392475,-7,-16,16
1739483878.0842476,-98,-20,-4
1739483878.1302476,41,-57,-27
1739483878.1762476,1,-9,4
1739483878.2222476,-32,-116,-32
1739483878.2672474,8,-7,17
1739483878.3132474,35,-129,20
1739483878.3592474,33,-81,-52
1739483878.4042475,-62,-20,-20
1739483878.4502475,-103,-91,-37
1739483878.4962475,-4,-43,-105
1739483878.5422475,93,14,82
1739483878.5872476,4,-128,34
1739483878.6332476,92,-32,66
1739483878.6792476,-8,-173,109
1739483878.7242477,-110,-95,-37
1739483878.7702477,-48,-159,2
1739483878.8162477,47,-54,-39
1739483878.8622477,56,64,74
1739483878.9072475,14,7,43
1739483878.9532475,-9,6,-122
1739483878.9992476,23,-146,55
1739483879.0442476,26,74,-30
1739483879.0902476,75,108,-49
1739483879.1362476,62,-30,-49
1739483879.1822476,-12,-38,-65
1739483879.2272477,-3,91,-52
1739483879.2732477,-40,10,-89
1739483879.3192475,-39,-7,41
1739483879.3642476,-116,0,-55
1739483879.4102476,53,-43,-33
1739483879.4562476,52,53,-21
1739483879.5022476,-20,12,71
1739483879.5472476,38,41,-34
1739483879.5932477,108,-133,-65
1739483879.6392477,-51,-150,25
1739483879.6842475,30,-49,-33
1739483879.7302475,15,14,4
1739483879.7762475,-59,-44,-26
1739483879.8222475,-51,163,-76
1739483879.8672476,-11,-64,25
1739483879.9132476,-11,14,-30
1739483879.9592476,-31,-12,-13
1739483880.0042477,12,-73,-89
1739483880.0502477,-78,-135,-39
1739483880.0962474,46,28,104
1739483880.1422474,-136,-79,50
1739483880.1872475,-42,-57,-12
1739483880.2332475,-42,-75,-91
1739483880.2792475,5,74,-59
1739483880.3242476,-31,-119,2
1739483880.3702476,58,-12,-73
1739483880.4162476,26,-122,68
1739483880.4622476,16,-12,50
1739483880.5072474,-17,145,-113
1739483880.5532477,65,8,-31
1739483880.5992477,-15,-26,26
1739483880.6442475,-28,-42,-17
1739483880.6902475,54,-53,-55
1739483880.7362475,-30,-68,34
1739483880.7822475,0,-30,-136
1739483880.8272476,-70,-53,79
1739483880.8732476,12,-39,-75
1739483880.9192476,5,-111,121
1739483880.9642477,-16,-39,-21
1739483881.0102477,-32,-43,-136
1739483881.0562477,88,-23,29
1739483881.1022477,-36,-45,3
1739483881.1472476,23,-14,-69
1739483881.1932476,-11,-15,7
1739483881.2392476,65,14,52
1739483881.2842476,-19,-27,0
1739483881.3302476,33,10,-32
1739483881.3762476,-37,-69,86
1739483881.4222476,35,0,-152
1739483881.4672475,-23,-85,-65
1739483881.5132475,-4,9,-154
1739483881.5592475,-10,12,-38
1739483881.6042476,-11,-46,3
1739483881.6502476,-106,-30,-7
1739483881.6962476,6,23,-40
1739483881.7422476,-78,-26,6
1739483881.7872477,60,78,37
1739483881.8332477,-16,15,-146
1739483881.8792477,-53,0,-74
1739483881.9242475,-49,-9,-113
1739483881.9702475,-5,-11,-64
1739483882.0162475,-98,-101,109
1739483882.0622475,9,64,-175
1739483882.1072476,34,42,-48
1739483882.1532476,2,-64,61
1739483882.1992476,-20,0,-65
1739483882.2442474,-18,-86,-32
1739483882.2892475,-28,-97,-103
1739483882.3352475,-32,-65,-10
1739483882.3802476,34,-96,-48
1739483882.4262476,-20,-47,-103
1739483882.4722476,-1,-49,34
1739483882.5182476,35,-82,-50
1739483882.5632474,-7,-171,-28
1739483882.6092474,85,-134,-7
1739483882.6552474,44,-6,-58
1739483882.7002475,4,109,51
1739483882.7462475,-14,-62,-61
1739483882.7922475,21,-4,-29
1739483882.8382475,-25,-21,-126
1739483882.8832476,63,-60,58
1739483882.9292476,41,-60,-101
1739483882.9752476,1,-22,50
1739483883.0202477,19,42,30
1739483883.0662477,-15,-149,58
1739483883.1122477,21,12,-75
1739483883.1582477,-6,21,-30
1739483883.2032475,4,53,88
1739483883.2492476,-20,-21,-18
1739483883.2952476,-84,-13,-21
1739483883.3402476,-14,-13,49
1739483883.3862476,0,72,-72
1739483883.4322476,-50,-57,-69
1739483883.4782476,28,-156,11
1739483883.5232477,-70,-19,83
1739483883.5692475,58,-6,-99
1739483883.6152475,-26,-125,71
1739483883.6602476,31,-144,-57
1739483883.7062476,-29,-31,21
1739483883.7522476,-22,-185,-92
1739483883.7982476,41,4,20
1739483883.8432477,-27,-39,-15
1739483883.8892477,-52,47,-74
1739483883.9352477,20,-19,-49
1739483883.9802475,-86,-101,5
1739483884.0262475,44,-10,-43
1739483884.0722475,-35,-5,-7
1739483884.1232476,-118,-47,-104
1739483884.1692476,10,-96,18
1739483884.2152476,-17,-67,-110
1739483884.2602477,51,44,-41
1739483884.3062477,-22,1,-70
1739483884.3522477,5,48,57
1739483884.3982477,-8,-50,-108
1739483884.4432476,108,48,-3
1739483884.4892476,-11,62,-25
1739483884.5352476,13,28,-86
1739483884.5802476,97,-6,-59
1739483884.6262476,-6,33,-21
1739483884.6722476,39,32,31
1739483884.7172475,18,4,51
1739483884.7632475,6,45,63
1739483884.8092475,-142,-89,1
1739483884.8552475,49,12,-108
1739483884.9002476,57,4,121
1739483884.9462476,-114,-53,45
1739483884.9922476,-8,79,-62
1739483885.0372477,-24,23,-43
1739483885.0832477,17,82,6
1739483885.1292477,-11,-23,-55
1739483885.1752477,-28,-55,6
1739483885.2202475,44,-34,-81
1739483885.2662475,-48,-37,54
1739483885.3122475,42,-32,28
1739483885.3572476,-39,-71,-16
1739483885.4032476,27,68,-20
1739483885.4492476,52,-122,-33
1739483885.4952476,-44,-43,-41
1739483885.5402474,11,-55,21
1739483885.5862474,48,-44,13
1739483885.6322474,-12,-25,30
1739483885.6772475,36,-56,-66
1739483885.7232475,-21,-59,-69
1739483885.7692475,-4,-75,-85
1739483885.8152475,-81,55,-109
1739483885.8602476,-10,17,-78
1739483885.9062476,-15,49,-80
1739483885.9522476,18,-70,-26
1739483885.9972477,-61,23,57
1739483886.0432477,-22,59,-130
1739483886.0892477,-24,-33,-63
1739483886.1352477,10,32,-59
1739483886.1802475,2,-126,6
1739483886.2262475,-17,3,-108
1739483886.2722476,15,-82,-29
1739483886.3172476,-6,-81,-2
1739483886.3632476,41,-62,-5
1739483886.4092476,0,52,-26
1739483886.4552476,-21,-191,-67
1739483886.5002477,-64,-3,-11
1739483886.5462475,12,-160,-18
1739483886.5922475,-8,-45,-13
1739483886.6372476,1,-94,20
1739483886.6832476,16,-140,-41
1739483886.7292476,-24,39,-58
1739483886.7752476,1,30,-44
1739483886.8202477,-123,45,-39
1739483886.8662477,-36,-15,-129
1739483886.9122477,-24,-99,-69
1739483886.9572475,28,10,35
1739483887.0032475,43,-88,25
1739483887.0492475,-25,5,-16
1739483887.0952475,-78,-17,-75
1739483887.1402476,9,-60,-63
1739483887.1862476,-4,19,12
1739483887.2322476,16,-83,40
1739483887.2772477,66,32,12
1739483887.3232474,33,80,-38
1739483887.3692474,23,-54,112
1739483887.4152474,53,45,-100
1739483887.4602475,43,69,61
1739483887.5062475,-63,0,-142
1739483887.5522475,55,-5,2
1739483887.5972476,-12,-40,19
1739483887.6432476,-2,8,-58
1739483887.6892476,-7,54,-38
1739483887.7352476,-35,94,-124
1739483887.7802474,47,111,32
1739483887.8262477,-6,-22,45
1739483887.8722477,-3,-48,-74
1739483887.9172475,-18,-47,-82
1739483887.9632475,39,69,-217
1739483888.0092475,28,-45,-18
1739483888.0552475,28,-47,-56
1739483888.1002476,-30,-40,-59
1739483888.1462476,29,29,60
1739483888.1922476,-30,-48,-5
1739483888.2372477,28,-59,-41
1739483888.2832477,92,-47,-75
1739483888.3292477,63,-45,51
1739483888.3752477,-50,-108,9
1739483888.4202476,-27,56,12
1739483888.4662476,-2,-99,-57
1739483888.5122476,-21,20,-42
1739483888.5572476,3,-158,-12
1739483888.6032476,-54,34,15
1739483888.6492476,36,83,-75
1739483888.6952477,17,-37,9
1739483888.7402475,-101,32,-39
1739483888.7862475,-79,-96,-40
1739483888.8322475,0,15,82
1739483888.8772476,-37,-124,87
1739483888.9232476,-50,-10,-86
1739483888.9692476,-62,8,13
1739483889.0152476,81,1,-5
1739483889.0602477,0,-18,-57
1739483889.1062477,7,38,-123
1739483889.1522477,-23,-112,-6
1739483889.1972475,22,3,29
1739483889.2432475,23,9,34
1739483889.2892475,14,13,-41
1739483889.3352475,23,-25,-37
1739483889.3802476,-23,-127,-69
1739483889.4262476,-23,74,32
1739483889.4722476,27,-115,-45
1739483889.5172474,5,-21,-75
1739483889.5632474,27,51,-28
1739483889.6092474,-42,-20,-57
1739483889.6552474,57,-41,13
1739483889.7002475,0,-5,-137
1739483889.7462475,-127,-28,-58
1739483889.7922475,52,-109,73
1739483889.8372476,-54,70,32
1739483889.8832476,54,-39,-151
1739483889.9292476,50,-125,-50
1739483889.9752476,13,23,-21
1739483890.0202477,-86,62,-44
1739483890.0662477,-90,-90,-32
1739483890.1122477,42,-103,-9
1739483890.1572475,23,53,74
1739483890.2032475,16,7,-99
1739483890.2492476,84,-87,-58
1739483890.2952476,80,-7,-127
1739483890.3402476,31,-29,-90
1739483890.3862476,18,14,93
1739483890.4322476,99,-7,-46
1739483890.4772477,8,-49,-70
1739483890.5232477,17,40,0
1739483890.5692475,-53,50,8
1739483890.6152475,-15,50,-46
1739483890.6602476,17,-40,-65
1739483890.7062476,-33,-50,-59
1739483890.7522476,-53,-38,-11
1739483890.7972476,-8,24,-56
1739483890.8432477,-7,22,-68
1739483890.8892477,-4,-32,-21
1739483890.9352477,83,-87,-113
1739483890.9802475,-13,-73,-14
1739483891.0262475,15,29,-163
1739483891.0722475,-59,-52,-22
1739483891.1172476,-60,-80,-10
1739483891.1632476,-10,22,28
1739483891.2092476,13,16,-111
1739483891.2552476,9,-160,-79
1739483891.3002477,66,-5,-98
1739483891.3462474,-54,-124,-31
1739483891.3922474,52,-113,-65
1739483891.4372475,62,31,-137
1739483891.4832475,-38,100,18
1739483891.5292475,30,57,-18
1739483891.5752475,24,-191,-24
1739483891.6202476,16,11,-126
1739483891.6662476,107,-9,18
1739483891.7122476,0,117,80
1739483891.7572474,-45,-46,-6
1739483891.8032477,-29,104,-17
1739483891.8492477,-14,-74,-58
1739483891.8952477,26,15,33
1739483891.9402475,-33,8,0
1739483891.9862475,-15,12,-6
1739483892.0322475,-7,54,-38
1739483892.0772476,-75,84,-99
1739483892.1232476,48,-71,61
1739483892.1692476,17,57,-102
1739483892.2152476,22,-63,38
1739483892.2602477,19,7,6
1739483892.3062477,-8,-68,-103
1739483892.3522477,59,-35,-37
1739483892.3972476,-31,-110,0
1739483892.4432476,13,-125,-139
1739483892.4892476,-4,-2,31
1739483892.5352476,5,93,-67
1739483892.5802476,30,-41,-59
1739483892.6262476,-10,14,-142
1739483892.6722476,19,-53,-142
1739483892.7172475,15,-103,-93
1739483892.7632475,-60,-108,-26
1739483892.8092475,-61,-10,43
1739483892.8552475,41,-83,-109
1739483892.9002476,-27,-82,-9
1739483892.9462476,-95,-32,-63
1739483892.9922476,-2,57,-30
1739483893.0372477,2,11,-30
1739483893.0832477,12,-63,3
1739483893.1292477,-36,-101,92
1739483893.1752477,-10,10,54
1739483893.2202475,-20,14,-59
1739483893.2662475,-49,-50,-89
1739483893.3122475,22,-51,46
1739483893.3572476,34,-9,-15
1739483893.4032476,-11,-36,2
1739483893.4492476,25,87,0
1739483893.4952476,-3,-65,28
1739483893.5402474,39,-55,46
1739483893.5862474,-60,52,-98
1739483893.6322474,79,-89,-89
1739483893.6772475,-6,-56,0
1739483893.7232475,2,1,-116
1739483893.7692475,-44,34,-128
1739483893.8152475,30,63,-23
1739483893.8602476,-15,-54,32
1739483893.9062476,-61,-126,-27
1739483893.9522476,-43,-160,-42
1739483893.9972477,42,5,-6
1739483894.0432477,43,-123,-109
1739483894.0892477,-2,-5,-103
1739483894.1402476,-2,122,-57
1739483894.1862476,13,-15,46
1739483894.2322476,5,-27,49
1739483894.2772477,8,-3,55
1739483894.3232474,8,9,-3
1739483894.3692474,-38,-2,18
1739483894.4152474,-25,-14,-17
1739483894.4602475,1,-9,-73
1739483894.5062475,0,39,123
1739483894.5522475,28,21,-114
1739483894.5972476,22,-51,-49
1739483894.6432476,20,9,-147
1739483894.6892476,-59,-82,-140
1739483894.7352476,59,-27,-105
1739483894.7802474,-29,-75,28
1739483894.8262477,-21,-28,-65
1739483894.8722477,69,13,-72
1739483894.9172475,-33,24,-21
1739483894.9632475,66,1,66
1739483895.0092475,19,9,-95
1739483895.0552475,-23,36,-18
1739483895.1002476,-3,-17,-45
1739483895.1462476,-60,64,153
1739483895.1922476,57,-51,-99
1739483895.2372477,108,99,14
1739483895.2832477,58,-77,96
1739483895.3292477,-44,-88,-109
1739483895.3752477,11,-23,-106
1739483895.4202476,9,47,-33
1739483895.4662476,32,19,46
1739483895.5122476,38,-71,-41
1739483895.5572476,35,-11,-34
1739483895.6032476,19,-51,-33
1739483895.6492476,22,25,-49
1739483895.6952477,-104,-30,-136
1739483895.7402475,-5,-103,-80
1739483895.7862475,-19,-48,-18
1739483895.8322475,34,153,18
1739483895.8772476,-13,60,-54
1739483895.9232476,-20,-62,-11
1739483895.9692476,80,-49,-84
1739483896.0152476,-91,-36,90
1739483896.0602477,21,-42,-94
1739483896.1062477,-18,-68,48
1739483896.1522477,-114,18,29
1739483896.1972475,-86,-52,-19
1739483896.2432475,34,-11,-16
1739483896.2892475,23,-63,-51
1739483896.3352475,-9,100,-173
1739483896.3802476,-24,-6,-1
1739483896.4262476,-9,-121,-5
1739483896.4722476,-20,-115,5
1739483896.5172474,36,16,-70
1739483896.5632474,84,-40,-145
1739483896.6092474,-16,-51,26
1739483896.6552474,-56,-83,-3
1739483896.7002475,-19,-48,-46
1739483896.7462475,4,-43,-48
1739483896.7922475,-40,-62,51
1739483896.8372476,-45,-56,-22
1739483896.8832476,47,-157,-75
1739483896.9292476,-26,0,57
1739483896.9752476,52,-99,-10
1739483897.0202477,13,32,-139
1739483897.0662477,0,47,78
1739483897.1122477,10,16,-162
1739483897.1572475,40,-10,-34
1739483897.2032475,-32,45,-135
1739483897.2492476,29,72,-9
1739483897.2952476,21,-74,60
1739483897.3402476,-71,-121,-8
1739483897.3862476,-67,-143,-145
1739483897.4322476,25,25,-122
1739483897.4772477,-63,-46,-38
1739483897.5232477,-6,-100,-114
1739483897.5692475,43,-107,-14
1739483897.6152475,28,33,63
1739483897.6602476,11,-39,-92
1739483897.7062476,54,13,6
1739483897.7522476,60,-83,7
1739483897.7972476,67,31,40
1739483897.8432477,-48,-92,-99
1739483897.8892477,38,-11,38
1739483897.9352477,-44,16,-84
1739483897.9802475,-15,-121,86
1739483898.0262475,-26,-43,-50
1739483898.0722475,4,-16,47
1739483898.1172476,-22,-3,20
1739483898.1632476,50,-96,13
1739483898.2092476,14,-58,2
1739483898.2552476,1,-48,-77
1739483898.3002477,75,58,-66
1739483898.3462474,-6,-78,-40
1739483898.3922474,10,-128,0
1739483898.4372475,43,-73,0
1739483898.4832475,-30,-30,-19
1739483898.5292475,-21,2,12
1739483898.5752475,1,-124,-62
1739483898.6202476,-73,-64,103
1739483898.6662476,-3,-51,0
1739483898.7122476,13,-100,-42
1739483898.7572474,-42,52,-132
1739483898.8032477,-22,94,-61
1739483898.8492477,-95,-18,-20
1739483898.8952477,-20,32,-104
1739483898.9402475,36,-23,40
1739483898.9862475,14,-8,-16
1739483899.0322475,-20,-35,26
1739483899.0772476,-33,-81,-70
1739483899.1232476,-28,3,-1
1739483899.1692476,10,48,-99
1739483899.2152476,-14,19,-142
1739483899.2602477,1,-66,-77
1739483899.3062477,-35,-55,-44
1739483899.3522477,75,76,52
1739483899.3972476,-16,-86,-166
1739483899.4432476,-5,109,-48
1739483899.4892476,-14,-46,-69
1739483899.5352476,-57,-62,-11
1739483899.5802476,-14,-102,-75
1739483899.6262476,16,-37,5
1739483899.6722476,11,-117,53
1739483899.7172475,-1,9,-8
1739483899.7632475,-1,141,-76
1739483899.8092475,-31,-12,9
1739483899.8552475,-45,-49,-2
1739483899.9002476,-2,-102,-16
1739483899.9462476,25,-11,97
1739483899.9922476,79,-7,37
1739483900.0372477,-33,-20,-164
1739483900.0832477,-29,16,-98
1739483900.1292477,116,-59,-54
1739483900.1752477,-60,-104,-34
1739483900.2202475,49,-15,-17
1739483900.2662475,-64,96,-67
1739483900.3122475,-54,22,9
1739483900.3572476,-20,52,-52
1739483900.4032476,-1,-16,-43
1739483900.4492476,35,-1,-56
1739483900.4952476,33,-118,-70
1739483900.5402474,-32,-73,39
1739483900.5862474,-48,121,-68
1739483900.6322474,29,-40,10
1739483900.6772475,-15,39,-86
1739483900.7232475,-38,35,-78
1739483900.7692475,-91,-29,28
1739483900.8152475,-67,53,34
1739483900.8602476,79,-42,133
1739483900.9062476,2,-30,11
1739483900.9522476,-13,79,113
1739483900.9972477,-56,-141,-5
1739483901.0432477,-45,-99,68
1739483901.0892477,-9,69,-21
1739483901.1352477,-6,11,-20
1739483901.1802475,29,-64,-120
1739483901.2262475,-4,-77,-32
1739483901.2722476,-29,-134,-113
1739483901.3172476,15,-11,38
1739483901.3632476,55,57,-60
1739483901.4092476,3,-112,83
1739483901.4552476,-35,10,-68
1739483901.5002477,-3,-82,-98
1739483901.5462475,0,-94,-44
1739483901.5922475,37,-101,-84
1739483901.6372476,-35,10,75
1739483901.6832476,-18,-39,17
1739483901.7292476,-11,-51,-12
1739483901.7752476,4,70,-69
1739483901.8202477,-94,-81,-65
1739483901.8662477,83,-44,-108
1739483901.9122477,-25,87,-55
1739483901.9572475,6,48,-40
1739483902.0032475,43,38,67
1739483902.0492475,-58,-75,-80
1739483902.0952475,-33,-33,-29
1739483902.1402476,50,136,-28
1739483902.1862476,-45,-37,-50
1739483902.2322476,-87,83,-84
1739483902.2772477,23,-21,-42
1739483902.3232474,-26,64,-40
1739483902.3692474,-10,-103,6
1739483902.4152474,-24,-2,135
1739483902.4602475,-26,-104,-108
1739483902.5062475,-29,-10,56
1739483902.5522475,63,-19,-112
1739483902.5972476,52,87,-44
1739483902.6432476,2,-13,-86
1739483902.6892476,-34,48,-48
1739483902.7352476,29,-32,-3
1739483902.7802474,31,79,-91
1739483902.8262477,38,-89,15
1739483902.8722477,24,-56,-125
1739483902.9172475,-53,-3,-90
1739483902.9632475,9,-134,18
1739483903.0092475,24,-128,-77
1739483903.0552475,35,-33,5
1739483903.1002476,17,-33,-185
1739483903.1462476,46,-117,122
1739483903.1922476,9,68,-106
1739483903.2372477,-21,-68,-71
1739483903.2832477,26,63,-121
1739483903.3292477,-58,32,8
1739483903.3752477,9,-23,10
1739483903.4202476,6,130,31
1739483903.4662476,32,57,-12
1739483903.5122476,-2,-42,-67
1739483903.5572476,1,12,-26
1739483903.6032476,-73,65,63
1739483903.6492476,10,-72,-61
1739483903.6952477,-77,-127,-11
1739483903.7402475,0,-40,-60
1739483903.7862475,2,-132,-16
1739483903.8322475,23,-96,-50
1739483903.8772476,-18,-61,-12
1739483903.9232476,9,-24,-76
1739483903.9692476,28,-88,-8
1739483904.0152476,-66,-37,57
1739483904.0602477,-37,-17,116
1739483904.1062477,1,20,-62
1739483904.1572475,45,-106,-9
1739483904.2032475,11,-104,-94
1739483904.2492476,47,-64,-89
1739483904.2952476,30,-34,-49
1739483904.3402476,-45,-53,73
1739483904.3862476,-3,-145,-1
1739483904.4322476,96,-80,-103
1739483904.4772477,-15,51,20
1739483904.5232477,9,-35,-2
1739483904.5692475,11,-104,70
1739483904.6132476,71,0,-54
1739483904.6592476,5,-99,73
1739483904.7052476,18,59,-24
1739483904.7512476,21,-85,-151
1739483904.7962475,-83,-32,-115
1739483904.8422475,-60,-29,-50
1739483904.8882475,-37,-19,-51
1739483904.9332476,17,-172,-87
1739483904.9792476,-32,0,82
1739483905.0252476,-77,-5,-70
1739483905.0712476,-122,-80,34
1739483905.1162477,-24,-37,-40
1739483905.1622477,-55,0,-170
1739483905.2082477,48,-12,53
1739483905.2532475,-9,27,-25
1739483905.2992475,-118,-35,-3
1739483905.3452475,-31,-51,-125
1739483905.3912475,-17,123,46
1739483905.4362476,-19,-57,-160
1739483905.4822476,-4,-76,-111
1739483905.5282476,-6,-57,-69
1739483905.5732474,43,-2,-121
1739483905.6192474,-40,13,-109
1739483905.6652474,-10,-75,-137
1739483905.7112474,-1,-43,37
1739483905.7562475,64,-70,-33
1739483905.8022475,41,-154,-86
1739483905.8482475,0,9,-77
1739483905.8932476,-34,-41,-35
1739483905.9392476,-2,37,-65
1739483905.9852476,-27,83,25
1739483906.0312476,29,4,-153
1739483906.0762477,11,-14,-10
1739483906.1222477,-39,-39,-147
1739483906.1682477,-144,-44,-85
1739483906.2132475,25,64,2
1739483906.2592475,-21,-70,-106
1739483906.3052475,-1,1,-48
1739483906.3512475,6,81,0
1739483906.3962476,0,-97,-64
1739483906.4422476,31,-27,10
1739483906.4882476,14,-151,0
1739483906.5332477,13,0,-78
1739483906.5792477,-19,-42,-96
1739483906.6252477,52,-87,-56
1739483906.6712475,11,-204,-67
1739483906.7162476,-81,-6,22
1739483906.7622476,-3,-28,-88
1739483906.8082476,6,-83,60
1739483906.8532476,51,10,14
1739483906.8992476,35,-52,-16
1739483906.9452477,61,-94,73
1739483906.9912477,8,-32,-77
1739483907.0362475,35,-90,82
1739483907.0822475,-48,-105,-22
1739483907.1282475,-14,-49,54
1739483907.1732476,-8,53,-5
1739483907.2192476,-56,-155,-14
1739483907.2652476,8,76,86
1739483907.3112476,-27,5,-6
1739483907.3562477,-16,-77,-3
1739483907.4022477,-65,-57,-50
1739483907.4482474,88,-102,-68
1739483907.4932475,-33,1,-52
1739483907.5392475,-67,71,-92
1739483907.5852475,24,-146,-42
1739483907.6312475,-3,3,-76
1739483907.6762476,-1,-196,-64
1739483907.7222476,31,-114,-102
1739483907.7682476,-32,-44,-37
1739483907.8132474,88,-2,115
1739483907.8592474,47,0,-55
1739483907.9052474,76,-130,-82
1739483907.9512477,-48,-55,-137
1739483907.9962475,40,46,-81
1739483908.0422475,-37,-21,-56
1739483908.0882475,28,-6,-107
1739483908.1332476,-33,17,-108
1739483908.1792476,65,-22,-11
1739483908.2252476,-23,-13,-67
1739483908.2712476,-54,-93,21
1739483908.3162477,53,-6,44
1739483908.3622477,-72,-137,-47
1739483908.4082477,60,42,-38
1739483908.4532475,-32,-71,76
1739483908.4992476,2,-17,-97
1739483908.5452476,-29,-1,-31
1739483908.5912476,-61,-49,-37
1739483908.6362476,-51,-131,-106
1739483908.6822476,0,-47,-77
1739483908.7282476,-90,-25,-96
1739483908.7732477,94,-2,-23
1739483908.8192475,21,12,58
1739483908.8652475,-1,18,-9
1739483908.9112475,24,116,16
1739483908.9562476,-14,-87,-93
1739483909.0022476,-152,-49,3
1739483909.0482476,-5,-105,-91
1739483909.0932477,-56,-71,-70
1739483909.1392477,-4,1,-8
1739483909.1852477,1,0,-38
1739483909.2312477,58,-76,-84
1739483909.2762475,13,20,-59
1739483909.3222475,16,33,-80
1739483909.3682475,29,-140,-106
1739483909.4132476,-22,45,-165
1739483909.4592476,-48,43,92
1739483909.5052476,15,10,37
1739483909.5512476,-5,75,-157
1739483909.5962474,-8,-68,-85
1739483909.6422474,9,-27,66
1739483909.6882474,18,-20,33
1739483909.7332475,-34,-165,-49
1739483909.7792475,56,-52,-25
1739483909.8252475,-26,-107,-65
1739483909.8712475,28,48,-84
1739483909.9162476,-106,-15,76
1739483909.9622476,-40,3,-1
1739483910.0082476,-28,-57,-168
1739483910.0532477,-15,-3,-200
1739483910.0992477,-44,-45,-5
1739483910.1452477,-10,-49,-137
1739483910.1912477,24,-129,-24
1739483910.2362475,-17,63,-76
1739483910.2822475,-68,-79,-20
1739483910.3282475,42,-104,13
1739483910.3732476,-38,-21,-38
1739483910.4192476,-18,-9,-86
1739483910.4652476,-56,-13,-59
1739483910.5112476,-11,-85,-103
1739483910.5562477,-78,-121,-76
1739483910.6022477,86,82,-12
1739483910.6482477,-28,5,-44
1739483910.6932476,-65,-99,-97
1739483910.7392476,-81,-47,-60
1739483910.7852476,35,40,-24
1739483910.8312476,37,-28,-107
1739483910.8762476,11,-3,-8
1739483910.9222476,-23,19,-50
1739483910.9682477,-58,-27,12
1739483911.0132475,-20,2,-35
1739483911.0592475,-22,-135,-85
1739483911.1052475,-71,-119,33
1739483911.1512475,-46,35,-49
1739483911.1962476,-79,-75,-4
1739483911.2422476,31,-78,-19
1739483911.2882476,18,-50,-11
1739483911.3332477,-15,71,57
1739483911.3792477,2,-2,-38
1739483911.4252477,128,-8,-111
1739483911.4712474,-25,-11,-152
1739483911.5162475,-68,59,27
1739483911.5622475,-15,-15,-96
1739483911.6082475,-40,-129,4
1739483911.6532476,57,-66,-39
1739483911.6992476,67,-38,-35
1739483911.7452476,8,0,-164
1739483911.7912476,-118,45,0
1739483911.8362474,-63,19,16
1739483911.8822474,10,6,-125
1739483911.9282477,-64,11,21
1739483911.9732475,22,40,-3
1739483912.0192475,-23,107,8
1739483912.0652475,47,-54,-95
1739483912.1112475,16,-32,-34
1739483912.1562476,-37,-51,-5
1739483912.2022476,-15,-95,-19
1739483912.2482476,-10,73,-43
1739483912.2932477,30,-60,-155
1739483912.3392477,-29,-25,20
1739483912.3852477,92,-60,-77
1739483912.4312477,-22,33,-30
1739483912.4762475,4,-41,-154
1739483912.5222476,69,-52,-42
1739483912.5682476,-8,-161,-111
1739483912.6132476,-31,75,11
1739483912.6592476,28,36,0
1739483912.7062476,-80,-89,-55
1739483912.7522476,18,-62,-66
1739483912.7972476,-4,-78,-47
1739483912.8432477,69,0,-17
1739483912.8892477,87,6,-53
1739483912.9352477,13,-92,30
1739483912.9802475,22,-36,70
1739483913.0262475,45,-36,7
1739483913.0722475,45,118,-105
1739483913.1172476,10,10,-25
1739483913.1632476,-61,-47,-18
1739483913.2092476,111,-32,-61
1739483913.2552476,-13,-87,32
1739483913.3002477,-23,-67,-27
1739483913.3462474,-42,-41,50
1739483913.3922474,17,2,38
1739483913.4372475,-11,19,-58
1739483913.4832475,-86,-121,-33
1739483913.5292475,-19,-128,44
1739483913.5752475,-2,-17,-31
1739483913.6202476,-32,-82,-10
1739483913.6662476,-27,-6,16
1739483913.7122476,13,-79,-27
1739483913.7572474,25,-33,15
1739483913.8032477,-34,-88,5
1739483913.8492477,15,62,-76
1739483913.8952477,-63,22,-52
1739483913.9402475,-22,30,123
1739483913.9862475,14,74,-118
1739483914.0322475,-2,-20,-103
1739483914.0772476,139,-39,-47
1739483914.1232476,82,1,52
1739483914.1752477,-80,118,-264
1739483914.2202475,-18,163,-1
1739483914.2662475,-27,-60,74
1739483914.3122475,62,-173,38
1739483914.3572476,-29,108,-71
1739483914.4032476,27,-51,54
1739483914.4492476,-48,-68,34
1739483914.4952476,-23,-40,9
1739483914.5402474,-14,-32,-59
1739483914.5862474,-62,-30,-144
1739483914.6322474,59,-69,17
1739483914.6772475,-19,-2,-58
1739483914.7232475,62,-23,-33
1739483914.7692475,22,-57,37
1739483914.8152475,21,-25,11
1739483914.8602476,-29,-10,40
1739483914.9062476,-17,-50,13
1739483914.9522476,0,-12,0
1739483914.9972477,-88,-148,-17
1739483915.0432477,-9,-106,-78
1739483915.0892477,-49,-62,-155
1739483915.1352477,19,25,20
1739483915.1802475,-42,-72,-32
1739483915.2262475,-28,-112,-128
1739483915.2722476,29,67,70
1739483915.3172476,-48,46,-129
1739483915.3632476,64,31,-11
1739483915.4092476,58,-21,21
1739483915.4552476,8,-41,-97
1739483915.5002477,83,-141,-54
1739483915.5462475,34,-7,-94
1739483915.5922475,-19,30,-5
1739483915.6372476,-61,46,8
1739483915.6832476,1,-117,-93
1739483915.7292476,-39,-32,-19
1739483915.7752476,-5,-128,44
1739483915.8202477,23,-7,-90
1739483915.8662477,-4,5,41
1739483915.9122477,-6,-64,30
1739483915.9572475,-9,-66,44
1739483916.0032475,2,-53,47
1739483916.0492475,-52,-56,-114
1739483916.0952475,7,-137,-75
1739483916.1402476,72,-69,15
1739483916.1862476,-15,-42,11
1739483916.2322476,-17,6,-19
1739483916.2772477,2,-27,-43
1739483916.3232474,19,-33,-51
1739483916.3692474,-40,-26,-45
1739483916.4152474,15,-87,-39
1739483916.4602475,-42,-186,-155
1739483916.5062475,-31,22,-48
1739483916.5522475,-59,-94,-180
1739483916.5972476,7,-59,-94
1739483916.6432476,-23,108,-35
1739483916.6892476,-20,-78,-58
1739483916.7352476,-17,-86,-137
1739483916.7802474,17,-79,0
1739483916.8262477,-73,-64,8
1739483916.8722477,66,-55,6
1739483916.9172475,15,41,11
1739483916.9632475,-48,-18,-75
1739483917.0092475,-37,-80,0
1739483917.0552475,-9,20,-183
1739483917.1002476,28,-125,50
1739483917.1462476,-77,-2,-73
1739483917.1922476,27,27,-29
1739483917.2372477,6,-9,48
1739483917.2832477,38,-27,0
1739483917.3292477,4,-17,90
1739483917.3752477,56,-31,-18
1739483917.4202476,3,-71,-42
1739483917.4662476,-11,-68,-66
1739483917.5122476,-12,6,-92
1739483917.5572476,58,9,-151
1739483917.6032476,-76,0,33
1739483917.6492476,38,-41,28
1739483917.6952477,1,-23,-41
1739483917.7402475,103,-33,-57
1739483917.7862475,-7,18,-57
1739483917.8322475,-33,-2,17
1739483917.8772476,36,-17,13
1739483917.9232476,12,-78,22
1739483917.9692476,4,-70,11
1739483918.0152476,-58,10,-61
1739483918.0602477,-5,-94,-113
1739483918.1062477,-10,-88,-39
1739483918.1522477,-23,-42,-17
1739483918.1972475,18,69,-7
1739483918.2432475,-59,-56,-56
1739483918.2892475,-33,-103,3
1739483918.3352475,25,-52,92
1739483918.3802476,-18,25,-64
1739483918.4262476,-72,-117,76
1739483918.4722476,-36,-45,-47
1739483918.5172474,6,-6,8
1739483918.5632474,-11,-11,-34
1739483918.6092474,38,122,-54
1739483918.6542475,-43,-69,22
1739483918.7002475,-11,111,90
1739483918.7462475,-43,3,39
1739483918.7922475,19,-38,-13
1739483918.8372476,3,-18,-65
1739483918.8832476,40,32,28
1739483918.9292476,14,-52,-44
1739483918.9742477,-5,-13,36
1739483919.0202477,56,-72,-43
1739483919.0662477,29,52,-49
1739483919.1122477,0,-77,-89
1739483919.1572475,-26,0,-13
1739483919.2032475,-18,-103,-38
1739483919.2492476,77,-37,-79
1739483919.2942476,-14,14,-51
1739483919.3402476,-87,38,39
1739483919.3862476,1,-153,-27
1739483919.4322476,19,-61,118
1739483919.4772477,30,-69,-82
1739483919.5232477,-128,10,54
1739483919.5692475,61,-77,-102
1739483919.6142476,92,-111,-38
1739483919.6602476,33,-111,-40
1739483919.7062476,-24,-150,-71
1739483919.7522476,17,-13,-25
1739483919.7972476,34,-5,-20
1739483919.8432477,-89,-88,-23
1739483919.8892477,-42,-14,-118
1739483919.9342475,27,-83,-106
1739483919.9802475,20,0,-53
1739483920.0262475,-15,32,3
1739483920.0722475,-61,46,15
1739483920.1172476,27,-191,-64
1739483920.1632476,87,-33,50
1739483920.2092476,-66,64,160
1739483920.2542477,-58,-4,34
1739483920.3002477,12,-19,95
1739483920.3462474,-53,10,-40
1739483920.3922474,-47,40,1
1739483920.4372475,0,-14,-31
1739483920.4832475,41,0,-102
1739483920.5292475,65,-119,-85
1739483920.5742476,-52,-48,-24
1739483920.6202476,59,-17,-136
1739483920.6662476,-19,0,-122
1739483920.7122476,7,-65,-11
1739483920.7572474,-30,34,58
1739483920.8032477,-50,8,-55
1739483920.8492477,71,-47,-231
1739483920.8942475,-70,-30,-30
1739483920.9402475,-28,2,-18
1739483920.9862475,-22,-26,-1
1739483921.0322475,44,15,7
1739483921.0772476,-58,32,0
1739483921.1232476,-3,-22,-78
1739483921.1692476,-22,-18,20
1739483921.2142477,-14,168,14
1739483921.2602477,-50,-86,109
1739483921.3062477,53,55,-28
1739483921.3522477,-65,6,6
1739483921.3972476,-34,-50,32
1739483921.4432476,19,-13,2
1739483921.4892476,-55,-54,16
1739483921.5342476,20,-87,6
1739483921.5802476,90,-61,14
1739483921.6262476,-32,-90,-76
1739483921.6722476,-16,-70,-3
1739483921.7172475,24,71,20
1739483921.7632475,58,-81,21
1739483921.8092475,-115,-62,-2
1739483921.8542476,24,-33,-90
1739483921.9002476,-26,-82,-44
1739483921.9462476,-13,-104,-126
1739483921.9922476,45,67,-5
1739483922.0372477,0,41,-16
1739483922.0832477,10,65,-49
1739483922.1292477,12,93,-83
1739483922.1742475,69,-55,99
1739483922.2202475,-124,-62,-38
1739483922.2662475,32,-55,39
1739483922.3122475,-20,-78,43
1739483922.3572476,-65,-118,17
1739483922.4032476,16,-7,53
1739483922.4492476,-45,4,7
1739483922.4942474,31,119,-30
1739483922.5402474,70,-67,50
1739483922.5862474,13,13,-62
1739483922.6322474,-13,-32,-118
1739483922.6772475,8,-21,89
1739483922.7232475,34,21,-24
1739483922.7692475,16,-27,50
1739483922.8142476,15,22,-33
1739483922.8602476,18,75,-14
1739483922.9062476,36,-9,24
1739483922.9522476,47,-59,45
1739483922.9972477,-68,-18,0
1739483923.0432477,-96,44,-119
1739483923.0892477,77,-15,-196
1739483923.1342475,-14,42,92
1739483923.1802475,-16,42,-57
1739483923.2262475,10,-17,-123
1739483923.2722476,60,-41,-120
1739483923.3172476,-5,32,-34
1739483923.3622477,72,79,69
1739483923.4082477,25,35,49
1739483923.4532475,10,1,40
1739483923.4992476,-112,-98,91
1739483923.5452476,82,29,-78
1739483923.5902476,121,-79,26
1739483923.6362476,28,-49,0
1739483923.6822476,-38,-14,-43
1739483923.7282476,80,-13,-12
1739483923.7732477,22,-101,-56
1739483923.8192475,66,-21,-15
1739483923.8652475,66,29,-148
1739483923.9102476,16,31,-91
1739483923.9562476,44,-29,-56
1739483924.0022476,18,39,11
1739483924.0482476,-41,-66,23
1739483924.0932477,-75,-36,-64
1739483924.1392477,1,-115,-74
1739483924.1902475,44,-39,-13
1739483924.2362475,54,-91,-83
1739483924.2822475,-37,-46,0
1739483924.3282475,32,-55,81
1739483924.3732476,26,-53,-31
1739483924.4192476,-25,-54,-123
1739483924.4652476,60,-31,-80
1739483924.5102477,27,-143,-32
1739483924.5562477,27,-143,49
1739483924.6022477,-21,-154,-81
1739483924.6482477,-11,6,-60
1739483924.6932476,-28,54,-69
1739483924.7392476,83,47,16
1739483924.7852476,6,-109,-105
1739483924.8302476,30,-13,36
1739483924.8762476,96,37,61
1739483924.9222476,18,-1,-3
1739483924.9682477,43,-13,-25
1739483925.0132475,32,-159,-2
1739483925.0592475,7,-29,12
1739483925.1052475,-101,-36,21
1739483925.1502476,19,93,-34
1739483925.1962476,-61,-32,-93
1739483925.2422476,0,66,-68
1739483925.2882476,-105,-8,-52
1739483925.3332477,-77,152,49
1739483925.3792477,11,-46,25
1739483925.4252477,23,-49,0
1739483925.4702475,14,-43,-44
1739483925.5162475,-52,14,-13
1739483925.5622475,-19,-18,108
1739483925.6082475,-56,-52,-72
1739483925.6532476,48,-39,38
1739483925.6992476,47,-183,-105
1739483925.7452476,48,-39,-34
1739483925.7902474,30,-77,-22
1739483925.8362474,9,-113,-53
1739483925.8822474,17,103,-41
1739483925.9282477,-17,-120,-15
1739483925.9732475,44,-9,-70
1739483926.0192475,9,-41,-126
1739483926.0652475,11,9,-45
1739483926.1102476,77,-71,-76
1739483926.1562476,0,-13,-81
1739483926.2022476,-7,-60,-30
1739483926.2482476,52,-81,-45
1739483926.2932477,43,-161,-105
1739483926.3392477,-27,26,-50
1739483926.3852477,57,9,94
1739483926.4302475,49,-117,-81
1739483926.4762475,-98,-22,33
1739483926.5222476,-40,-56,-111
1739483926.5682476,-82,-74,-37
1739483926.6132476,-108,86,173
1739483926.6592476,41,-27,11
1739483926.7052476,71,-117,1
1739483926.7502477,-16,28,-12
1739483926.7962475,79,-49,65
1739483926.8422475,-113,0,-115
1739483926.8882475,63,-9,36
1739483926.9332476,48,77,19
1739483926.9792476,92,-3,-106
1739483927.0252476,16,-9,-87
1739483927.0702477,8,83,-64
1739483927.1162477,-72,90,70
1739483927.1622477,-7,-58,8
1739483927.2082477,54,-63,24
1739483927.2532475,30,-19,-65
1739483927.2992475,41,43,74
1739483927.3452475,-7,3,0
1739483927.3902476,-31,-132,92
1739483927.4362476,12,53,-15
1739483927.4822476,-18,-16,-39
1739483927.5282476,9,-37,-23
1739483927.5732474,14,-35,34
1739483927.6192474,27,-21,-22
1739483927.6652474,41,-39,-20
1739483927.7102475,-61,-54,-49
1739483927.7562475,27,-89,42
1739483927.8022475,-1,-25,39
1739483927.8482475,-2,-7,-6
1739483927.8932476,-10,-42,4
1739483927.9392476,-25,-116,-114
1739483927.9852476,-40,-22,114
1739483928.0302474,-93,40,2
1739483928.0762477,98,-35,-18
1739483928.1222477,40,23,-24
1739483928.1682477,-118,46,13
1739483928.2132475,-30,-142,-13
1739483928.2592475,45,59,-50
1739483928.3052475,36,51,58
1739483928.3502476,-31,-18,38
1739483928.3962476,42,3,-50
1739483928.4422476,-40,-66,-60
1739483928.4882476,42,-49,-14
1739483928.5332477,0,57,-59
1739483928.5792477,111,-7,-1
1739483928.6252477,39,27,16
1739483928.6702476,27,-137,29
1739483928.7162476,-11,2,-129
1739483928.7622476,4,34,-46
1739483928.8082476,-1,16,-5
1739483928.8532476,-42,0,-78
1739483928.8992476,26,-27,2
1739483928.9452477,-33,2,-70
1739483928.9902475,-45,-22,-13
1739483929.0362475,8,-87,-58
1739483929.0822475,-50,52,-12
1739483929.1282475,-49,-196,-17
1739483929.1732476,77,15,-169
1739483929.2182477,-35,22,0
1739483929.2642477,64,-31,-51
1739483929.3092475,30,-27,-59
1739483929.3552475,8,-87,-2
1739483929.4012475,79,3,-52
1739483929.4462476,-59,-124,-124
1739483929.4922476,-76,14,10
1739483929.5382476,7,-136,31
1739483929.5842476,-10,-32,91
1739483929.6292477,-19,-12,4
1739483929.6752477,-25,-8,-102
1739483929.7212474,9,-139,58
1739483929.7662475,47,133,-133
1739483929.8122475,18,-25,27
1739483929.8582475,-3,-81,-49
1739483929.9042475,-24,-148,-75
1739483929.9492476,68,-27,-23
1739483929.9952476,-60,-82,-18
1739483930.0412476,-24,90,-23
1739483930.0862474,38,1,-138
1739483930.1322474,9,-78,31
1739483930.1782477,-13,-4,-53
1739483930.2242477,-6,-88,2
1739483930.2692475,11,87,-143
1739483930.3152475,-2,58,-15
1739483930.3612475,-3,44,-8
1739483930.4062476,-57,30,-5
1739483930.4522476,9,65,-63
1739483930.4982476,-62,24,-40
1739483930.5442476,-42,-138,-20
1739483930.5892477,-4,-91,-65
1739483930.6352477,30,-30,-51
1739483930.6812477,-104,-64,2
1739483930.7262475,19,-66,-38
1739483930.7722476,-1,9,-102
1739483930.8182476,4,-149,-27
1739483930.8642476,-52,-130,-50
1739483930.9092476,0,-36,5
1739483930.9552476,-24,72,-82
1739483931.0012476,49,-73,44
1739483931.0462475,-6,7,3
1739483931.0922475,4,-8,-12
1739483931.1382475,-24,-125,-74
1739483931.1842475,10,-124,-86
1739483931.2292476,-44,-76,-71
1739483931.2752476,54,-21,53
1739483931.3212476,15,-4,43
1739483931.3662477,62,35,12
1739483931.4122477,-34,-130,50
1739483931.4582477,13,45,-95
1739483931.5042477,-1,-2,-154
1739483931.5492475,19,40,17
1739483931.5952475,106,-30,76
1739483931.6412475,39,-64,-41
1739483931.6862476,-26,1,66
1739483931.7322476,-23,-182,-27
1739483931.7782476,70,-63,44
1739483931.8242476,39,-51,-38
1739483931.8692474,35,59,7
1739483931.9152474,-44,-17,-40
1739483931.9612474,-54,21,-42
1739483932.0062475,-15,-99,80
1739483932.0522475,28,-94,104
1739483932.0982475,-17,39,0
1739483932.1442475,-7,-39,45
1739483932.1892476,-127,25,-70
1739483932.2352476,13,-22,-42
1739483932.2812476,-61,45,-55
1739483932.3262477,130,-56,-22
1739483932.3722477,42,-95,-9
1739483932.4182477,-35,-18,75
1739483932.4642477,43,79,-155
1739483932.5092475,-13,-81,-169
1739483932.5552475,-8,-10,48
1739483932.6012475,13,-63,31
1739483932.6462476,-50,-81,-103
1739483932.6922476,58,36,-62
1739483932.7382476,70,110,-160
1739483932.7842476,-24,-21,-2
1739483932.8292477,26,-84,-54
1739483932.8752477,-21,-12,97
1739483932.9212475,11,-86,43
1739483932.9662476,-10,-64,-44
1739483933.0122476,5,-8,85
1739483933.0582476,-15,-135,-73
1739483933.1042476,-18,-35,-4
1739483933.1492476,37,34,-33
1739483933.1952477,-4,105,-67
1739483933.2412477,-1,-168,-56
1739483933.2862475,0,-67,-37
1739483933.3322475,-29,-35,7
1739483933.3782475,-63,-87,-35
1739483933.4242475,-19,39,0
1739483933.4692476,71,-159,-56
1739483933.5152476,45,32,-128
1739483933.5612476,30,-78,-110
1739483933.6062477,-37,-101,107
1739483933.6522477,-62,-38,33
1739483933.6982474,-36,-106,172
1739483933.7442474,37,9,8
1739483933.7892475,5,-21,59
1739483933.8352475,-52,-19,1
1739483933.8812475,76,-43,-16
1739483933.9262476,-37,-44,-38
1739483933.9722476,60,41,-69
1739483934.0182476,-49,10,-48
1739483934.0642476,-2,55,-50
1739483934.1092474,8,16,-3
1739483934.1612475,-14,43,-6
1739483934.2062476,-1,-13,161
1739483934.2522476,-4,-71,-23
1739483934.2982476,17,-92,-6
1739483934.3442476,94,-92,-53
1739483934.3892477,74,-4,-98
1739483934.4352477,-7,-5,-38
1739483934.4812477,95,-8,-70
1739483934.5282476,42,-106,-62
1739483934.5732474,53,-50,-56
1739483934.6192474,-2,-47,-57
1739483934.6652474,-34,39,-32
1739483934.7102475,4,29,-95
1739483934.7562475,-60,-5,-18
1739483934.8022475,-122,-61,-75
1739483934.8482475,-31,43,-8
1739483934.8932476,-5,-70,-85
1739483934.9392476,20,4,47
1739483934.9852476,24,58,2
1739483935.0302474,-30,-41,-54
1739483935.0762477,66,-41,68
1739483935.1222477,-105,-10,-64
1739483935.1682477,4,-1,-105
1739483935.2132475,-47,-31,42
1739483935.2592475,23,14,38
1739483935.3052475,80,0,-71
1739483935.3502476,-12,-51,75
1739483935.3962476,34,-52,-104
1739483935.4422476,52,-10,27
1739483935.4882476,37,-20,-85
1739483935.5332477,11,-155,-68
1739483935.5792477,-8,-18,-112
1739483935.6252477,29,-13,-3
1739483935.6702476,-39,-60,21
1739483935.7162476,42,-7,34
1739483935.7622476,-27,-30,0
1739483935.8082476,17,37,-75
1739483935.8532476,-43,-62,-104
1739483935.8992476,14,-91,-52
1739483935.9452477,-4,30,55
1739483935.9902475,20,79,-13
1739483936.0362475,45,87,-69
1739483936.0822475,-11,0,-17
1739483936.1282475,52,83,-72
1739483936.1732476,16,-61,-98
1739483936.2192476,-10,-35,-116
1739483936.2652476,7,8,-30
1739483936.3102477,-3,65,-44
1739483936.3562477,0,-44,0
1739483936.4022477,-1,-70,-70
1739483936.4482474,-26,-42,-89
1739483936.4932475,7,-85,-74
1739483936.5392475,-48,-3,-6
1739483936.5852475,-23,23,-39
1739483936.6302476,-27,-18,17
1739483936.6762476,13,4,-69
1739483936.7222476,0,-69,-4
1739483936.7682476,23,-96,-99
1739483936.8132474,22,-74,79
1739483936.8592474,-13,-88,42
1739483936.9052474,-5,19,-22
1739483936.9502475,27,64,61
1739483936.9962475,10,142,-28
1739483937.0422475,-35,11,-55
1739483937.0882475,-77,-47,20
1739483937.1332476,50,-82,-66
1739483937.1792476,-22,-13,16
1739483937.2252476,-22,-83,26
1739483937.2702477,-68,-39,70
1739483937.3162477,0,28,89
1739483937.3622477,2,32,20
1739483937.4082477,42,22,-8
1739483937.4532475,94,-38,-44
1739483937.4992476,21,-26,64
1739483937.5452476,33,-58,14
1739483937.5902476,-45,-88,-127
1739483937.6362476,53,-86,-49
1739483937.6822476,-42,-108,-65
1739483937.7282476,31,-93,19
1739483937.7732477,10,5,-66
1739483937.8192475,-53,82,-92
1739483937.8652475,-84,-2,1
1739483937.9102476,0,62,-70
1739483937.9562476,-72,-64,-134
1739483938.0022476,63,79,-57
1739483938.0482476,-46,12,-94
1739483938.0932477,-32,73,111
1739483938.1392477,-5,79,20
1739483938.1852477,-32,-1,-39
1739483938.2302475,-9,-105,-33
1739483938.2762475,9,-6,-25
1739483938.3222475,81,-6,-19
1739483938.3682475,-42,75,-46
1739483938.4132476,95,2,-101
1739483938.4592476,-37,67,-23
1739483938.5052476,43,-4,-90
1739483938.5502477,-44,39,-45
1739483938.5962474,-13,-19,-18
1739483938.6422474,-89,-7,-23
1739483938.6882474,26,4,57
1739483938.7332475,-15,-145,81
1739483938.7792475,14,-40,-45
1739483938.8252475,-22,21,-5
1739483938.8702476,10,4,-90
1739483938.9162476,34,0,-73
1739483938.9622476,-10,-87,-56
1739483939.0082476,-36,-23,2
1739483939.0532477,-114,33,-9
1739483939.0992477,-35,29,-19
1739483939.1452477,20,-106,-44
1739483939.1902475,-2,-70,-16
1739483939.2362475,-24,0,-69
1739483939.2822475,1,-34,-137
1739483939.3282475,-11,36,-90
1739483939.3732476,-5,-57,61
1739483939.4192476,-97,55,-70
1739483939.4652476,55,122,55
1739483939.5102477,3,-48,-3
1739483939.5562477,16,-58,-37
1739483939.6022477,-63,19,7
1739483939.6482477,19,54,-60
1739483939.6932476,5,23,-45
1739483939.7392476,-72,-41,-45
1739483939.7852476,3,30,-38
1739483939.8302476,-11,3,-10
1739483939.8762476,50,-96,-19
1739483939.9222476,-38,-137,-113
1739483939.9682477,20,-28,-30
1739483940.0132475,86,-58,-101
1739483940.0592475,-39,-181,91
1739483940.1052475,13,14,2
1739483940.1502476,95,-8,2
1739483940.1962476,-24,179,-86
1739483940.2422476,-34,29,-62
1739483940.2882476,8,-6,10
1739483940.3332477,-131,-125,-76
1739483940.3792477,-15,-75,21
1739483940.4252477,4,4,-74
1739483940.4702475,-16,-15,2
1739483940.5162475,0,-132,1
1739483940.5622475,-7,-127,-103
1739483940.6082475,15,-40,10
1739483940.6532476,-19,107,-39
1739483940.6992476,44,-132,41
1739483940.7452476,0,-150,-75
1739483940.7902474,-4,15,-14
1739483940.8362474,7,-10,0
1739483940.8822474,-9,-119,-35
1739483940.9282477,-34,-61,-79
1739483940.9732475,-45,5,59
1739483941.0192475,-17,51,84
1739483941.0652475,55,-104,-14
1739483941.1102476,-38,25,26
1739483941.1562476,29,-52,-58
1739483941.2022476,22,10,-22
1739483941.2482476,-8,-29,-63
1739483941.2932477,19,46,92
1739483941.3392477,8,0,38
1739483941.3852477,3,6,-124
1739483941.4302475,30,-134,-46
1739483941.4762475,98,-80,60
1739483941.5222476,-18,-39,-40
1739483941.5682476,11,62,-68
1739483941.6132476,-30,3,-13
1739483941.6592476,22,42,20
1739483941.7052476,-38,-43,-52
1739483941.7502477,8,-86,6
1739483941.7962475,3,-40,37
1739483941.8422475,-9,-37,-40
1739483941.8882475,32,-50,16
1739483941.9332476,-37,-45,-169
1739483941.9792476,48,16,-46
1739483942.0252476,-31,-3,2
1739483942.0702477,-49,-67,-50
1739483942.1162477,33,14,-14
1739483942.1622477,39,26,10
1739483942.2082477,51,54,49
1739483942.2532475,55,-137,73
1739483942.2992475,25,-87,0
1739483942.3452475,-41,103,34
1739483942.3902476,25,12,31
1739483942.4362476,8,-41,-80
1739483942.4822476,-3,48,-57
1739483942.5282476,-20,27,-38
1739483942.5732474,0,-92,49
1739483942.6192474,39,-6,74
1739483942.6652474,-29,37,67
1739483942.7102475,5,2,-48
1739483942.7562475,39,-36,11
1739483942.8022475,46,-10,-207
1739483942.8482475,4,8,-5
1739483942.8932476,45,-141,-12
1739483942.9392476,26,-57,99
1739483942.9852476,-98,-88,37
1739483943.0302474,46,-11,34
1739483943.0762477,54,-2,20
1739483943.1222477,-46,37,49
1739483943.1682477,3,-11,-183
1739483943.2132475,68,-44,-92
1739483943.2592475,-72,-47,-143
1739483943.3052475,-20,-31,-60
1739483943.3502476,43,-72,31
1739483943.3962476,-18,-15,-16
1739483943.4422476,26,-68,91
1739483943.4882476,-34,83,-27
1739483943.5332477,22,-70,-76
1739483943.5792477,12,10,103
1739483943.6252477,1,-86,30
1739483943.6702476,-67,-141,-94
1739483943.7162476,14,-36,4
1739483943.7622476,-35,-31,70
1739483943.8082476,29,2,-61
1739483943.8532476,-18,-19,-23
1739483943.8992476,-21,-3,-11
1739483943.9452477,-9,-23,12
1739483943.9902475,-40,-83,20
1739483944.0362475,0,-9,15
1739483944.0822475,47,128,-76
1739483944.1282475,-36,-119,36
1739483944.1792476,-18,-81,-110
1739483944.2252476,25,-106,35
1739483944.2702477,-105,-23,-21
1739483944.3162477,-14,7,174
1739483944.3622477,-53,-55,48
1739483944.4082477,-11,-29,-158
1739483944.4532475,82,84,4
1739483944.4992476,-9,-71,-10
1739483944.5452476,9,-46,-31
1739483944.5902476,42,-2,-172
1739483944.6362476,26,-2,-40
1739483944.6812477,66,-48,-25
1739483944.7262475,-17,17,-23
1739483944.7722476,39,-96,-78
1739483944.8182476,-18,-175,-24
1739483944.8642476,-99,11,-99
1739483944.9092476,66,6,29
1739483944.9552476,8,-28,67
1739483945.0012476,15,-3,-6
1739483945.0462475,26,-150,-43
1739483945.0922475,8,-4,-101
1739483945.1382475,46,-94,-37
1739483945.1842475,-28,-44,-59
1739483945.2292476,0,-57,104
1739483945.2752476,44,-2,0
1739483945.3212476,33,20,-13
1739483945.3662477,3,-102,-77
1739483945.4122477,53,62,14
1739483945.4582477,-63,-21,7
1739483945.5042477,2,-39,28
1739483945.5492475,67,22,-117
1739483945.5952475,26,-80,-55
1739483945.6412475,1,50,-20
1739483945.6862476,56,-4,-32
1739483945.7322476,-3,-47,-28
1739483945.7782476,-3,-144,4
1739483945.8242476,19,-38,-13
1739483945.8692474,10,51,3
1739483945.9152474,14,46,98
1739483945.9612474,28,-70,49
1739483946.0062475,-40,-87,-52
1739483946.0522475,-23,51,-4
1739483946.0982475,29,-30,-43
1739483946.1442475,27,-104,-63
1739483946.1892476,-60,-69,-12
1739483946.2352476,21,68,-100
1739483946.2812476,50,-28,-67
1739483946.3262477,29,-50,-161
1739483946.3722477,-13,-161,-187
1739483946.4182477,14,-96,-37
1739483946.4642477,-8,-104,-50
1739483946.5092475,-70,-23,-14
1739483946.5552475,-17,23,-131
1739483946.6012475,-4,-77,-92
1739483946.6462476,7,-92,-100
1739483946.6922476,24,24,28
1739483946.7382476,-15,-105,-113
1739483946.7842476,1,-59,-35
1739483946.8292477,31,8,15
1739483946.8752477,-54,11,-80
1739483946.9212475,-15,-47,-68
1739483946.9662476,-88,53,26
1739483947.0122476,68,32,3
1739483947.0582476,-20,-37,10
1739483947.1042476,12,-26,-24
1739483947.1492476,-22,-33,-19
1739483947.1952477,-27,-39,15
1739483947.2412477,66,92,25
1739483947.2862475,-13,-77,-85
1739483947.3322475,-40,-11,-94
1739483947.3782475,16,-84,24
1739483947.4242475,-34,41,53
1739483947.4692476,-98,11,73
1739483947.5152476,-67,-15,-6
1739483947.5612476,30,-74,-27
1739483947.6062477,-31,-93,-24
1739483947.6522477,-106,-129,-12
1739483947.6982474,3,5,-132
1739483947.7442474,-108,-7,-27
1739483947.7892475,-10,-9,75
1739483947.8352475,5,18,-88
1739483947.8812475,11,-67,-63
1739483947.9262476,38,-53,59
1739483947.9722476,14,115,-109
1739483948.0182476,-25,-25,17
1739483948.0642476,0,-17,-127
1739483948.1092474,48,-43,22
1739483948.1552474,16,-75,-35
1739483948.2012477,61,-43,9
1739483948.2462475,5,101,-185
1739483948.2922475,-68,-31,-40
1739483948.3382475,2,-22,-49
1739483948.3842475,9,-68,-82
1739483948.4292476,-17,-18,-59
1739483948.4752476,-20,-24,-43
1739483948.5212476,-21,-118,-124
1739483948.5662477,-3,12,-64
1739483948.6122477,-66,-30,-72
1739483948.6582477,-51,28,121
1739483948.7042477,22,-65,-89
1739483948.7492476,43,-45,-53
1739483948.7952476,16,-57,-33
1739483948.8412476,-31,-14,104
1739483948.8862476,-42,42,-50
1739483948.9322476,67,-17,64
1739483948.9782476,-24,120,-52
1739483949.0242476,89,-67,7
1739483949.0692475,-13,-32,-30
1739483949.1152475,31,-1,28
1739483949.1612475,-17,-2,4
1739483949.2062476,-39,-122,-27
1739483949.2522476,50,-39,0
1739483949.2982476,-14,64,-141
1739483949.3442476,-44,-108,-108
1739483949.3892477,79,95,-79
1739483949.4352477,32,59,0
1739483949.4812477,-28,-68,40
1739483949.5262475,-10,18,111
1739483949.5722475,-32,-22,-96
1739483949.6182475,90,-97,-10
1739483949.6642475,-32,-92,84
1739483949.7092476,-3,-70,-40
1739483949.7552476,-35,-36,2
1739483949.8012476,3,45,-193
1739483949.8462474,11,-19,-50
1739483949.8922474,-60,-24,1
1739483949.9382474,15,-101,-28
1739483949.9842474,-12,-26,-40
1739483950.0292475,24,119,0
1739483950.0752475,82,45,-80
1739483950.1212475,-15,-127,1
1739483950.1662476,1,-105,-33
1739483950.2122476,17,-133,52
1739483950.2582476,18,-77,40
1739483950.3042476,-78,70,-81
1739483950.3492477,10,-9,-60
1739483950.3952477,-117,-6,-11
1739483950.4412477,-21,16,-14
1739483950.4862475,-13,-74,-1
1739483950.5322475,6,-105,-32
1739483950.5782475,3,-54,26
1739483950.6242476,0,61,-140
1739483950.6692476,-13,-74,-71
1739483950.7152476,-60,-100,-180
1739483950.7612476,73,-83,-57
1739483950.8062477,-112,26,-78
1739483950.8522477,20,-71,36
1739483950.8982477,32,-45,-54
1739483950.9442475,-57,-36,83
1739483950.9892476,-68,6,42
1739483951.0352476,12,-63,36
1739483951.0812476,45,-15,-183
1739483951.1262476,-50,-90,-68
1739483951.1722476,63,-45,-94
1739483951.2182477,-4,46,-24
1739483951.2642477,39,55,84
1739483951.3092475,7,-115,68
1739483951.3552475,30,-15,-22
1739483951.4012475,-43,12,-44
1739483951.4462476,10,68,102
1739483951.4922476,-3,-102,-37
1739483951.5382476,-16,-4,6
1739483951.5832477,38,-21,-143
1739483951.6292477,-2,-82,-10
1739483951.6752477,18,-105,50
1739483951.7212474,31,-1,-80
1739483951.7662475,10,-53,135
1739483951.8122475,-6,-116,-123
1739483951.8582475,-7,4,-70
1739483951.9032476,-11,-6,-130
1739483951.9492476,-1,-84,-46
1739483951.9952476,20,-45,23
1739483952.0412476,90,83,34
1739483952.0862474,-46,-40,5
1739483952.1322474,19,135,-151
1739483952.1782477,23,-44,-17
1739483952.2232475,-79,-131,-30
1739483952.2692475,-3,-66,-93
1739483952.3152475,79,-30,27
1739483952.3612475,21,-90,17
1739483952.4062476,18,-4,97
1739483952.4522476,27,-54,-11
1739483952.4982476,72,6,-152
1739483952.5432477,-31,-40,7
1739483952.5892477,118,-19,-90
1739483952.6352477,-29,-54,11
1739483952.6812477,-15,-92,47
1739483952.7262475,-29,28,-25
1739483952.7722476,-100,-52,-45
1739483952.8182476,7,93,-8
1739483952.8632476,7,-168,-1
1739483952.9092476,-26,-44,-113
1739483952.9552476,24,-59,-35
1739483953.0012476,19,67,71
1739483953.0462475,-38,28,99
1739483953.0922475,13,-137,-63
1739483953.1382475,38,-33,-12
1739483953.1832476,-10,-31,-29
1739483953.2292476,-3,0,51
1739483953.2752476,6,12,64
1739483953.3212476,-49,19,-82
1739483953.3662477,-21,-41,10
1739483953.4122477,24,-40,40
1739483953.4582477,35,54,-122
1739483953.5032475,-13,51,-15
1739483953.5492475,-38,9,-23
1739483953.5952475,22,-40,-10
1739483953.6412475,-65,-111,28
1739483953.6862476,-67,-53,-65
1739483953.7322476,-21,-15,85
1739483953.7782476,-44,-89,7
1739483953.8232474,-36,47,20
1739483953.8692474,53,-62,0
1739483953.9152474,-24,-59,-67
1739483953.9612474,0,101,15
1739483954.0062475,18,12,-65
1739483954.0522475,-39,21,5
1739483954.0982475,9,36,-66
1739483954.1432476,12,-60,-52
1739483954.1952477,-21,-234,7
1739483954.2412477,-16,84,82
1739483954.2862475,-26,-76,-156
1739483954.3322475,76,87,-63
1739483954.3782475,81,19,0
1739483954.4232476,10,45,-87
1739483954.4692476,-81,-125,-17
1739483954.5152476,0,7,-109
1739483954.5612476,-54,-34,-121
1739483954.6062477,-9,-23,27
1739483954.6522477,1,-40,-179
1739483954.6982474,-4,-6,-128
1739483954.7432475,-23,-47,35
1739483954.7892475,-29,5,-89
1739483954.8352475,-24,-98,-51
1739483954.8812475,76,-73,121
1739483954.9262476,56,-79,3
1739483954.9722476,26,-13,-58
1739483955.0182476,-3,-92,52
1739483955.0632474,65,-29,-72
1739483955.1092474,-47,11,5
1739483955.1552474,-1,-20,-45
1739483955.2012477,-58,-13,-83
1739483955.2462475,67,-82,-12
1739483955.2922475,-112,33,-37
1739483955.3382475,-10,-25,-50
1739483955.3832476,-79,57,-25
1739483955.4292476,30,-138,-14
1739483955.4752476,-68,3,-70
1739483955.5212476,-35,-37,83
1739483955.5662477,53,-26,65
1739483955.6122477,26,-31,-12
1739483955.6582477,23,57,19
1739483955.7032475,-43,-58,-5
1739483955.7492476,-24,-84,0
1739483955.7952476,30,14,24
1739483955.8412476,-48,47,-9
1739483955.8862476,19,96,-115
1739483955.9322476,17,90,-119
1739483955.9782476,82,-80,7
1739483956.0232477,-3,-49,43
1739483956.0692475,-106,-111,-1
1739483956.1152475,10,-10,-1
1739483956.1612475,29,2,59
1739483956.2062476,-3,-93,-54
1739483956.2522476,-26,-77,-53
1739483956.2982476,33,-62,-50
1739483956.3432477,-76,-113,7
1739483956.3892477,-22,-49,87
1739483956.4352477,49,-26,-5
1739483956.4812477,-21,-27,39
1739483956.5262475,17,-24,-119
1739483956.5722475,78,28,-239
1739483956.6182475,83,50,0
1739483956.6632476,28,2,-63
1739483956.7092476,40,0,-120
1739483956.7552476,23,90,-69
1739483956.8012476,52,-20,-113
1739483956.8462474,25,-162,48
1739483956.8922474,-49,-49,-126
1739483956.9382474,-30,-59,23
1739483956.9832475,-47,43,-85
1739483957.0292475,-11,-13,-63
1739483957.0752475,5,5,47
1739483957.1212475,54,18,-9
1739483957.1662476,34,88,-86
1739483957.2122476,44,-92,27
1739483957.2582476,2,80,-1
1739483957.3032477,35,-78,-61
1739483957.3492477,-33,-101,-39
1739483957.3952477,-12,-53,-9
1739483957.4412477,-13,-51,-50
1739483957.4862475,-75,9,-31
1739483957.5322475,-80,147,-2
1739483957.5782475,5,38,-145
1739483957.6232476,-24,-3,-1
1739483957.6692476,-3,-65,52
1739483957.7152476,0,4,2
1739483957.7612476,-55,-89,-129
1739483957.8062477,6,-96,-60
1739483957.8522477,51,-2,100
1739483957.8982477,46,-141,-4
1739483957.9432476,35,83,-68
1739483957.9892476,1,-21,-9
1739483958.0352476,-70,-34,-45
1739483958.0812476,37,-83,11
1739483958.1262476,46,-77,-68
1739483958.1722476,3,59,-49
1739483958.2182477,-33,2,49
1739483958.2632475,-25,-120,-170
1739483958.3092475,-13,-76,75
1739483958.3552475,-58,-38,-102
1739483958.4012475,34,-123,80
1739483958.4462476,-13,74,20
1739483958.4922476,-29,-97,-57
1739483958.5382476,-19,-50,-144
1739483958.5832477,-15,-90,-8
1739483958.6292477,16,-77,-30
1739483958.6752477,0,66,40
1739483958.7212474,-19,-76,-101
1739483958.7662475,-13,71,-26
1739483958.8122475,-10,64,-112
1739483958.8582475,-43,-126,-90
1739483958.9032476,34,163,-127
1739483958.9492476,3,-51,-27
1739483958.9952476,-36,-104,-82
1739483959.0412476,40,-65,39
1739483959.0862474,35,-117,33
1739483959.1322474,-5,86,103
1739483959.1782477,33,89,-60
1739483959.2232475,41,-29,-54
1739483959.2692475,7,-95,-146
1739483959.3152475,0,-37,49
1739483959.3612475,-31,-82,-21
1739483959.4062476,-2,70,-100
1739483959.4522476,-5,19,-14
1739483959.4982476,57,-39,-122
1739483959.5432477,-1,51,19
1739483959.5892477,52,-14,53
1739483959.6352477,66,12,-77
1739483959.6812477,-33,-91,-57
1739483959.7262475,-18,7,18
1739483959.7722476,73,-78,58
1739483959.8182476,-32,-21,-17
1739483959.8632476,-52,-27,-15
1739483959.9092476,44,-34,-4
1739483959.9552476,-8,0,-4
1739483960.0012476,23,-103,-69
1739483960.0462475,-55,25,-12
1739483960.0922475,36,96,-55
1739483960.1382475,40,18,-36
1739483960.1832476,-23,-3,41
1739483960.2292476,-4,-63,15
1739483960.2752476,-98,35,-34
1739483960.3212476,-50,-17,-14
1739483960.3662477,12,-12,58
1739483960.4122477,-55,-39,38
1739483960.4582477,15,-110,-7
1739483960.5032475,6,7,40
1739483960.5492475,83,42,-46
1739483960.5952475,0,-77,0
1739483960.6412475,-55,-13,123
1739483960.6862476,-17,-10,0
1739483960.7322476,57,-50,7
1739483960.7782476,-61,15,-58
1739483960.8232474,-3,-27,32
1739483960.8692474,59,-28,-2
1739483960.9152474,-17,-99,-31
1739483960.9612474,51,30,164
1739483961.0062475,35,-80,-26
1739483961.0522475,34,40,-1
1739483961.0982475,-4,-1,-76
1739483961.1432476,-43,-82,-127
1739483961.1892476,-18,-42,-134
1739483961.2352476,-9,-15,27
1739483961.2812476,-11,-69,44
1739483961.3262477,30,-110,-76
1739483961.3722477,45,-56,-82
1739483961.4182477,-47,19,-8
1739483961.4632475,26,12,-22
1739483961.5092475,17,-73,-70
1739483961.5552475,40,-48,10
1739483961.6012475,107,-113,16
1739483961.6462476,10,-88,-128
1739483961.6922476,38,-192,54
1739483961.7382476,-20,93,29
1739483961.7832477,-128,4,120
1739483961.8292477,0,-75,46
1739483961.8752477,42,-36,35
1739483961.9212475,22,-68,-12
1739483961.9662476,-49,-63,-42
1739483962.0122476,-66,-11,8
1739483962.0582476,-26,137,-101
1739483962.1032476,-89,-195,-41
1739483962.1492476,-49,7,-125
1739483962.1952477,14,-95,-87
1739483962.2412477,-46,-21,-35
1739483962.2862475,-46,11,83
1739483962.3322475,-34,-57,-86
1739483962.3782475,12,-42,9
1739483962.4232476,-11,7,-166
1739483962.4692476,28,68,-17
1739483962.5152476,-42,39,-69
1739483962.5612476,21,24,-67
1739483962.6062477,-15,-87,-57
1739483962.6522477,-15,-15,5
1739483962.6982474,38,-42,-25
1739483962.7432475,-52,-43,-65
1739483962.7892475,-46,131,-84
1739483962.8352475,24,84,-141
1739483962.8812475,6,108,-57
1739483962.9262476,7,70,-26
1739483962.9722476,-81,-59,-10
1739483963.0182476,-49,-33,56
1739483963.0632474,21,-76,69
1739483963.1092474,11,104,45
1739483963.1552474,-17,75,0
1739483963.2012477,27,38,5
1739483963.2462475,-68,-59,24
1739483963.2922475,58,-22,42
1739483963.3382475,-8,-69,-39
1739483963.3832476,80,60,13
1739483963.4292476,16,-16,-37
1739483963.4752476,38,-70,-27
1739483963.5212476,17,-68,99
1739483963.5662477,-21,-53,8
1739483963.6122477,11,-76,-41
1739483963.6582477,-35,-125,-119
1739483963.7032475,-78,45,-70
1739483963.7492476,41,-22,-68
1739483963.7952476,11,-42,-22
1739483963.8412476,21,6,-20
1739483963.8862476,-68,-51,25
1739483963.9322476,-80,-3,-65
1739483963.9782476,80,40,-71
1739483964.0232477,0,-141,15
1739483964.0692475,-21,31,36
1739483964.1152475,-35,-75,-40
1739483964.1612475,10,-72,-64
1739483964.2122476,-2,67,-147
1739483964.2582476,-15,-67,35
1739483964.3032477,6,134,25
1739483964.3492477,8,23,-60
1739483964.3952477,-5,-25,-32
1739483964.4412477,-25,-109,-105
1739483964.4862475,68,-2,-79
1739483964.5322475,63,-12,-112
1739483964.5782475,-98,25,-38
1739483964.6232476,12,-48,-124
1739483964.6692476,-114,-7,-70
1739483964.7152476,-21,-53,-49
1739483964.7612476,-16,55,-118
1739483964.8062477,-4,-25,-105
1739483964.8522477,128,-18,77
1739483964.8982477,13,-2,-236
1739483964.9432476,-70,-159,-36
1739483964.9892476,-20,-112,-85
1739483965.0352476,-21,-113,-34
1739483965.0812476,-18,69,-97
1739483965.1262476,0,74,-27
1739483965.1722476,-32,18,27
1739483965.2182477,-9,-70,-218
1739483965.2632475,-11,-14,-114
1739483965.3092475,39,3,-79
1739483965.3552475,-64,-124,45
1739483965.4012475,110,-99,-27
1739483965.4462476,-7,-66,-87
1739483965.4922476,24,-135,-35
1739483965.5382476,-52,26,31
1739483965.5832477,42,9,-52
1739483965.6292477,-40,-102,-46
1739483965.6752477,-31,-22,-10
1739483965.7212474,9,-109,-94
1739483965.7662475,20,39,-32
1739483965.8122475,-54,-66,-10
1739483965.8582475,0,-56,-63
1739483965.9032476,-60,-174,63
1739483965.9492476,11,33,-17
1739483965.9952476,12,-49,134
1739483966.0412476,54,47,-65
1739483966.0862474,37,-25,69
1739483966.1322474,47,25,-2
1739483966.1782477,0,-18,22
1739483966.2232475,7,35,-36
1739483966.2692475,25,-81,46
1739483966.3152475,16,-55,-29
1739483966.3612475,21,101,71
1739483966.4062476,-43,44,4
1739483966.4522476,32,21,76
1739483966.4982476,73,-105,73
1739483966.5432477,-16,-42,15
1739483966.5892477,12,97,-46
1739483966.6352477,-55,-90,74
1739483966.6812477,-40,18,-4
1739483966.7262475,41,-1,-6
1739483966.7722476,-18,-146,-19
1739483966.8182476,83,-83,-122
1739483966.8632476,-57,74,13
1739483966.9092476,46,39,-95
1739483966.9552476,41,-93,-77
1739483967.0012476,51,-37,-36
1739483967.0462475,-82,54,-122
1739483967.0922475,11,37,45
1739483967.1382475,1,12,-72
1739483967.1832476,3,28,-115
1739483967.2292476,20,-109,-5
1739483967.2752476,-48,-54,-54
1739483967.3212476,37,9,-3
1739483967.3662477,50,9,-48
1739483967.4122477,54,-31,-10
1739483967.4582477,6,-20,-1
1739483967.5032475,21,51,12
1739483967.5492475,-36,-10,79
1739483967.5952475,-59,-110,-63
1739483967.6412475,-2,-9,64
1739483967.6862476,75,-9,-40
1739483967.7322476,3,0,-85
1739483967.7782476,21,-21,52
1739483967.8232474,-10,24,5
1739483967.8692474,41,1,-38
1739483967.9152474,16,39,56
1739483967.9612474,-48,-74,-53
1739483968.0062475,-87,-42,-30
1739483968.0522475,-46,14,-142
1739483968.0982475,17,-25,-4
1739483968.1432476,56,23,-48
1739483968.1892476,84,53,-5
1739483968.2352476,54,-37,6
1739483968.2812476,7,49,-29
1739483968.3262477,-32,20,-47
1739483968.3722477,24,87,-97
1739483968.4182477,47,69,-47
1739483968.4632475,5,-87,6
1739483968.5092475,14,-15,-10
1739483968.5552475,44,1,-81
1739483968.6012475,5,29,-18
1739483968.6462476,-64,22,-97
1739483968.6922476,-48,13,-36
1739483968.7382476,-37,-59,13
1739483968.7832477,2,-60,-120
1739483968.8292477,-13,25,-30
1739483968.8752477,-9,-75,-73
1739483968.9212475,73,-28,-15
1739483968.9662476,35,-30,-136
1739483969.0122476,-76,-127,-10
1739483969.0582476,67,32,-19
1739483969.1032476,-47,-47,-6
1739483969.1492476,67,-77,-199
1739483969.1952477,-106,51,-34
1739483969.2412477,51,-10,-68
1739483969.2862475,-42,-44,81
1739483969.3322475,5,-15,-79
1739483969.3782475,-50,-60,0
1739483969.4232476,-30,66,-56
1739483969.4692476,2,25,-138
1739483969.5152476,-63,80,-93
1739483969.5612476,45,27,-50
1739483969.6062477,5,-96,8
1739483969.6522477,17,-87,-124
1739483969.6982474,32,-87,-78
1739483969.7422476,-136,-32,-57
1739483969.7882476,31,27,-141
1739483969.8342476,48,-89,-57
1739483969.8792477,7,-15,4
1739483969.9252477,49,-38,2
1739483969.9712474,72,-148,23
1739483970.0172474,-13,15,57
1739483970.0622475,46,58,89
1739483970.1082475,-10,-113,-60
1739483970.1542475,63,-138,49
1739483970.1992476,68,66,-148
1739483970.2452476,-37,17,159
1739483970.2912476,2,11,-90
1739483970.3372476,-6,-8,-41
1739483970.3822474,57,6,-137
1739483970.4282477,-53,133,11
1739483970.4742477,45,-79,-141
1739483970.5192475,57,-39,136
1739483970.5652475,-9,-85,32
1739483970.6112475,49,24,-59
1739483970.6572475,54,-115,2
1739483970.7022476,45,-130,-20
1739483970.7482476,-9,39,-61
1739483970.7942476,41,-44,54
1739483970.8392477,86,68,30
1739483970.8852477,-6,-17,-100
1739483970.9312477,-28,94,-81
1739483970.9772477,-68,-37,63
1739483971.0222476,50,77,71
1739483971.0682476,-25,62,-3
1739483971.1142476,-12,-104,-26
1739483971.1592476,34,49,-142
1739483971.2052476,-71,53,-121
1739483971.2512476,-13,25,-28
1739483971.2972476,17,-50,26
1739483971.3422475,31,-180,77
1739483971.3882475,-1,55,-107
1739483971.4342475,29,-68,75
1739483971.4792476,-5,-102,47
1739483971.5252476,-29,20,-128
1739483971.5712476,-89,-74,30
1739483971.6172476,-3,-6,14
1739483971.6622477,-36,-92,14
1739483971.7082477,85,-157,0
1739483971.7542477,24,41,-27
1739483971.7992475,85,-17,-78
1739483971.8452475,-58,-132,-35
1739483971.8912475,78,-51,-6
1739483971.9372475,-8,-82,-1
1739483971.9822476,14,-63,58
1739483972.0282476,36,3,-22
1739483972.0742476,94,-40,-107
1739483972.1192474,0,-96,-7
1739483972.1652474,-20,53,-2
1739483972.2112474,-51,61,27
1739483972.2572474,87,-46,-5
1739483972.3022475,38,-58,-35
1739483972.3482475,17,-2,17
1739483972.3942475,-71,86,-77
1739483972.4392476,-43,-67,103
1739483972.4852476,0,76,-37
1739483972.5312476,-27,-38,22
1739483972.5772476,-9,-124,6
1739483972.6222477,24,-74,-1
1739483972.6682477,-51,-104,-51
1739483972.7142477,38,-59,-4
1739483972.7592475,-33,-16,3
1739483972.8052475,47,3,45
1739483972.8512475,-66,-88,42
1739483972.8972476,-2,-70,-1
1739483972.9422476,-18,-80,-37
1739483972.9882476,30,-161,2
1739483973.0342476,-27,-70,16
1739483973.0792477,-34,-15,0
1739483973.1252477,36,-183,-100
1739483973.1712475,-5,-199,62
1739483973.2172475,-21,-117,-37
1739483973.2622476,-67,41,-67
1739483973.3082476,-78,-87,5
1739483973.3542476,-28,38,-103
1739483973.3992476,-1,3,38
1739483973.4452477,66,29,32
1739483973.4912477,-29,-42,-30
1739483973.5372477,-10,-92,-36
1739483973.5822475,36,65,40
1739483973.6282475,-47,-40,-37
1739483973.6742475,64,-1,-148
1739483973.7192476,-22,-62,-54
1739483973.7652476,14,-94,-130
1739483973.8112476,-2,67,0
1739483973.8572476,113,72,-19
1739483973.9022477,-44,-92,-115
1739483973.9482474,18,-96,-54
1739483973.9942474,0,0,-78
1739483974.0392475,-5,12,-62
1739483974.0852475,-3,-128,-60
1739483974.1312475,-7,-75,-88
1739483974.1772475,-29,-155,14
1739483974.2282476,48,-64,20
1739483974.2742476,-26,45,-52
1739483974.3192475,-65,-151,55
1739483974.3652475,55,-20,-9
1739483974.4112475,-40,3,-69
1739483974.4572475,57,-53,-64
1739483974.5022476,-48,-62,-96
1739483974.5492475,74,-25,29
1739483974.5952475,47,-37,50
1739483974.6412475,20,119,53
1739483974.6862476,-30,-94,22
1739483974.7322476,-28,10,-151
1739483974.7782476,-30,-68,-4
1739483974.8232474,50,-25,4
1739483974.8692474,-1,32,-43
1739483974.9152474,22,-33,62
1739483974.9612474,25,-37,-28
1739483975.0062475,-7,22,0
1739483975.0522475,-37,-24,83
1739483975.0982475,93,-147,33
1739483975.1432476,-27,162,-45
1739483975.1892476,-4,-94,-20
1739483975.2352476,10,2,7
1739483975.2812476,40,-50,21
1739483975.3262477,-96,32,-53
1739483975.3722477,83,-49,-138
1739483975.4182477,-33,-19,-78
1739483975.4632475,21,39,-130
1739483975.5092475,-16,-62,-23
1739483975.5552475,-63,-45,-71
1739483975.6012475,90,-144,88
1739483975.6462476,-30,-100,-100
1739483975.6922476,-38,92,4
1739483975.7382476,7,-48,154
1739483975.7832477,-35,0,15
1739483975.8292477,3,-24,-23
1739483975.8752477,72,-2,-81
1739483975.9212475,44,124,-39
1739483975.9662476,-16,-55,-75
1739483976.0122476,-29,-73,121
1739483976.0582476,-56,41,-50
1739483976.1032476,22,77,-24
1739483976.1492476,35,75,0
1739483976.1952477,-12,24,-24
1739483976.2412477,42,-57,-14
1739483976.2862475,-34,18,-126
1739483976.3322475,-19,-38,-29
1739483976.3782475,37,-85,-95
1739483976.4232476,11,-71,-37
1739483976.4692476,21,45,-75
1739483976.5152476,-2,44,-80
1739483976.5612476,58,-61,-42
1739483976.6062477,20,-131,-16
1739483976.6522477,-22,0,-86
1739483976.6982474,-71,-24,-6
1739483976.7432475,-8,20,-80
1739483976.7892475,-92,102,80
1739483976.8352475,39,-125,47
1739483976.8812475,-46,-90,-55
1739483976.9262476,0,25,27
1739483976.9722476,-29,92,-89
1739483977.0182476,16,-177,-96
1739483977.0632474,-6,-120,-79
1739483977.1092474,54,26,-68
1739483977.1552474,23,28,-13
1739483977.2012477,-41,-13,-117
1739483977.2462475,-15,-41,2
1739483977.2922475,-2,-24,59
1739483977.3382475,-49,-20,-6
1739483977.3832476,24,-61,8
1739483977.4292476,5,19,-32
1739483977.4752476,25,-21,-110
1739483977.5212476,35,-47,25
1739483977.5662477,57,3,-96
1739483977.6122477,76,55,-65
1739483977.6582477,-5,2,-28
1739483977.7032475,49,-141,-49
1739483977.7492476,0,51,29
1739483977.7952476,76,-56,47
1739483977.8412476,-22,-11,-121
1739483977.8862476,13,-58,-72
1739483977.9322476,-124,-137,60
1739483977.9782476,-10,-2,-24
1739483978.0232477,21,6,56
1739483978.0692475,-5,-118,-33
1739483978.1152475,-20,9,-79
1739483978.1612475,-18,-13,-124
1739483978.2062476,17,68,-73
1739483978.2522476,88,-72,-43
1739483978.2982476,-13,-4,-75
1739483978.3432477,31,-10,-158
1739483978.3892477,-31,43,-53
1739483978.4352477,-30,0,0
1739483978.4812477,26,108,53
1739483978.5262475,39,-34,12
1739483978.5722475,50,-128,-22
1739483978.6182475,72,24,-71
1739483978.6632476,-48,-43,-78
1739483978.7092476,54,-60,-6
1739483978.7552476,-57,-40,-59
1739483978.8012476,-79,72,15
1739483978.8462474,-79,46,31
1739483978.8922474,5,-62,-144
1739483978.9382474,-47,-27,-49
1739483978.9832475,36,-116,15
1739483979.0292475,-16,-75,-31
1739483979.0752475,24,-76,0
1739483979.1212475,-31,-67,-75
1739483979.1662476,5,-86,-2
1739483979.2122476,-16,-207,-108
1739483979.2582476,34,-34,-106
1739483979.3032477,38,34,18
1739483979.3492477,22,-54,-133
1739483979.3952477,25,-66,-28
1739483979.4412477,-29,-59,-24
1739483979.4862475,11,44,-99
1739483979.5322475,-46,-61,-16
1739483979.5782475,30,7,-42
1739483979.6232476,59,-8,46
1739483979.6692476,29,155,-1
1739483979.7152476,-44,72,-64
1739483979.7612476,89,-15,-36
1739483979.8062477,22,-21,-20
1739483979.8522477,-13,-96,33
1739483979.8982477,-16,-40,-21
1739483979.9432476,84,37,7
1739483979.9892476,-147,-35,-1
1739483980.0352476,-32,-111,-15
1739483980.0812476,-23,49,11
1739483980.1262476,-71,-92,-103
1739483980.1722476,-20,-30,-76
1739483980.2182477,-64,-19,70
1739483980.2632475,-14,-87,-80
1739483980.3092475,23,-14,8
1739483980.3552475,25,-26,-141
1739483980.4012475,-14,89,17
1739483980.4462476,2,50,-60
1739483980.4922476,-85,-97,109
1739483980.5382476,94,-24,-91
1739483980.5832477,58,-113,18
1739483980.6292477,80,8,-58
1739483980.6752477,51,-18,-129
1739483980.7212474,-4,-68,-27
1739483980.7662475,80,-52,-55
1739483980.8122475,35,-30,-66
1739483980.8582475,88,-48,-74
1739483980.9032476,-21,-13,9
1739483980.9492476,-25,-169,-40
1739483980.9952476,-20,43,-38
1739483981.0412476,23,-70,0
1739483981.0862474,-10,-45,-88
1739483981.1322474,-21,162,38
1739483981.1782477,-56,-103,-21
1739483981.2232475,16,-10,-74
1739483981.2692475,-16,-89,-50
1739483981.3152475,-17,15,39
1739483981.3612475,-63,-41,47
1739483981.4062476,106,-174,-22
1739483981.4522476,-4,-84,26
1739483981.4982476,25,-79,-119
1739483981.5432477,20,-14,0
1739483981.5892477,20,72,91
1739483981.6352477,38,8,-46
1739483981.6812477,-13,-41,-8
1739483981.7262475,57,-12,-83
1739483981.7722476,-7,47,-37
1739483981.8182476,35,-16,-93
1739483981.8632476,-49,-115,0
1739483981.9092476,106,-42,39
1739483981.9552476,-5,-41,-128
1739483982.0012476,-65,83,-118
1739483982.0462475,27,-106,-90
1739483982.0922475,63,-16,-19
1739483982.1382475,-16,-122,-66
1739483982.1832476,-8,-9,25
1739483982.2292476,-66,-88,-102
1739483982.2752476,-21,-12,108
1739483982.3212476,16,-47,-129
1739483982.3662477,-29,-7,165
1739483982.4122477,-26,-27,-34
1739483982.4582477,-61,115,49
1739483982.5032475,-38,-39,-55
1739483982.5492475,50,-70,92
1739483982.5952475,-7,-39,-120
1739483982.6402476,-14,56,-49
1739483982.6862476,-17,-37,-64
1739483982.7322476,-14,27,-20
1739483982.7782476,40,84,-46
1739483982.8232474,64,-226,-50
1739483982.8692474,-27,35,-8
1739483982.9152474,40,-8,27
1739483982.9612474,52,-14,-72
1739483983.0062475,36,0,23
1739483983.0522475,44,-126,-148
1739483983.0982475,0,9,0
1739483983.1432476,81,-50,-63
1739483983.1892476,22,-8,-69
1739483983.2352476,-25,-39,57
1739483983.2812476,13,66,-16
1739483983.3262477,24,86,33
1739483983.3722477,-37,-113,-53
1739483983.4182477,-31,29,-24
1739483983.4632475,34,-96,-15
1739483983.5092475,-37,7,-9
1739483983.5552475,-43,-1,-111
1739483983.6012475,-62,11,-46
1739483983.6462476,-37,-49,5
1739483983.6922476,-46,-61,9
1739483983.7382476,-81,-97,-76
1739483983.7832477,36,-62,-113
1739483983.8292477,14,-97,-17
1739483983.8752477,68,-37,-29
1739483983.9212475,-49,11,-2
1739483983.9662476,32,-154,44
1739483984.0122476,9,-49,-93
1739483984.0582476,2,-29,-89
1739483984.1032476,128,35,87
1739483984.1492476,-23,41,-48
1739483984.2012477,-66,-62,-118
1739483984.2462475,-38,-86,-21
1739483984.2922475,39,-55,-59
1739483984.3382475,-65,4,49
1739483984.3832476,52,-115,-83
1739483984.4292476,40,51,12
1739483984.4752476,30,-51,-34
1739483984.5212476,6,-129,0
1739483984.5662477,43,69,-20
1739483984.6122477,14,-91,-97
1739483984.6582477,-49,63,-39
1739483984.7032475,4,19,-19
1739483984.7492476,49,-97,9
1739483984.7952476,-29,32,17
1739483984.8412476,60,75,48
1739483984.8862476,-19,67,23
1739483984.9322476,-36,-93,-50
1739483984.9782476,2,47,51
1739483985.0232477,21,0,2
1739483985.0692475,-81,105,-16
1739483985.1152475,0,4,35
1739483985.1612475,70,-46,-1
1739483985.2062476,12,42,-77
1739483985.2522476,-4,64,38
1739483985.2982476,-40,-69,12
1739483985.3432477,50,22,-78
1739483985.3892477,-23,-53,3
1739483985.4352477,23,14,4
1739483985.4802475,-7,-105,-44
1739483985.5262475,-1,-50,-24
1739483985.5722475,-107,-43,-65
1739483985.6182475,101,72,-111
1739483985.6632476,56,-90,-37
1739483985.7092476,33,-32,-114
1739483985.7552476,-14,-165,-46
1739483985.8002477,-27,77,-64
1739483985.8462474,59,-34,38
1739483985.8922474,-81,-109,75
1739483985.9382474,55,28,-126
1739483985.9832475,-86,-79,12
1739483986.0292475,14,-40,82
1739483986.0752475,-30,-81,24
1739483986.1202476,18,2,-130
1739483986.1662476,72,-12,26
1739483986.2122476,-23,-158,72
1739483986.2562475,-26,150,20
1739483986.3022475,8,-77,1
1739483986.3482475,-38,57,-57
1739483986.3942475,9,-5,9
1739483986.4392476,-53,-198,16
1739483986.4852476,29,15,-7
1739483986.5312476,42,-65,-99
1739483986.5762477,0,-60,-4
1739483986.6222477,29,-103,-2
1739483986.6682477,-29,-81,85
1739483986.7142477,-142,49,-62
1739483986.7592475,-2,-137,19
1739483986.8052475,-18,6,60
1739483986.8512475,2,-11,-101
1739483986.8962476,108,1,88
1739483986.9422476,81,-41,-35
1739483986.9882476,-45,-44,51
1739483987.0342476,54,50,-50
1739483987.0792477,-11,-153,-6
1739483987.1252477,-6,21,2
1739483987.1712475,-26,-55,-101
1739483987.2162476,-27,-21,-29
1739483987.2622476,-15,-125,-193
1739483987.3082476,-19,-139,-160
1739483987.3542476,-8,-17,42
1739483987.3992476,62,-36,28
1739483987.4452477,-59,-69,-46
1739483987.4912477,44,-136,-22
1739483987.5362475,45,-8,-4
1739483987.5822475,0,-35,-27
1739483987.6282475,18,-56,-64
1739483987.6742475,25,-58,-75
1739483987.7192476,42,80,18
1739483987.7652476,17,44,-65
1739483987.8112476,5,-6,-55
1739483987.8562477,51,-2,-30
1739483987.9022477,8,-24,-70
1739483987.9482474,-15,37,-60
1739483987.9942474,-58,11,-68
1739483988.0392475,-102,9,-31
1739483988.0852475,24,-64,-79
1739483988.1312475,45,-168,-133
1739483988.1762476,14,-84,-60
1739483988.2222476,-94,49,-47
1739483988.2682476,91,33,-66
1739483988.3142476,91,-26,64
1739483988.3592474,22,54,-42
1739483988.4052474,6,15,-65
1739483988.4512477,-49,-121,-30
1739483988.4962475,-3,3,150
1739483988.5422475,0,-30,8
1739483988.5882475,6,60,-88
1739483988.6342475,34,12,-107
1739483988.6792476,106,-6,38
1739483988.7252476,20,-34,-62
1739483988.7712476,9,46,13
1739483988.8162477,66,0,-9
1739483988.8622477,87,0,-122
1739483988.9082477,-31,9,-68
1739483988.9542477,31,-128,32
1739483988.9992476,-71,-63,25
1739483989.0452476,41,20,-54
1739483989.0912476,-14,-99,-86
1739483989.1362476,-77,-21,28
1739483989.1822476,-18,-211,-75
1739483989.2282476,22,-28,5
1739483989.2742476,-33,73,-9
1739483989.3192475,43,20,-122
1739483989.3652475,0,67,-121
1739483989.4112475,64,-80,-11
1739483989.4562476,5,-76,-38
1739483989.5022476,-64,-61,-24
1739483989.5482476,-23,-15,-35
1739483989.5942476,66,24,-110
1739483989.6392477,-8,17,-148
1739483989.6852477,13,-88,1
1739483989.7312477,-21,65,-27
1739483989.7762475,2,-6,-59
1739483989.8222475,-44,11,22
1739483989.8682475,3,-64,15
1739483989.9142475,-97,-109,-136
1739483989.9592476,-65,-11,2
1739483990.0052476,-15,-145,55
1739483990.0512476,28,-2,-22
1739483990.0962474,-3,23,113
1739483990.1422474,-57,-25,13
1739483990.1882474,8,112,-45
1739483990.2342474,19,-90,0
1739483990.2792475,-74,3,-81
1739483990.3252475,42,-74,-29
1739483990.3712475,-55,25,74
1739483990.4162476,-57,-71,-149
1739483990.4622476,-10,-19,51
1739483990.5082476,0,-152,-46
1739483990.5542476,8,-66,24
1739483990.5992477,26,54,-75
1739483990.6452477,-1,25,10
1739483990.6912477,-34,-71,-54
1739483990.7362475,3,43,-84
1739483990.7822475,-7,-83,2
1739483990.8282475,-23,-57,-48
1739483990.8742476,-78,-91,1
1739483990.9192476,-29,-67,-14
1739483990.9652476,30,-64,-29
1739483991.0112476,-23,-47,-34
1739483991.0562477,66,78,-144
1739483991.1022477,28,52,-66
1739483991.1482477,-17,-45,-25
1739483991.1942475,-20,-65,14
1739483991.2392476,-9,-63,2
1739483991.2852476,9,-74,-32
1739483991.3312476,-34,45,-38
1739483991.3762476,61,-118,-47
1739483991.4222476,14,66,-32
1739483991.4682477,36,30,15
1739483991.5142477,0,-26,91
1739483991.5592475,-15,9,24
1739483991.6052475,-52,47,12
1739483991.6512475,-29,55,-20
1739483991.6962476,15,-30,-122
1739483991.7422476,22,-16,47
1739483991.7882476,13,28,-85
1739483991.8342476,-42,-23,55
1739483991.8792477,-58,-127,-34
1739483991.9252477,75,-34,3
1739483991.9712474,0,-140,-95
1739483992.0162475,0,-96,58
1739483992.0622475,-35,-13,8
1739483992.1082475,39,-38,95
1739483992.1542475,-40,-137,-31
1739483992.1992476,60,-16,31
1739483992.2452476,-14,-23,-27
1739483992.2912476,-25,51,-135
1739483992.3362474,-60,17,-64
1739483992.3822474,-11,-35,41
1739483992.4282477,61,-76,-46
1739483992.4742477,-10,-43,-60
1739483992.5192475,13,74,-113
1739483992.5652475,-184,-5,-72
1739483992.6112475,47,-34,-36
1739483992.6562476,23,-22,-67
1739483992.7022476,0,41,45
1739483992.7482476,-37,43,-38
1739483992.7942476,41,-86,-59
1739483992.8392477,-46,-137,-10
1739483992.8852477,-64,-65,81
1739483992.9312477,32,-58,-54
1739483992.9762475,-11,-58,-87
1739483993.0222476,51,50,-63
1739483993.0682476,47,-196,-73
1739483993.1142476,-29,25,-49
1739483993.1592476,-32,33,-40
1739483993.2052476,48,-37,-20
1739483993.2512476,-26,9,-21
1739483993.2962475,-16,-94,38
1739483993.3422475,9,-57,-84
1739483993.3882475,29,-238,-64
1739483993.4342475,-18,-11,91
1739483993.4792476,40,116,-116
1739483993.5252476,-9,-13,-28
1739483993.5712476,-4,-75,-9
1739483993.6162477,-27,-10,-71
1739483993.6622477,-13,-60,26
1739483993.7082477,24,-175,-38
1739483993.7542477,18,-45,58
1739483993.7992475,-60,-26,15
1739483993.8452475,17,107,-36
1739483993.8912475,40,17,5
1739483993.9362476,-6,-146,-115
1739483993.9822476,15,29,-42
1739483994.0282476,35,-25,-22
1739483994.0742476,-12,-84,-72
1739483994.1192474,-73,-16,-29
1739483994.1652474,24,7,-48
1739483994.2162476,-42,24,24
1739483994.2622476,-118,8,-123
1739483994.3082476,47,-81,-80
1739483994.3542476,17,-113,-59
1739483994.3992476,-17,22,-8
1739483994.4452477,-12,-34,27
1739483994.4912477,53,-23,-22
1739483994.5362475,-39,-12,-120
1739483994.5822475,-39,-4,60
1739483994.6282475,-29,-40,-55
1739483994.6742475,15,23,-17
1739483994.7192476,65,0,-58
1739483994.7652476,12,19,-24
1739483994.8112476,-5,30,-76
1739483994.8562477,45,25,-143
1739483994.9022477,-45,18,5
1739483994.9482474,-49,-22,-40
1739483994.9942474,-35,-2,10
1739483995.0392475,36,-9,53
1739483995.0852475,-11,-44,-38
1739483995.1312475,-41,-108,-76
1739483995.1762476,49,45,-29
1739483995.2222476,3,15,-39
1739483995.2682476,12,55,-34
1739483995.3142476,5,-103,-25
1739483995.3592474,50,-105,-1
1739483995.4052474,21,27,-108
1739483995.4512475,-9,6,-54
1739483995.4962475,-25,44,70
1739483995.5422475,60,17,-67
1739483995.5882475,-84,-14,-61
1739483995.6342475,23,-83,-9
1739483995.6792476,46,73,-41
1739483995.7252476,-75,24,-51
1739483995.7712476,44,-57,-202
1739483995.8162475,14,61,-31
1739483995.8622475,28,21,-46
1739483995.9082475,23,-169,137
1739483995.9542475,-19,-6,-34
1739483995.9992476,9,23,28
1739483996.0452476,-46,-54,-56
1739483996.0912476,31,-11,-36
1739483996.1362476,15,45,-173
1739483996.1822476,-16,-46,-69
1739483996.2282476,1,-80,-27
1739483996.2742476,44,-27,-76
1739483996.3192475,10,-61,17
1739483996.3652475,41,-53,-67
1739483996.4112475,-6,-30,0
1739483996.4562476,72,-121,8
1739483996.5022476,34,-81,24
1739483996.5482476,112,21,121
1739483996.5942476,57,-21,-82
1739483996.6392477,72,-21,-67
1739483996.6852477,39,-29,-31
1739483996.7312477,12,-67,3
1739483996.7762475,36,-17,-58
1739483996.8222475,6,-85,-78
1739483996.8682475,-8,-92,-63
1739483996.9142475,-3,32,-21
1739483996.9592476,32,-121,48
1739483997.0052476,-18,-38,-63
1739483997.0512476,-95,-84,51
1739483997.0962474,-5,5,-52
1739483997.1422474,9,-38,-160
1739483997.1882474,14,-49,-42
1739483997.2342474,-31,-54,-78
1739483997.2792475,-42,-112,20
1739483997.3252475,14,-123,30
1739483997.3712475,-111,-112,6
1739483997.4162476,77,-99,-25
1739483997.4622476,31,23,-1
1739483997.5082476,-33,-108,55
1739483997.5542476,22,-41,-15
1739483997.5992475,-45,-22,-70
1739483997.6452475,-110,-38,10
1739483997.6912475,-30,-6,-74
1739483997.7362475,-19,-54,0
1739483997.7822475,26,-77,-28
1739483997.8282475,-4,-62,14
1739483997.8742476,24,-77,19
1739483997.9192476,-4,-48,-69
1739483997.9652476,-14,-2,-39
1739483998.0112476,80,-67,40
1739483998.0562475,73,23,-38
1739483998.1022475,4,-13,13
1739483998.1482475,80,-23,92
1739483998.1942475,29,-83,-20
1739483998.2392476,-13,36,-27
1739483998.2852476,-56,20,-18
1739483998.3312476,-60,-148,-60
1739483998.3762476,10,17,-243
1739483998.4222476,27,25,72
1739483998.4682477,68,1,0
1739483998.5142477,44,107,-39
1739483998.5592475,-22,-54,-88
1739483998.6052475,25,-11,5
1739483998.6512475,-69,-2,-113
1739483998.6962476,47,-119,-116
1739483998.7422476,-6,15,-16
1739483998.7882476,71,87,7
1739483998.8342476,-14,-58,-31
1739483998.8792477,-70,12,40
1739483998.9252477,9,14,-57
1739483998.9712474,-8,-56,89
1739483999.0162475,8,-24,-10
1739483999.0622475,41,89,-8
1739483999.1082475,35,-23,-142
1739483999.1542475,-55,-2,3
1739483999.1992476,-34,-32,-5
1739483999.2452476,-16,-8,-71
1739483999.2912476,34,-93,-48
1739483999.3362474,-9,-62,-37
1739483999.3822474,-2,-8,-95
1739483999.4282475,8,25,-1
1739483999.4742475,-5,-3,-82
1739483999.5192475,60,-7,-30
1739483999.5652475,2,-17,15
1739483999.6112475,22,-11,-25
1739483999.6562476,-68,-14,-3
1739483999.7022476,6,-23,-13
1739483999.7482476,70,25,74
1739483999.7942476,5,44,50
1739483999.8392475,24,-85,-10
1739483999.8852475,-39,10,14
1739483999.9312475,-63,2,17
1739483999.9762475,18,-41,63
